17A,
Longitud de onda,Absorbancia
3998.71156,-0.00054
3998.00357,-0.00054
3997.29558,-0.00054
3996.5876,-0.00054
3995.87961,-0.00054
3995.17162,-0.00054
3994.46363,-0.00054
3993.75565,-0.00054
3993.04766,-0.00054
3992.33967,-0.00054
3991.63169,-0.00055
3990.9237,-0.00055
3990.21571,-0.00056
3989.50772,-0.00056
3988.79974,-0.00057
3988.09175,-0.00057
3987.38376,-0.00058
3986.67578,-0.00059
3985.96779,-0.0006
3985.2598,-0.0006
3984.55181,-0.00061
3983.84383,-0.00061
3983.13584,-0.00062
3982.42785,-0.00062
3981.71987,-0.00063
3981.01188,-0.00063
3980.30389,-0.00063
3979.5959,-0.00063
3978.88792,-0.00063
3978.17993,-0.00062
3977.47194,-0.00062
3976.76396,-0.00061
3976.05597,-0.00061
3975.34798,-0.0006
3974.63999,-0.0006
3973.93201,-0.00059
3973.22402,-0.00058
3972.51603,-0.00058
3971.80805,-0.00057
3971.10006,-0.00057
3970.39207,-0.00056
3969.68408,-0.00056
3968.9761,-0.00056
3968.26811,-0.00055
3967.56012,-0.00055
3966.85213,-0.00055
3966.14415,-0.00055
3965.43616,-0.00055
3964.72817,-0.00055
3964.02019,-0.00055
3963.3122,-0.00055
3962.60421,-0.00055
3961.89622,-0.00056
3961.18824,-0.00056
3960.48025,-0.00056
3959.77226,-0.00056
3959.06428,-0.00056
3958.35629,-0.00056
3957.6483,-0.00056
3956.94031,-0.00056
3956.23233,-0.00056
3955.52434,-0.00056
3954.81635,-0.00057
3954.10837,-0.00057
3953.40038,-0.00057
3952.69239,-0.00058
3951.9844,-0.00058
3951.27642,-0.00059
3950.56843,-0.0006
3949.86044,-0.00061
3949.15246,-0.00062
3948.44447,-0.00063
3947.73648,-0.00064
3947.02849,-0.00066
3946.32051,-0.00067
3945.61252,-0.00069
3944.90453,-0.0007
3944.19655,-0.00072
3943.48856,-0.00073
3942.78057,-0.00075
3942.07258,-0.00076
3941.3646,-0.00077
3940.65661,-0.00079
3939.94862,-0.0008
3939.24064,-0.0008
3938.53265,-0.00081
3937.82466,-0.00082
3937.11667,-0.00082
3936.40869,-0.00083
3935.7007,-0.00083
3934.99271,-0.00083
3934.28472,-0.00084
3933.57674,-0.00084
3932.86875,-0.00084
3932.16076,-0.00084
3931.45278,-0.00084
3930.74479,-0.00084
3930.0368,-0.00084
3929.32881,-0.00084
3928.62083,-0.00084
3927.91284,-0.00083
3927.20485,-0.00083
3926.49687,-0.00083
3925.78888,-0.00083
3925.08089,-0.00082
3924.3729,-0.00082
3923.66492,-0.00081
3922.95693,-0.00081
3922.24894,-0.0008
3921.54096,-0.0008
3920.83297,-0.00079
3920.12498,-0.00078
3919.41699,-0.00077
3918.70901,-0.00077
3918.00102,-0.00076
3917.29303,-0.00075
3916.58505,-0.00075
3915.87706,-0.00074
3915.16907,-0.00074
3914.46108,-0.00073
3913.7531,-0.00073
3913.04511,-0.00073
3912.33712,-0.00073
3911.62914,-0.00073
3910.92115,-0.00073
3910.21316,-0.00073
3909.50517,-0.00074
3908.79719,-0.00074
3908.0892,-0.00075
3907.38121,-0.00076
3906.67323,-0.00077
3905.96524,-0.00078
3905.25725,-0.00079
3904.54926,-0.0008
3903.84128,-0.00081
3903.13329,-0.00082
3902.4253,-0.00082
3901.71731,-0.00083
3901.00933,-0.00084
3900.30134,-0.00085
3899.59335,-0.00085
3898.88537,-0.00085
3898.17738,-0.00085
3897.46939,-0.00085
3896.7614,-0.00085
3896.05342,-0.00085
3895.34543,-0.00085
3894.63744,-0.00085
3893.92946,-0.00084
3893.22147,-0.00084
3892.51348,-0.00084
3891.80549,-0.00083
3891.09751,-0.00083
3890.38952,-0.00083
3889.68153,-0.00082
3888.97355,-0.00082
3888.26556,-0.00082
3887.55757,-0.00082
3886.84958,-0.00082
3886.1416,-0.00082
3885.43361,-0.00082
3884.72562,-0.00083
3884.01764,-0.00083
3883.30965,-0.00083
3882.60166,-0.00084
3881.89367,-0.00084
3881.18569,-0.00085
3880.4777,-0.00086
3879.76971,-0.00086
3879.06173,-0.00087
3878.35374,-0.00088
3877.64575,-0.00088
3876.93776,-0.00089
3876.22978,-0.0009
3875.52179,-0.0009
3874.8138,-0.00091
3874.10582,-0.00092
3873.39783,-0.00093
3872.68984,-0.00093
3871.98185,-0.00094
3871.27387,-0.00095
3870.56588,-0.00095
3869.85789,-0.00096
3869.1499,-0.00096
3868.44192,-0.00096
3867.73393,-0.00097
3867.02594,-0.00097
3866.31796,-0.00097
3865.60997,-0.00097
3864.90198,-0.00096
3864.19399,-0.00096
3863.48601,-0.00096
3862.77802,-0.00095
3862.07003,-0.00094
3861.36205,-0.00094
3860.65406,-0.00093
3859.94607,-0.00092
3859.23808,-0.00091
3858.5301,-0.0009
3857.82211,-0.00088
3857.11412,-0.00087
3856.40614,-0.00086
3855.69815,-0.00085
3854.99016,-0.00084
3854.28217,-0.00083
3853.57419,-0.00082
3852.8662,-0.00081
3852.15821,-0.0008
3851.45023,-0.00079
3850.74224,-0.00079
3850.03425,-0.00078
3849.32626,-0.00078
3848.61828,-0.00078
3847.91029,-0.00078
3847.2023,-0.00078
3846.49432,-0.00078
3845.78633,-0.00078
3845.07834,-0.00079
3844.37035,-0.00079
3843.66237,-0.0008
3842.95438,-0.00081
3842.24639,-0.00082
3841.53841,-0.00083
3840.83042,-0.00084
3840.12243,-0.00085
3839.41444,-0.00086
3838.70646,-0.00087
3837.99847,-0.00088
3837.29048,-0.00088
3836.58249,-0.00089
3835.87451,-0.0009
3835.16652,-0.00091
3834.45853,-0.00092
3833.75055,-0.00092
3833.04256,-0.00093
3832.33457,-0.00093
3831.62658,-0.00093
3830.9186,-0.00093
3830.21061,-0.00094
3829.50262,-0.00093
3828.79464,-0.00093
3828.08665,-0.00093
3827.37866,-0.00093
3826.67067,-0.00092
3825.96269,-0.00092
3825.2547,-0.00092
3824.54671,-0.00091
3823.83873,-0.00091
3823.13074,-0.0009
3822.42275,-0.0009
3821.71476,-0.00089
3821.00678,-0.00089
3820.29879,-0.00088
3819.5908,-0.00088
3818.88282,-0.00088
3818.17483,-0.00088
3817.46684,-0.00087
3816.75885,-0.00087
3816.05087,-0.00087
3815.34288,-0.00088
3814.63489,-0.00088
3813.92691,-0.00088
3813.21892,-0.00088
3812.51093,-0.00089
3811.80294,-0.00089
3811.09496,-0.0009
3810.38697,-0.0009
3809.67898,-0.00091
3808.971,-0.00091
3808.26301,-0.00092
3807.55502,-0.00092
3806.84703,-0.00093
3806.13905,-0.00094
3805.43106,-0.00094
3804.72307,-0.00095
3804.01508,-0.00095
3803.3071,-0.00096
3802.59911,-0.00096
3801.89112,-0.00096
3801.18314,-0.00097
3800.47515,-0.00097
3799.76716,-0.00097
3799.05917,-0.00097
3798.35119,-0.00097
3797.6432,-0.00097
3796.93521,-0.00097
3796.22723,-0.00097
3795.51924,-0.00096
3794.81125,-0.00096
3794.10326,-0.00096
3793.39528,-0.00096
3792.68729,-0.00096
3791.9793,-0.00095
3791.27132,-0.00095
3790.56333,-0.00095
3789.85534,-0.00095
3789.14735,-0.00095
3788.43937,-0.00095
3787.73138,-0.00096
3787.02339,-0.00096
3786.31541,-0.00096
3785.60742,-0.00097
3784.89943,-0.00097
3784.19144,-0.00098
3783.48346,-0.00098
3782.77547,-0.00099
3782.06748,-0.00099
3781.3595,-0.001
3780.65151,-0.001
3779.94352,-0.00101
3779.23553,-0.00101
3778.52755,-0.00101
3777.81956,-0.00102
3777.11157,-0.00102
3776.40359,-0.00102
3775.6956,-0.00102
3774.98761,-0.00102
3774.27962,-0.00101
3773.57164,-0.00101
3772.86365,-0.00101
3772.15566,-0.001
3771.44767,-0.001
3770.73969,-0.001
3770.0317,-0.00099
3769.32371,-0.00099
3768.61573,-0.00099
3767.90774,-0.00099
3767.19975,-0.00099
3766.49176,-0.001
3765.78378,-0.001
3765.07579,-0.00101
3764.3678,-0.00101
3763.65982,-0.00102
3762.95183,-0.00103
3762.24384,-0.00105
3761.53585,-0.00106
3760.82787,-0.00107
3760.11988,-0.00109
3759.41189,-0.0011
3758.70391,-0.00112
3757.99592,-0.00113
3757.28793,-0.00115
3756.57994,-0.00117
3755.87196,-0.00118
3755.16397,-0.0012
3754.45598,-0.00121
3753.748,-0.00123
3753.04001,-0.00124
3752.33202,-0.00126
3751.62403,-0.00127
3750.91605,-0.00128
3750.20806,-0.00129
3749.50007,-0.00131
3748.79209,-0.00132
3748.0841,-0.00132
3747.37611,-0.00133
3746.66812,-0.00134
3745.96014,-0.00134
3745.25215,-0.00135
3744.54416,-0.00135
3743.83618,-0.00135
3743.12819,-0.00135
3742.4202,-0.00135
3741.71221,-0.00135
3741.00423,-0.00135
3740.29624,-0.00135
3739.58825,-0.00134
3738.88026,-0.00134
3738.17228,-0.00134
3737.46429,-0.00133
3736.7563,-0.00133
3736.04832,-0.00133
3735.34033,-0.00133
3734.63234,-0.00133
3733.92435,-0.00134
3733.21637,-0.00134
3732.50838,-0.00135
3731.80039,-0.00136
3731.09241,-0.00136
3730.38442,-0.00138
3729.67643,-0.00139
3728.96844,-0.0014
3728.26046,-0.00142
3727.55247,-0.00144
3726.84448,-0.00145
3726.1365,-0.00147
3725.42851,-0.00149
3724.72052,-0.00151
3724.01253,-0.00154
3723.30455,-0.00156
3722.59656,-0.00158
3721.88857,-0.0016
3721.18059,-0.00163
3720.4726,-0.00165
3719.76461,-0.00168
3719.05662,-0.0017
3718.34864,-0.00173
3717.64065,-0.00175
3716.93266,-0.00178
3716.22468,-0.0018
3715.51669,-0.00183
3714.8087,-0.00185
3714.10071,-0.00188
3713.39273,-0.0019
3712.68474,-0.00192
3711.97675,-0.00194
3711.26877,-0.00196
3710.56078,-0.00198
3709.85279,-0.002
3709.1448,-0.00202
3708.43682,-0.00204
3707.72883,-0.00206
3707.02084,-0.00208
3706.31285,-0.0021
3705.60487,-0.00212
3704.89688,-0.00214
3704.18889,-0.00216
3703.48091,-0.00218
3702.77292,-0.0022
3702.06493,-0.00222
3701.35694,-0.00224
3700.64896,-0.00227
3699.94097,-0.0023
3699.23298,-0.00232
3698.525,-0.00235
3697.81701,-0.00238
3697.10902,-0.00241
3696.40103,-0.00245
3695.69305,-0.00248
3694.98506,-0.00252
3694.27707,-0.00255
3693.56909,-0.00259
3692.8611,-0.00263
3692.15311,-0.00267
3691.44512,-0.00271
3690.73714,-0.00275
3690.02915,-0.00279
3689.32116,-0.00284
3688.61318,-0.00288
3687.90519,-0.00292
3687.1972,-0.00296
3686.48921,-0.003
3685.78123,-0.00305
3685.07324,-0.00309
3684.36525,-0.00313
3683.65727,-0.00317
3682.94928,-0.00322
3682.24129,-0.00326
3681.5333,-0.00331
3680.82532,-0.00336
3680.11733,-0.00341
3679.40934,-0.00346
3678.70136,-0.00352
3677.99337,-0.00358
3677.28538,-0.00364
3676.57739,-0.00371
3675.86941,-0.00378
3675.16142,-0.00386
3674.45343,-0.00394
3673.74544,-0.00402
3673.03746,-0.00411
3672.32947,-0.0042
3671.62148,-0.00429
3670.9135,-0.00438
3670.20551,-0.00448
3669.49752,-0.00457
3668.78953,-0.00467
3668.08155,-0.00477
3667.37356,-0.00487
3666.66557,-0.00496
3665.95759,-0.00506
3665.2496,-0.00516
3664.54161,-0.00525
3663.83362,-0.00535
3663.12564,-0.00545
3662.41765,-0.00554
3661.70966,-0.00564
3661.00168,-0.00573
3660.29369,-0.00583
3659.5857,-0.00593
3658.87771,-0.00603
3658.16973,-0.00613
3657.46174,-0.00623
3656.75375,-0.00633
3656.04577,-0.00644
3655.33778,-0.00654
3654.62979,-0.00665
3653.9218,-0.00675
3653.21382,-0.00686
3652.50583,-0.00697
3651.79784,-0.00708
3651.08986,-0.00719
3650.38187,-0.00729
3649.67388,-0.0074
3648.96589,-0.00751
3648.25791,-0.00762
3647.54992,-0.00772
3646.84193,-0.00783
3646.13395,-0.00793
3645.42596,-0.00803
3644.71797,-0.00813
3644.00998,-0.00823
3643.302,-0.00832
3642.59401,-0.00842
3641.88602,-0.00851
3641.17803,-0.0086
3640.47005,-0.00869
3639.76206,-0.00878
3639.05407,-0.00887
3638.34609,-0.00895
3637.6381,-0.00904
3636.93011,-0.00913
3636.22212,-0.00921
3635.51414,-0.00929
3634.80615,-0.00938
3634.09816,-0.00946
3633.39018,-0.00954
3632.68219,-0.00962
3631.9742,-0.00971
3631.26621,-0.00979
3630.55823,-0.00987
3629.85024,-0.00995
3629.14225,-0.01002
3628.43427,-0.0101
3627.72628,-0.01017
3627.01829,-0.01025
3626.3103,-0.01032
3625.60232,-0.01038
3624.89433,-0.01045
3624.18634,-0.01051
3623.47836,-0.01058
3622.77037,-0.01064
3622.06238,-0.01069
3621.35439,-0.01075
3620.64641,-0.0108
3619.93842,-0.01085
3619.23043,-0.0109
3618.52245,-0.01095
3617.81446,-0.011
3617.10647,-0.01105
3616.39848,-0.0111
3615.6905,-0.01115
3614.98251,-0.01119
3614.27452,-0.01124
3613.56654,-0.01128
3612.85855,-0.01132
3612.15056,-0.01137
3611.44257,-0.01141
3610.73459,-0.01145
3610.0266,-0.01149
3609.31861,-0.01153
3608.61063,-0.01156
3607.90264,-0.0116
3607.19465,-0.01163
3606.48666,-0.01166
3605.77868,-0.01169
3605.07069,-0.01172
3604.3627,-0.01174
3603.65471,-0.01177
3602.94673,-0.01179
3602.23874,-0.01182
3601.53075,-0.01184
3600.82277,-0.01186
3600.11478,-0.01188
3599.40679,-0.01189
3598.6988,-0.01191
3597.99082,-0.01193
3597.28283,-0.01195
3596.57484,-0.01196
3595.86686,-0.01198
3595.15887,-0.012
3594.45088,-0.01202
3593.74289,-0.01203
3593.03491,-0.01205
3592.32692,-0.01207
3591.61893,-0.01209
3590.91095,-0.01211
3590.20296,-0.01212
3589.49497,-0.01214
3588.78698,-0.01216
3588.079,-0.01218
3587.37101,-0.0122
3586.66302,-0.01222
3585.95504,-0.01223
3585.24705,-0.01225
3584.53906,-0.01227
3583.83107,-0.01229
3583.12309,-0.0123
3582.4151,-0.01232
3581.70711,-0.01234
3580.99913,-0.01236
3580.29114,-0.01237
3579.58315,-0.01239
3578.87516,-0.01241
3578.16718,-0.01243
3577.45919,-0.01245
3576.7512,-0.01247
3576.04322,-0.01249
3575.33523,-0.01252
3574.62724,-0.01254
3573.91925,-0.01256
3573.21127,-0.01259
3572.50328,-0.01261
3571.79529,-0.01264
3571.0873,-0.01266
3570.37932,-0.01269
3569.67133,-0.01271
3568.96334,-0.01274
3568.25536,-0.01276
3567.54737,-0.01278
3566.83938,-0.0128
3566.13139,-0.01282
3565.42341,-0.01284
3564.71542,-0.01286
3564.00743,-0.01288
3563.29945,-0.01289
3562.59146,-0.01291
3561.88347,-0.01292
3561.17548,-0.01293
3560.4675,-0.01295
3559.75951,-0.01296
3559.05152,-0.01297
3558.34354,-0.01298
3557.63555,-0.01299
3556.92756,-0.013
3556.21957,-0.01302
3555.51159,-0.01303
3554.8036,-0.01305
3554.09561,-0.01306
3553.38763,-0.01308
3552.67964,-0.0131
3551.97165,-0.01312
3551.26366,-0.01314
3550.55568,-0.01316
3549.84769,-0.01318
3549.1397,-0.0132
3548.43172,-0.01322
3547.72373,-0.01324
3547.01574,-0.01326
3546.30775,-0.01328
3545.59977,-0.0133
3544.89178,-0.01332
3544.18379,-0.01333
3543.47581,-0.01335
3542.76782,-0.01336
3542.05983,-0.01337
3541.35184,-0.01338
3540.64386,-0.01339
3539.93587,-0.0134
3539.22788,-0.0134
3538.51989,-0.01341
3537.81191,-0.01342
3537.10392,-0.01342
3536.39593,-0.01343
3535.68795,-0.01343
3534.97996,-0.01344
3534.27197,-0.01345
3533.56398,-0.01345
3532.856,-0.01346
3532.14801,-0.01347
3531.44002,-0.01348
3530.73204,-0.01349
3530.02405,-0.01351
3529.31606,-0.01352
3528.60807,-0.01354
3527.90009,-0.01355
3527.1921,-0.01357
3526.48411,-0.01359
3525.77613,-0.01361
3525.06814,-0.01362
3524.36015,-0.01364
3523.65216,-0.01366
3522.94418,-0.01368
3522.23619,-0.01369
3521.5282,-0.01371
3520.82022,-0.01372
3520.11223,-0.01373
3519.40424,-0.01375
3518.69625,-0.01376
3517.98827,-0.01377
3517.28028,-0.01378
3516.57229,-0.01379
3515.86431,-0.0138
3515.15632,-0.01381
3514.44833,-0.01382
3513.74034,-0.01383
3513.03236,-0.01385
3512.32437,-0.01386
3511.61638,-0.01387
3510.9084,-0.01389
3510.20041,-0.01391
3509.49242,-0.01392
3508.78443,-0.01394
3508.07645,-0.01396
3507.36846,-0.01398
3506.66047,-0.01401
3505.95248,-0.01403
3505.2445,-0.01406
3504.53651,-0.01408
3503.82852,-0.01411
3503.12054,-0.01414
3502.41255,-0.01417
3501.70456,-0.0142
3500.99657,-0.01422
3500.28859,-0.01425
3499.5806,-0.01428
3498.87261,-0.01431
3498.16463,-0.01434
3497.45664,-0.01437
3496.74865,-0.0144
3496.04066,-0.01443
3495.33268,-0.01446
3494.62469,-0.01448
3493.9167,-0.01451
3493.20872,-0.01453
3492.50073,-0.01456
3491.79274,-0.01458
3491.08475,-0.01461
3490.37677,-0.01463
3489.66878,-0.01466
3488.96079,-0.01469
3488.25281,-0.01471
3487.54482,-0.01474
3486.83683,-0.01477
3486.12884,-0.0148
3485.42086,-0.01483
3484.71287,-0.01486
3484.00488,-0.01489
3483.2969,-0.01492
3482.58891,-0.01495
3481.88092,-0.01499
3481.17293,-0.01502
3480.46495,-0.01505
3479.75696,-0.01508
3479.04897,-0.01511
3478.34099,-0.01515
3477.633,-0.01518
3476.92501,-0.01521
3476.21702,-0.01524
3475.50904,-0.01528
3474.80105,-0.01531
3474.09306,-0.01534
3473.38507,-0.01538
3472.67709,-0.01541
3471.9691,-0.01545
3471.26111,-0.01548
3470.55313,-0.01552
3469.84514,-0.01556
3469.13715,-0.0156
3468.42916,-0.01565
3467.72118,-0.01569
3467.01319,-0.01574
3466.3052,-0.01579
3465.59722,-0.01584
3464.88923,-0.01589
3464.18124,-0.01594
3463.47325,-0.01599
3462.76527,-0.01605
3462.05728,-0.0161
3461.34929,-0.01615
3460.64131,-0.01621
3459.93332,-0.01626
3459.22533,-0.01631
3458.51734,-0.01636
3457.80936,-0.01641
3457.10137,-0.01645
3456.39338,-0.0165
3455.6854,-0.01654
3454.97741,-0.01658
3454.26942,-0.01662
3453.56143,-0.01665
3452.85345,-0.01668
3452.14546,-0.01671
3451.43747,-0.01674
3450.72949,-0.01677
3450.0215,-0.0168
3449.31351,-0.01682
3448.60552,-0.01685
3447.89754,-0.01687
3447.18955,-0.0169
3446.48156,-0.01693
3445.77358,-0.01696
3445.06559,-0.01699
3444.3576,-0.01702
3443.64961,-0.01706
3442.94163,-0.0171
3442.23364,-0.01714
3441.52565,-0.01718
3440.81766,-0.01722
3440.10968,-0.01727
3439.40169,-0.01732
3438.6937,-0.01737
3437.98572,-0.01742
3437.27773,-0.01748
3436.56974,-0.01754
3435.86175,-0.01759
3435.15377,-0.01765
3434.44578,-0.01771
3433.73779,-0.01777
3433.02981,-0.01783
3432.32182,-0.01789
3431.61383,-0.01795
3430.90584,-0.01801
3430.19786,-0.01807
3429.48987,-0.01814
3428.78188,-0.0182
3428.0739,-0.01826
3427.36591,-0.01832
3426.65792,-0.01838
3425.94993,-0.01844
3425.24195,-0.01849
3424.53396,-0.01855
3423.82597,-0.01861
3423.11799,-0.01866
3422.41,-0.01872
3421.70201,-0.01877
3420.99402,-0.01882
3420.28604,-0.01887
3419.57805,-0.01892
3418.87006,-0.01896
3418.16208,-0.01901
3417.45409,-0.01905
3416.7461,-0.01909
3416.03811,-0.01914
3415.33013,-0.01918
3414.62214,-0.01922
3413.91415,-0.01926
3413.20617,-0.01929
3412.49818,-0.01933
3411.79019,-0.01937
3411.0822,-0.01941
3410.37422,-0.01945
3409.66623,-0.01949
3408.95824,-0.01953
3408.25025,-0.01957
3407.54227,-0.01962
3406.83428,-0.01966
3406.12629,-0.01971
3405.41831,-0.01975
3404.71032,-0.0198
3404.00233,-0.01985
3403.29434,-0.01989
3402.58636,-0.01994
3401.87837,-0.01999
3401.17038,-0.02004
3400.4624,-0.02008
3399.75441,-0.02013
3399.04642,-0.02017
3398.33843,-0.02022
3397.63045,-0.02026
3396.92246,-0.0203
3396.21447,-0.02034
3395.50649,-0.02038
3394.7985,-0.02041
3394.09051,-0.02044
3393.38252,-0.02048
3392.67454,-0.02051
3391.96655,-0.02054
3391.25856,-0.02056
3390.55058,-0.02059
3389.84259,-0.02062
3389.1346,-0.02064
3388.42661,-0.02067
3387.71863,-0.02069
3387.01064,-0.02071
3386.30265,-0.02074
3385.59467,-0.02076
3384.88668,-0.02078
3384.17869,-0.02081
3383.4707,-0.02083
3382.76272,-0.02085
3382.05473,-0.02088
3381.34674,-0.0209
3380.63876,-0.02092
3379.93077,-0.02095
3379.22278,-0.02097
3378.51479,-0.021
3377.80681,-0.02102
3377.09882,-0.02105
3376.39083,-0.02107
3375.68284,-0.0211
3374.97486,-0.02112
3374.26687,-0.02115
3373.55888,-0.02117
3372.8509,-0.0212
3372.14291,-0.02122
3371.43492,-0.02125
3370.72693,-0.02127
3370.01895,-0.0213
3369.31096,-0.02133
3368.60297,-0.02135
3367.89499,-0.02138
3367.187,-0.02141
3366.47901,-0.02143
3365.77102,-0.02146
3365.06304,-0.02148
3364.35505,-0.0215
3363.64706,-0.02153
3362.93908,-0.02155
3362.23109,-0.02157
3361.5231,-0.02158
3360.81511,-0.0216
3360.10713,-0.02161
3359.39914,-0.02162
3358.69115,-0.02164
3357.98317,-0.02164
3357.27518,-0.02165
3356.56719,-0.02166
3355.8592,-0.02167
3355.15122,-0.02168
3354.44323,-0.02168
3353.73524,-0.02169
3353.02726,-0.02169
3352.31927,-0.0217
3351.61128,-0.02171
3350.90329,-0.02171
3350.19531,-0.02172
3349.48732,-0.02172
3348.77933,-0.02172
3348.07135,-0.02172
3347.36336,-0.02173
3346.65537,-0.02173
3345.94738,-0.02172
3345.2394,-0.02172
3344.53141,-0.02171
3343.82342,-0.02171
3343.11543,-0.0217
3342.40745,-0.02169
3341.69946,-0.02168
3340.99147,-0.02167
3340.28349,-0.02166
3339.5755,-0.02164
3338.86751,-0.02163
3338.15952,-0.02162
3337.45154,-0.0216
3336.74355,-0.02159
3336.03556,-0.02158
3335.32758,-0.02156
3334.61959,-0.02155
3333.9116,-0.02154
3333.20361,-0.02153
3332.49563,-0.02151
3331.78764,-0.0215
3331.07965,-0.02149
3330.37167,-0.02148
3329.66368,-0.02147
3328.95569,-0.02146
3328.2477,-0.02145
3327.53972,-0.02144
3326.83173,-0.02144
3326.12374,-0.02143
3325.41576,-0.02142
3324.70777,-0.02141
3323.99978,-0.0214
3323.29179,-0.02139
3322.58381,-0.02138
3321.87582,-0.02137
3321.16783,-0.02136
3320.45985,-0.02135
3319.75186,-0.02134
3319.04387,-0.02133
3318.33588,-0.02131
3317.6279,-0.0213
3316.91991,-0.02128
3316.21192,-0.02126
3315.50394,-0.02124
3314.79595,-0.02122
3314.08796,-0.02119
3313.37997,-0.02117
3312.67199,-0.02114
3311.964,-0.02112
3311.25601,-0.02109
3310.54802,-0.02106
3309.84004,-0.02104
3309.13205,-0.02101
3308.42406,-0.02098
3307.71608,-0.02095
3307.00809,-0.02093
3306.3001,-0.0209
3305.59211,-0.02088
3304.88413,-0.02085
3304.17614,-0.02083
3303.46815,-0.0208
3302.76017,-0.02078
3302.05218,-0.02075
3301.34419,-0.02073
3300.6362,-0.02071
3299.92822,-0.02068
3299.22023,-0.02066
3298.51224,-0.02064
3297.80426,-0.02061
3297.09627,-0.02059
3296.38828,-0.02057
3295.68029,-0.02055
3294.97231,-0.02053
3294.26432,-0.02051
3293.55633,-0.0205
3292.84835,-0.02048
3292.14036,-0.02046
3291.43237,-0.02045
3290.72438,-0.02044
3290.0164,-0.02043
3289.30841,-0.02041
3288.60042,-0.02041
3287.89244,-0.0204
3287.18445,-0.02039
3286.47646,-0.02038
3285.76847,-0.02038
3285.06049,-0.02037
3284.3525,-0.02037
3283.64451,-0.02036
3282.93653,-0.02036
3282.22854,-0.02036
3281.52055,-0.02035
3280.81256,-0.02035
3280.10458,-0.02034
3279.39659,-0.02034
3278.6886,-0.02033
3277.98061,-0.02033
3277.27263,-0.02032
3276.56464,-0.02031
3275.85665,-0.0203
3275.14867,-0.0203
3274.44068,-0.02029
3273.73269,-0.02028
3273.0247,-0.02027
3272.31672,-0.02027
3271.60873,-0.02026
3270.90074,-0.02026
3270.19276,-0.02025
3269.48477,-0.02025
3268.77678,-0.02025
3268.06879,-0.02025
3267.36081,-0.02025
3266.65282,-0.02025
3265.94483,-0.02024
3265.23685,-0.02024
3264.52886,-0.02024
3263.82087,-0.02024
3263.11288,-0.02024
3262.4049,-0.02024
3261.69691,-0.02023
3260.98892,-0.02023
3260.28094,-0.02023
3259.57295,-0.02023
3258.86496,-0.02023
3258.15697,-0.02023
3257.44899,-0.02023
3256.741,-0.02023
3256.03301,-0.02023
3255.32503,-0.02023
3254.61704,-0.02023
3253.90905,-0.02024
3253.20106,-0.02024
3252.49308,-0.02024
3251.78509,-0.02024
3251.0771,-0.02025
3250.36912,-0.02025
3249.66113,-0.02025
3248.95314,-0.02025
3248.24515,-0.02025
3247.53717,-0.02025
3246.82918,-0.02025
3246.12119,-0.02025
3245.4132,-0.02025
3244.70522,-0.02025
3243.99723,-0.02025
3243.28924,-0.02025
3242.58126,-0.02025
3241.87327,-0.02025
3241.16528,-0.02026
3240.45729,-0.02026
3239.74931,-0.02026
3239.04132,-0.02027
3238.33333,-0.02027
3237.62535,-0.02027
3236.91736,-0.02028
3236.20937,-0.02028
3235.50138,-0.02028
3234.7934,-0.02028
3234.08541,-0.02028
3233.37742,-0.02028
3232.66944,-0.02028
3231.96145,-0.02027
3231.25346,-0.02027
3230.54547,-0.02026
3229.83749,-0.02025
3229.1295,-0.02024
3228.42151,-0.02023
3227.71353,-0.02022
3227.00554,-0.02021
3226.29755,-0.0202
3225.58956,-0.02019
3224.88158,-0.02017
3224.17359,-0.02016
3223.4656,-0.02015
3222.75762,-0.02014
3222.04963,-0.02013
3221.34164,-0.02013
3220.63365,-0.02012
3219.92567,-0.02011
3219.21768,-0.0201
3218.50969,-0.02009
3217.80171,-0.02008
3217.09372,-0.02007
3216.38573,-0.02005
3215.67774,-0.02004
3214.96976,-0.02002
3214.26177,-0.02
3213.55378,-0.01997
3212.84579,-0.01995
3212.13781,-0.01992
3211.42982,-0.01989
3210.72183,-0.01985
3210.01385,-0.01982
3209.30586,-0.01978
3208.59787,-0.01974
3207.88988,-0.0197
3207.1819,-0.01967
3206.47391,-0.01963
3205.76592,-0.01958
3205.05794,-0.01954
3204.34995,-0.0195
3203.64196,-0.01947
3202.93397,-0.01943
3202.22599,-0.01939
3201.518,-0.01935
3200.81001,-0.01932
3200.10203,-0.01928
3199.39404,-0.01925
3198.68605,-0.01921
3197.97806,-0.01918
3197.27008,-0.01915
3196.56209,-0.01912
3195.8541,-0.01909
3195.14612,-0.01905
3194.43813,-0.01902
3193.73014,-0.01899
3193.02215,-0.01896
3192.31417,-0.01892
3191.60618,-0.01889
3190.89819,-0.01885
3190.19021,-0.01881
3189.48222,-0.01877
3188.77423,-0.01873
3188.06624,-0.01868
3187.35826,-0.01863
3186.65027,-0.01859
3185.94228,-0.01853
3185.2343,-0.01848
3184.52631,-0.01843
3183.81832,-0.01837
3183.11033,-0.01831
3182.40235,-0.01825
3181.69436,-0.01819
3180.98637,-0.01812
3180.27838,-0.01806
3179.5704,-0.01799
3178.86241,-0.01792
3178.15442,-0.01785
3177.44644,-0.01778
3176.73845,-0.01771
3176.03046,-0.01763
3175.32247,-0.01755
3174.61449,-0.01748
3173.9065,-0.0174
3173.19851,-0.01732
3172.49053,-0.01724
3171.78254,-0.01716
3171.07455,-0.01708
3170.36656,-0.017
3169.65858,-0.01692
3168.95059,-0.01684
3168.2426,-0.01676
3167.53462,-0.01668
3166.82663,-0.01661
3166.11864,-0.01653
3165.41065,-0.01645
3164.70267,-0.01637
3163.99468,-0.0163
3163.28669,-0.01622
3162.57871,-0.01615
3161.87072,-0.01607
3161.16273,-0.01599
3160.45474,-0.01592
3159.74676,-0.01584
3159.03877,-0.01576
3158.33078,-0.01568
3157.6228,-0.0156
3156.91481,-0.01553
3156.20682,-0.01545
3155.49883,-0.01537
3154.79085,-0.01529
3154.08286,-0.01521
3153.37487,-0.01513
3152.66689,-0.01505
3151.9589,-0.01497
3151.25091,-0.01489
3150.54292,-0.01481
3149.83494,-0.01474
3149.12695,-0.01466
3148.41896,-0.01458
3147.71097,-0.01451
3147.00299,-0.01443
3146.295,-0.01435
3145.58701,-0.01428
3144.87903,-0.0142
3144.17104,-0.01412
3143.46305,-0.01405
3142.75506,-0.01397
3142.04708,-0.01389
3141.33909,-0.01381
3140.6311,-0.01373
3139.92312,-0.01365
3139.21513,-0.01357
3138.50714,-0.01348
3137.79915,-0.0134
3137.09117,-0.01331
3136.38318,-0.01323
3135.67519,-0.01315
3134.96721,-0.01306
3134.25922,-0.01297
3133.55123,-0.01289
3132.84324,-0.0128
3132.13526,-0.01272
3131.42727,-0.01264
3130.71928,-0.01255
3130.0113,-0.01247
3129.30331,-0.01238
3128.59532,-0.0123
3127.88733,-0.01222
3127.17935,-0.01213
3126.47136,-0.01205
3125.76337,-0.01196
3125.05539,-0.01188
3124.3474,-0.01179
3123.63941,-0.01171
3122.93142,-0.01162
3122.22344,-0.01153
3121.51545,-0.01144
3120.80746,-0.01136
3120.09948,-0.01127
3119.39149,-0.01118
3118.6835,-0.01109
3117.97551,-0.011
3117.26753,-0.01091
3116.55954,-0.01083
3115.85155,-0.01074
3115.14356,-0.01066
3114.43558,-0.01057
3113.72759,-0.01049
3113.0196,-0.01041
3112.31162,-0.01033
3111.60363,-0.01025
3110.89564,-0.01017
3110.18765,-0.01009
3109.47967,-0.01002
3108.77168,-0.00995
3108.06369,-0.00987
3107.35571,-0.0098
3106.64772,-0.00973
3105.93973,-0.00965
3105.23174,-0.00958
3104.52376,-0.00951
3103.81577,-0.00943
3103.10778,-0.00936
3102.3998,-0.00928
3101.69181,-0.00921
3100.98382,-0.00913
3100.27583,-0.00906
3099.56785,-0.00898
3098.85986,-0.0089
3098.15187,-0.00882
3097.44389,-0.00874
3096.7359,-0.00866
3096.02791,-0.00858
3095.31992,-0.0085
3094.61194,-0.00842
3093.90395,-0.00834
3093.19596,-0.00826
3092.48798,-0.00819
3091.77999,-0.00811
3091.072,-0.00804
3090.36401,-0.00796
3089.65603,-0.00789
3088.94804,-0.00782
3088.24005,-0.00776
3087.53207,-0.00769
3086.82408,-0.00763
3086.11609,-0.00756
3085.4081,-0.0075
3084.70012,-0.00744
3083.99213,-0.00738
3083.28414,-0.00732
3082.57615,-0.00726
3081.86817,-0.0072
3081.16018,-0.00714
3080.45219,-0.00709
3079.74421,-0.00703
3079.03622,-0.00697
3078.32823,-0.00691
3077.62024,-0.00685
3076.91226,-0.00679
3076.20427,-0.00673
3075.49628,-0.00667
3074.7883,-0.00661
3074.08031,-0.00655
3073.37232,-0.00649
3072.66433,-0.00643
3071.95635,-0.00637
3071.24836,-0.00631
3070.54037,-0.00625
3069.83239,-0.00619
3069.1244,-0.00613
3068.41641,-0.00607
3067.70842,-0.00601
3067.00044,-0.00594
3066.29245,-0.00588
3065.58446,-0.00582
3064.87648,-0.00576
3064.16849,-0.0057
3063.4605,-0.00564
3062.75251,-0.00558
3062.04453,-0.00552
3061.33654,-0.00546
3060.62855,-0.0054
3059.92057,-0.00535
3059.21258,-0.00529
3058.50459,-0.00523
3057.7966,-0.00517
3057.08862,-0.00512
3056.38063,-0.00506
3055.67264,-0.00501
3054.96466,-0.00495
3054.25667,-0.0049
3053.54868,-0.00485
3052.84069,-0.0048
3052.13271,-0.00475
3051.42472,-0.0047
3050.71673,-0.00465
3050.00874,-0.0046
3049.30076,-0.00455
3048.59277,-0.0045
3047.88478,-0.00445
3047.1768,-0.0044
3046.46881,-0.00435
3045.76082,-0.00431
3045.05283,-0.00425
3044.34485,-0.0042
3043.63686,-0.00415
3042.92887,-0.0041
3042.22089,-0.00404
3041.5129,-0.00399
3040.80491,-0.00393
3040.09692,-0.00387
3039.38894,-0.00382
3038.68095,-0.00376
3037.97296,-0.00369
3037.26498,-0.00363
3036.55699,-0.00357
3035.849,-0.00351
3035.14101,-0.00344
3034.43303,-0.00338
3033.72504,-0.00331
3033.01705,-0.00325
3032.30907,-0.00318
3031.60108,-0.00312
3030.89309,-0.00305
3030.1851,-0.00299
3029.47712,-0.00292
3028.76913,-0.00285
3028.06114,-0.00279
3027.35316,-0.00272
3026.64517,-0.00266
3025.93718,-0.00259
3025.22919,-0.00253
3024.52121,-0.00247
3023.81322,-0.0024
3023.10523,-0.00234
3022.39725,-0.00227
3021.68926,-0.00221
3020.98127,-0.00214
3020.27328,-0.00208
3019.5653,-0.00201
3018.85731,-0.00194
3018.14932,-0.00187
3017.44133,-0.0018
3016.73335,-0.00172
3016.02536,-0.00165
3015.31737,-0.00156
3014.60939,-0.00148
3013.9014,-0.00139
3013.19341,-0.0013
3012.48542,-0.00119
3011.77744,-0.00109
3011.06945,-0.00097
3010.36146,-0.00085
3009.65348,-0.00072
3008.94549,-0.00058
3008.2375,-0.00042
3007.52951,-0.00026
3006.82153,-8e-05
3006.11354,0.00011
3005.40555,0.00031
3004.69757,0.00053
3003.98958,0.00077
3003.28159,0.00103
3002.5736,0.0013
3001.86562,0.0016
3001.15763,0.00191
3000.44964,0.00225
2999.74166,0.00261
2999.03367,0.00299
2998.32568,0.0034
2997.61769,0.00383
2996.90971,0.00428
2996.20172,0.00476
2995.49373,0.00525
2994.78575,0.00577
2994.07776,0.00631
2993.36977,0.00687
2992.66178,0.00745
2991.9538,0.00803
2991.24581,0.00863
2990.53782,0.00922
2989.82984,0.00982
2989.12185,0.01041
2988.41386,0.01099
2987.70587,0.01154
2986.99789,0.01207
2986.2899,0.01256
2985.58191,0.01301
2984.87392,0.01341
2984.16594,0.01376
2983.45795,0.01404
2982.74996,0.01426
2982.04198,0.01442
2981.33399,0.0145
2980.626,0.01451
2979.91801,0.01445
2979.21003,0.01433
2978.50204,0.01415
2977.79405,0.01391
2977.08607,0.01362
2976.37808,0.01328
2975.67009,0.01291
2974.9621,0.01251
2974.25412,0.01208
2973.54613,0.01164
2972.83814,0.0112
2972.13016,0.01076
2971.42217,0.01032
2970.71418,0.00989
2970.00619,0.00948
2969.29821,0.00909
2968.59022,0.00872
2967.88223,0.00838
2967.17425,0.00806
2966.46626,0.00777
2965.75827,0.00751
2965.05028,0.00727
2964.3423,0.00705
2963.63431,0.00686
2962.92632,0.00668
2962.21834,0.00653
2961.51035,0.0064
2960.80236,0.00628
2960.09437,0.00619
2959.38639,0.00611
2958.6784,0.00605
2957.97041,0.006
2957.26243,0.00597
2956.55444,0.00595
2955.84645,0.00595
2955.13846,0.00596
2954.43048,0.00598
2953.72249,0.00601
2953.0145,0.00605
2952.30651,0.00609
2951.59853,0.00614
2950.89054,0.00619
2950.18255,0.00625
2949.47457,0.0063
2948.76658,0.00636
2948.05859,0.00642
2947.3506,0.00647
2946.64262,0.00653
2945.93463,0.00658
2945.22664,0.00663
2944.51866,0.00668
2943.81067,0.00673
2943.10268,0.00677
2942.39469,0.00682
2941.68671,0.00686
2940.97872,0.0069
2940.27073,0.00694
2939.56275,0.00697
2938.85476,0.007
2938.14677,0.00703
2937.43878,0.00706
2936.7308,0.00708
2936.02281,0.00709
2935.31482,0.0071
2934.60684,0.0071
2933.89885,0.0071
2933.19086,0.0071
2932.48287,0.00708
2931.77489,0.00707
2931.0669,0.00705
2930.35891,0.00702
2929.65093,0.007
2928.94294,0.00698
2928.23495,0.00695
2927.52696,0.00693
2926.81898,0.00691
2926.11099,0.0069
2925.403,0.00689
2924.69502,0.00689
2923.98703,0.0069
2923.27904,0.00691
2922.57105,0.00694
2921.86307,0.00697
2921.15508,0.00702
2920.44709,0.00707
2919.7391,0.00713
2919.03112,0.00721
2918.32313,0.00729
2917.61514,0.00738
2916.90716,0.00748
2916.19917,0.00759
2915.49118,0.0077
2914.78319,0.00782
2914.07521,0.00794
2913.36722,0.00806
2912.65923,0.00819
2911.95125,0.00832
2911.24326,0.00845
2910.53527,0.00858
2909.82728,0.0087
2909.1193,0.00881
2908.41131,0.00892
2907.70332,0.00902
2906.99534,0.00911
2906.28735,0.00919
2905.57936,0.00925
2904.87137,0.0093
2904.16339,0.00934
2903.4554,0.00937
2902.74741,0.00938
2902.03943,0.00938
2901.33144,0.00936
2900.62345,0.00934
2899.91546,0.0093
2899.20748,0.00926
2898.49949,0.00921
2897.7915,0.00915
2897.08352,0.00909
2896.37553,0.00903
2895.66754,0.00896
2894.95955,0.00889
2894.25157,0.00882
2893.54358,0.00874
2892.83559,0.00867
2892.12761,0.0086
2891.41962,0.00852
2890.71163,0.00845
2890.00364,0.00838
2889.29566,0.00831
2888.58767,0.00824
2887.87968,0.00817
2887.17169,0.00809
2886.46371,0.00802
2885.75572,0.00795
2885.04773,0.00788
2884.33975,0.00781
2883.63176,0.00774
2882.92377,0.00766
2882.21578,0.00759
2881.5078,0.00751
2880.79981,0.00743
2880.09182,0.00735
2879.38384,0.00727
2878.67585,0.00718
2877.96786,0.00709
2877.25987,0.007
2876.55189,0.00691
2875.8439,0.00682
2875.13591,0.00672
2874.42793,0.00662
2873.71994,0.00653
2873.01195,0.00643
2872.30396,0.00633
2871.59598,0.00623
2870.88799,0.00614
2870.18,0.00605
2869.47202,0.00595
2868.76403,0.00586
2868.05604,0.00577
2867.34805,0.00569
2866.64007,0.0056
2865.93208,0.00552
2865.22409,0.00544
2864.51611,0.00536
2863.80812,0.00528
2863.10013,0.0052
2862.39214,0.00513
2861.68416,0.00506
2860.97617,0.00499
2860.26818,0.00492
2859.5602,0.00486
2858.85221,0.0048
2858.14422,0.00475
2857.43623,0.00469
2856.72825,0.00464
2856.02026,0.0046
2855.31227,0.00455
2854.60428,0.00451
2853.8963,0.00447
2853.18831,0.00443
2852.48032,0.00439
2851.77234,0.00436
2851.06435,0.00433
2850.35636,0.0043
2849.64837,0.00427
2848.94039,0.00425
2848.2324,0.00423
2847.52441,0.00421
2846.81643,0.00419
2846.10844,0.00417
2845.40045,0.00415
2844.69246,0.00414
2843.98448,0.00412
2843.27649,0.0041
2842.5685,0.00409
2841.86052,0.00407
2841.15253,0.00405
2840.44454,0.00403
2839.73655,0.00401
2839.02857,0.00399
2838.32058,0.00397
2837.61259,0.00395
2836.90461,0.00392
2836.19662,0.0039
2835.48863,0.00388
2834.78064,0.00386
2834.07266,0.00384
2833.36467,0.00381
2832.65668,0.00379
2831.9487,0.00376
2831.24071,0.00374
2830.53272,0.00371
2829.82473,0.00368
2829.11675,0.00366
2828.40876,0.00363
2827.70077,0.0036
2826.99279,0.00357
2826.2848,0.00355
2825.57681,0.00352
2824.86882,0.00349
2824.16084,0.00347
2823.45285,0.00345
2822.74486,0.00343
2822.03687,0.00341
2821.32889,0.00339
2820.6209,0.00337
2819.91291,0.00335
2819.20493,0.00334
2818.49694,0.00333
2817.78895,0.00331
2817.08096,0.0033
2816.37298,0.00328
2815.66499,0.00327
2814.957,0.00325
2814.24902,0.00323
2813.54103,0.00321
2812.83304,0.00319
2812.12505,0.00316
2811.41707,0.00314
2810.70908,0.00311
2810.00109,0.00308
2809.29311,0.00305
2808.58512,0.00302
2807.87713,0.00299
2807.16914,0.00296
2806.46116,0.00294
2805.75317,0.00291
2805.04518,0.00288
2804.3372,0.00286
2803.62921,0.00284
2802.92122,0.00282
2802.21323,0.00279
2801.50525,0.00277
2800.79726,0.00275
2800.08927,0.00273
2799.38129,0.00271
2798.6733,0.00269
2797.96531,0.00266
2797.25732,0.00264
2796.54934,0.00261
2795.84135,0.00259
2795.13336,0.00256
2794.42538,0.00254
2793.71739,0.00251
2793.0094,0.00249
2792.30141,0.00246
2791.59343,0.00244
2790.88544,0.00241
2790.17745,0.00239
2789.46946,0.00237
2788.76148,0.00235
2788.05349,0.00233
2787.3455,0.00232
2786.63752,0.0023
2785.92953,0.00229
2785.22154,0.00228
2784.51355,0.00227
2783.80557,0.00226
2783.09758,0.00226
2782.38959,0.00226
2781.68161,0.00226
2780.97362,0.00227
2780.26563,0.00227
2779.55764,0.00228
2778.84966,0.00228
2778.14167,0.00229
2777.43368,0.00229
2776.7257,0.00229
2776.01771,0.00229
2775.30972,0.00229
2774.60173,0.00229
2773.89375,0.00228
2773.18576,0.00228
2772.47777,0.00227
2771.76979,0.00227
2771.0618,0.00227
2770.35381,0.00226
2769.64582,0.00226
2768.93784,0.00225
2768.22985,0.00225
2767.52186,0.00225
2766.81388,0.00225
2766.10589,0.00224
2765.3979,0.00224
2764.68991,0.00224
2763.98193,0.00223
2763.27394,0.00222
2762.56595,0.00222
2761.85797,0.00221
2761.14998,0.0022
2760.44199,0.00219
2759.734,0.00218
2759.02602,0.00217
2758.31803,0.00216
2757.61004,0.00215
2756.90205,0.00214
2756.19407,0.00213
2755.48608,0.00212
2754.77809,0.00211
2754.07011,0.00211
2753.36212,0.0021
2752.65413,0.0021
2751.94614,0.0021
2751.23816,0.0021
2750.53017,0.0021
2749.82218,0.0021
2749.1142,0.0021
2748.40621,0.0021
2747.69822,0.0021
2746.99023,0.0021
2746.28225,0.0021
2745.57426,0.00209
2744.86627,0.00209
2744.15829,0.00209
2743.4503,0.00209
2742.74231,0.00208
2742.03432,0.00208
2741.32634,0.00207
2740.61835,0.00207
2739.91036,0.00206
2739.20238,0.00206
2738.49439,0.00205
2737.7864,0.00204
2737.07841,0.00204
2736.37043,0.00203
2735.66244,0.00202
2734.95445,0.00202
2734.24647,0.00201
2733.53848,0.002
2732.83049,0.00199
2732.1225,0.00198
2731.41452,0.00197
2730.70653,0.00196
2729.99854,0.00195
2729.29056,0.00194
2728.58257,0.00192
2727.87458,0.0019
2727.16659,0.00189
2726.45861,0.00187
2725.75062,0.00185
2725.04263,0.00183
2724.33464,0.00181
2723.62666,0.00179
2722.91867,0.00177
2722.21068,0.00175
2721.5027,0.00173
2720.79471,0.00172
2720.08672,0.0017
2719.37873,0.00169
2718.67075,0.00168
2717.96276,0.00167
2717.25477,0.00166
2716.54679,0.00165
2715.8388,0.00164
2715.13081,0.00164
2714.42282,0.00163
2713.71484,0.00162
2713.00685,0.00161
2712.29886,0.00161
2711.59088,0.0016
2710.88289,0.00159
2710.1749,0.00159
2709.46691,0.00158
2708.75893,0.00157
2708.05094,0.00156
2707.34295,0.00155
2706.63497,0.00154
2705.92698,0.00154
2705.21899,0.00153
2704.511,0.00152
2703.80302,0.00151
2703.09503,0.0015
2702.38704,0.00149
2701.67906,0.00148
2700.97107,0.00148
2700.26308,0.00147
2699.55509,0.00147
2698.84711,0.00146
2698.13912,0.00146
2697.43113,0.00145
2696.72315,0.00145
2696.01516,0.00144
2695.30717,0.00143
2694.59918,0.00143
2693.8912,0.00142
2693.18321,0.00141
2692.47522,0.0014
2691.76723,0.00139
2691.05925,0.00138
2690.35126,0.00138
2689.64327,0.00137
2688.93529,0.00136
2688.2273,0.00135
2687.51931,0.00135
2686.81132,0.00134
2686.10334,0.00133
2685.39535,0.00133
2684.68736,0.00132
2683.97938,0.00131
2683.27139,0.00131
2682.5634,0.0013
2681.85541,0.00129
2681.14743,0.00128
2680.43944,0.00127
2679.73145,0.00126
2679.02347,0.00124
2678.31548,0.00123
2677.60749,0.00122
2676.8995,0.00121
2676.19152,0.0012
2675.48353,0.00118
2674.77554,0.00117
2674.06756,0.00116
2673.35957,0.00115
2672.65158,0.00114
2671.94359,0.00113
2671.23561,0.00112
2670.52762,0.00111
2669.81963,0.0011
2669.11165,0.00109
2668.40366,0.00108
2667.69567,0.00107
2666.98768,0.00106
2666.2797,0.00105
2665.57171,0.00104
2664.86372,0.00103
2664.15574,0.00102
2663.44775,0.00102
2662.73976,0.00101
2662.03177,0.001
2661.32379,0.00099
2660.6158,0.00099
2659.90781,0.00098
2659.19982,0.00097
2658.49184,0.00096
2657.78385,0.00095
2657.07586,0.00094
2656.36788,0.00093
2655.65989,0.00092
2654.9519,0.00091
2654.24391,0.0009
2653.53593,0.0009
2652.82794,0.00089
2652.11995,0.00088
2651.41197,0.00088
2650.70398,0.00088
2649.99599,0.00088
2649.288,0.00088
2648.58002,0.00088
2647.87203,0.00088
2647.16404,0.00088
2646.45606,0.00088
2645.74807,0.00089
2645.04008,0.00089
2644.33209,0.00089
2643.62411,0.00089
2642.91612,0.0009
2642.20813,0.0009
2641.50015,0.0009
2640.79216,0.0009
2640.08417,0.0009
2639.37618,0.00089
2638.6682,0.00089
2637.96021,0.00089
2637.25222,0.00089
2636.54424,0.00088
2635.83625,0.00088
2635.12826,0.00088
2634.42027,0.00087
2633.71229,0.00086
2633.0043,0.00086
2632.29631,0.00085
2631.58833,0.00084
2630.88034,0.00083
2630.17235,0.00082
2629.46436,0.00081
2628.75638,0.0008
2628.04839,0.00078
2627.3404,0.00077
2626.63241,0.00076
2625.92443,0.00075
2625.21644,0.00075
2624.50845,0.00074
2623.80047,0.00073
2623.09248,0.00073
2622.38449,0.00072
2621.6765,0.00072
2620.96852,0.00071
2620.26053,0.00071
2619.55254,0.0007
2618.84456,0.0007
2618.13657,0.00069
2617.42858,0.00068
2616.72059,0.00067
2616.01261,0.00066
2615.30462,0.00065
2614.59663,0.00064
2613.88865,0.00062
2613.18066,0.00061
2612.47267,0.00059
2611.76468,0.00057
2611.0567,0.00056
2610.34871,0.00054
2609.64072,0.00052
2608.93274,0.0005
2608.22475,0.00049
2607.51676,0.00047
2606.80877,0.00046
2606.10079,0.00045
2605.3928,0.00044
2604.68481,0.00043
2603.97683,0.00043
2603.26884,0.00043
2602.56085,0.00043
2601.85286,0.00043
2601.14488,0.00044
2600.43689,0.00044
2599.7289,0.00045
2599.02092,0.00046
2598.31293,0.00047
2597.60494,0.00048
2596.89695,0.00049
2596.18897,0.00049
2595.48098,0.0005
2594.77299,0.00051
2594.065,0.00051
2593.35702,0.00052
2592.64903,0.00052
2591.94104,0.00053
2591.23306,0.00053
2590.52507,0.00053
2589.81708,0.00052
2589.10909,0.00052
2588.40111,0.00051
2587.69312,0.0005
2586.98513,0.00049
2586.27715,0.00047
2585.56916,0.00046
2584.86117,0.00044
2584.15318,0.00042
2583.4452,0.0004
2582.73721,0.00039
2582.02922,0.00038
2581.32124,0.00037
2580.61325,0.00037
2579.90526,0.00037
2579.19727,0.00038
2578.48929,0.00039
2577.7813,0.0004
2577.07331,0.00042
2576.36533,0.00044
2575.65734,0.00046
2574.94935,0.00048
2574.24136,0.0005
2573.53338,0.00051
2572.82539,0.00053
2572.1174,0.00054
2571.40942,0.00054
2570.70143,0.00054
2569.99344,0.00054
2569.28545,0.00053
2568.57747,0.00052
2567.86948,0.00051
2567.16149,0.0005
2566.45351,0.00049
2565.74552,0.00048
2565.03753,0.00047
2564.32954,0.00046
2563.62156,0.00045
2562.91357,0.00044
2562.20558,0.00043
2561.49759,0.00043
2560.78961,0.00042
2560.08162,0.00041
2559.37363,0.00041
2558.66565,0.0004
2557.95766,0.00039
2557.24967,0.00039
2556.54168,0.00038
2555.8337,0.00038
2555.12571,0.00037
2554.41772,0.00036
2553.70974,0.00036
2553.00175,0.00035
2552.29376,0.00035
2551.58577,0.00035
2550.87779,0.00035
2550.1698,0.00035
2549.46181,0.00036
2548.75383,0.00036
2548.04584,0.00037
2547.33785,0.00039
2546.62986,0.0004
2545.92188,0.00042
2545.21389,0.00044
2544.5059,0.00046
2543.79792,0.00048
2543.08993,0.0005
2542.38194,0.00052
2541.67395,0.00054
2540.96597,0.00056
2540.25798,0.00057
2539.54999,0.00059
2538.84201,0.0006
2538.13402,0.00061
2537.42603,0.00062
2536.71804,0.00063
2536.01006,0.00063
2535.30207,0.00063
2534.59408,0.00063
2533.8861,0.00062
2533.17811,0.00061
2532.47012,0.0006
2531.76213,0.00059
2531.05415,0.00057
2530.34616,0.00056
2529.63817,0.00054
2528.93018,0.00053
2528.2222,0.00051
2527.51421,0.0005
2526.80622,0.00049
2526.09824,0.00048
2525.39025,0.00047
2524.68226,0.00047
2523.97427,0.00046
2523.26629,0.00046
2522.5583,0.00046
2521.85031,0.00046
2521.14233,0.00046
2520.43434,0.00046
2519.72635,0.00046
2519.01836,0.00047
2518.31038,0.00047
2517.60239,0.00048
2516.8944,0.00048
2516.18642,0.00049
2515.47843,0.00049
2514.77044,0.00049
2514.06245,0.00049
2513.35447,0.00049
2512.64648,0.00049
2511.93849,0.00048
2511.23051,0.00047
2510.52252,0.00046
2509.81453,0.00045
2509.10654,0.00044
2508.39856,0.00043
2507.69057,0.00042
2506.98258,0.00041
2506.2746,0.00041
2505.56661,0.0004
2504.85862,0.0004
2504.15063,0.0004
2503.44265,0.0004
2502.73466,0.0004
2502.02667,0.0004
2501.31869,0.00041
2500.6107,0.00041
2499.90271,0.00041
2499.19472,0.00041
2498.48674,0.00041
2497.77875,0.00041
2497.07076,0.00041
2496.36277,0.0004
2495.65479,0.0004
2494.9468,0.0004
2494.23881,0.00039
2493.53083,0.00039
2492.82284,0.00038
2492.11485,0.00037
2491.40686,0.00037
2490.69888,0.00036
2489.99089,0.00035
2489.2829,0.00034
2488.57492,0.00032
2487.86693,0.00031
2487.15894,0.00029
2486.45095,0.00027
2485.74297,0.00026
2485.03498,0.00024
2484.32699,0.00022
2483.61901,0.0002
2482.91102,0.00019
2482.20303,0.00017
2481.49504,0.00016
2480.78706,0.00015
2480.07907,0.00015
2479.37108,0.00014
2478.6631,0.00014
2477.95511,0.00014
2477.24712,0.00014
2476.53913,0.00014
2475.83115,0.00014
2475.12316,0.00014
2474.41517,0.00013
2473.70719,0.00013
2472.9992,0.00012
2472.29121,0.00011
2471.58322,0.0001
2470.87524,9e-05
2470.16725,7e-05
2469.45926,6e-05
2468.75128,4e-05
2468.04329,2e-05
2467.3353,0.0
2466.62731,-2e-05
2465.91933,-4e-05
2465.21134,-6e-05
2464.50335,-7e-05
2463.79536,-9e-05
2463.08738,-0.00011
2462.37939,-0.00012
2461.6714,-0.00013
2460.96342,-0.00014
2460.25543,-0.00014
2459.54744,-0.00015
2458.83945,-0.00015
2458.13147,-0.00015
2457.42348,-0.00016
2456.71549,-0.00016
2456.00751,-0.00016
2455.29952,-0.00017
2454.59153,-0.00017
2453.88354,-0.00018
2453.17556,-0.00019
2452.46757,-0.00019
2451.75958,-0.0002
2451.0516,-0.00021
2450.34361,-0.00021
2449.63562,-0.00022
2448.92763,-0.00022
2448.21965,-0.00022
2447.51166,-0.00022
2446.80367,-0.00022
2446.09569,-0.00022
2445.3877,-0.00022
2444.67971,-0.00023
2443.97172,-0.00023
2443.26374,-0.00024
2442.55575,-0.00025
2441.84776,-0.00025
2441.13978,-0.00026
2440.43179,-0.00027
2439.7238,-0.00028
2439.01581,-0.00028
2438.30783,-0.00029
2437.59984,-0.00029
2436.89185,-0.00029
2436.18387,-0.00029
2435.47588,-0.00028
2434.76789,-0.00028
2434.0599,-0.00027
2433.35192,-0.00026
2432.64393,-0.00025
2431.93594,-0.00024
2431.22795,-0.00024
2430.51997,-0.00023
2429.81198,-0.00022
2429.10399,-0.00021
2428.39601,-0.00021
2427.68802,-0.0002
2426.98003,-0.00019
2426.27204,-0.00019
2425.56406,-0.00018
2424.85607,-0.00017
2424.14808,-0.00016
2423.4401,-0.00015
2422.73211,-0.00014
2422.02412,-0.00013
2421.31613,-0.00012
2420.60815,-0.00011
2419.90016,-9e-05
2419.19217,-8e-05
2418.48419,-7e-05
2417.7762,-6e-05
2417.06821,-5e-05
2416.36022,-5e-05
2415.65224,-4e-05
2414.94425,-4e-05
2414.23626,-4e-05
2413.52828,-4e-05
2412.82029,-4e-05
2412.1123,-4e-05
2411.40431,-5e-05
2410.69633,-6e-05
2409.98834,-7e-05
2409.28035,-9e-05
2408.57237,-0.0001
2407.86438,-0.00012
2407.15639,-0.00014
2406.4484,-0.00015
2405.74042,-0.00017
2405.03243,-0.00019
2404.32444,-0.0002
2403.61646,-0.00021
2402.90847,-0.00023
2402.20048,-0.00024
2401.49249,-0.00025
2400.78451,-0.00026
2400.07652,-0.00027
2399.36853,-0.00028
2398.66054,-0.00029
2397.95256,-0.0003
2397.24457,-0.00031
2396.53658,-0.00033
2395.8286,-0.00034
2395.12061,-0.00035
2394.41262,-0.00036
2393.70463,-0.00037
2392.99665,-0.00039
2392.28866,-0.0004
2391.58067,-0.00041
2390.87269,-0.00042
2390.1647,-0.00044
2389.45671,-0.00045
2388.74872,-0.00046
2388.04074,-0.00048
2387.33275,-0.00049
2386.62476,-0.0005
2385.91678,-0.00052
2385.20879,-0.00053
2384.5008,-0.00055
2383.79281,-0.00056
2383.08483,-0.00058
2382.37684,-0.0006
2381.66885,-0.00062
2380.96087,-0.00063
2380.25288,-0.00065
2379.54489,-0.00067
2378.8369,-0.00069
2378.12892,-0.00072
2377.42093,-0.00074
2376.71294,-0.00076
2376.00496,-0.00078
2375.29697,-0.0008
2374.58898,-0.00082
2373.88099,-0.00084
2373.17301,-0.00085
2372.46502,-0.00087
2371.75703,-0.00088
2371.04905,-0.00089
2370.34106,-0.0009
2369.63307,-0.00091
2368.92508,-0.00092
2368.2171,-0.00092
2367.50911,-0.00092
2366.80112,-0.00092
2366.09313,-0.00092
2365.38515,-0.00092
2364.67716,-0.00091
2363.96917,-0.0009
2363.26119,-0.00089
2362.5532,-0.00088
2361.84521,-0.00087
2361.13722,-0.00085
2360.42924,-0.00083
2359.72125,-0.00082
2359.01326,-0.0008
2358.30528,-0.00077
2357.59729,-0.00075
2356.8893,-0.00072
2356.18131,-0.0007
2355.47333,-0.00067
2354.76534,-0.00064
2354.05735,-0.00061
2353.34937,-0.00058
2352.64138,-0.00055
2351.93339,-0.00052
2351.2254,-0.00049
2350.51742,-0.00046
2349.80943,-0.00043
2349.10144,-0.00041
2348.39346,-0.00039
2347.68547,-0.00037
2346.97748,-0.00035
2346.26949,-0.00033
2345.56151,-0.00032
2344.85352,-0.00031
2344.14553,-0.0003
2343.43755,-0.0003
2342.72956,-0.0003
2342.02157,-0.00031
2341.31358,-0.00031
2340.6056,-0.00032
2339.89761,-0.00034
2339.18962,-0.00036
2338.48164,-0.00038
2337.77365,-0.0004
2337.06566,-0.00043
2336.35767,-0.00045
2335.64969,-0.00048
2334.9417,-0.00052
2334.23371,-0.00055
2333.52572,-0.00058
2332.81774,-0.00062
2332.10975,-0.00065
2331.40176,-0.00069
2330.69378,-0.00072
2329.98579,-0.00075
2329.2778,-0.00079
2328.56981,-0.00082
2327.86183,-0.00084
2327.15384,-0.00087
2326.44585,-0.0009
2325.73787,-0.00092
2325.02988,-0.00094
2324.32189,-0.00096
2323.6139,-0.00098
2322.90592,-0.001
2322.19793,-0.00101
2321.48994,-0.00102
2320.78196,-0.00103
2320.07397,-0.00104
2319.36598,-0.00105
2318.65799,-0.00105
2317.95001,-0.00106
2317.24202,-0.00106
2316.53403,-0.00106
2315.82605,-0.00106
2315.11806,-0.00105
2314.41007,-0.00105
2313.70208,-0.00104
2312.9941,-0.00103
2312.28611,-0.00103
2311.57812,-0.00102
2310.87014,-0.00101
2310.16215,-0.001
2309.45416,-0.00099
2308.74617,-0.00098
2308.03819,-0.00097
2307.3302,-0.00096
2306.62221,-0.00095
2305.91423,-0.00094
2305.20624,-0.00093
2304.49825,-0.00092
2303.79026,-0.00091
2303.08228,-0.0009
2302.37429,-0.00089
2301.6663,-0.00089
2300.95831,-0.00088
2300.25033,-0.00087
2299.54234,-0.00086
2298.83435,-0.00085
2298.12637,-0.00085
2297.41838,-0.00084
2296.71039,-0.00083
2296.0024,-0.00083
2295.29442,-0.00082
2294.58643,-0.00082
2293.87844,-0.00082
2293.17046,-0.00081
2292.46247,-0.00081
2291.75448,-0.00081
2291.04649,-0.00081
2290.33851,-0.00081
2289.63052,-0.00082
2288.92253,-0.00082
2288.21455,-0.00082
2287.50656,-0.00083
2286.79857,-0.00084
2286.09058,-0.00084
2285.3826,-0.00085
2284.67461,-0.00086
2283.96662,-0.00087
2283.25864,-0.00088
2282.55065,-0.00089
2281.84266,-0.0009
2281.13467,-0.00091
2280.42669,-0.00093
2279.7187,-0.00094
2279.01071,-0.00095
2278.30273,-0.00096
2277.59474,-0.00097
2276.88675,-0.00098
2276.17876,-0.00099
2275.47078,-0.001
2274.76279,-0.00101
2274.0548,-0.00102
2273.34682,-0.00103
2272.63883,-0.00103
2271.93084,-0.00104
2271.22285,-0.00104
2270.51487,-0.00105
2269.80688,-0.00105
2269.09889,-0.00106
2268.3909,-0.00106
2267.68292,-0.00106
2266.97493,-0.00106
2266.26694,-0.00107
2265.55896,-0.00107
2264.85097,-0.00107
2264.14298,-0.00107
2263.43499,-0.00107
2262.72701,-0.00107
2262.01902,-0.00107
2261.31103,-0.00106
2260.60305,-0.00106
2259.89506,-0.00106
2259.18707,-0.00105
2258.47908,-0.00104
2257.7711,-0.00104
2257.06311,-0.00103
2256.35512,-0.00102
2255.64714,-0.00101
2254.93915,-0.00099
2254.23116,-0.00098
2253.52317,-0.00096
2252.81519,-0.00095
2252.1072,-0.00093
2251.39921,-0.00091
2250.69123,-0.00089
2249.98324,-0.00087
2249.27525,-0.00085
2248.56726,-0.00082
2247.85928,-0.0008
2247.15129,-0.00078
2246.4433,-0.00077
2245.73532,-0.00075
2245.02733,-0.00073
2244.31934,-0.00072
2243.61135,-0.0007
2242.90337,-0.00068
2242.19538,-0.00067
2241.48739,-0.00065
2240.77941,-0.00063
2240.07142,-0.00062
2239.36343,-0.0006
2238.65544,-0.00058
2237.94746,-0.00057
2237.23947,-0.00056
2236.53148,-0.00055
2235.82349,-0.00054
2235.11551,-0.00054
2234.40752,-0.00055
2233.69953,-0.00056
2232.99155,-0.00058
2232.28356,-0.00061
2231.57557,-0.00064
2230.86758,-0.00068
2230.1596,-0.00072
2229.45161,-0.00077
2228.74362,-0.00083
2228.03564,-0.00088
2227.32765,-0.00094
2226.61966,-0.00099
2225.91167,-0.00105
2225.20369,-0.00109
2224.4957,-0.00113
2223.78771,-0.00116
2223.07973,-0.00117
2222.37174,-0.00118
2221.66375,-0.00117
2220.95576,-0.00114
2220.24778,-0.00111
2219.53979,-0.00106
2218.8318,-0.00101
2218.12382,-0.00095
2217.41583,-0.0009
2216.70784,-0.00084
2215.99985,-0.00079
2215.29187,-0.00076
2214.58388,-0.00073
2213.87589,-0.00072
2213.16791,-0.00072
2212.45992,-0.00074
2211.75193,-0.00077
2211.04394,-0.00081
2210.33596,-0.00086
2209.62797,-0.0009
2208.91998,-0.00095
2208.212,-0.001
2207.50401,-0.00104
2206.79602,-0.00106
2206.08803,-0.00108
2205.38005,-0.00109
2204.67206,-0.00108
2203.96407,-0.00106
2203.25608,-0.00104
2202.5481,-0.00101
2201.84011,-0.00098
2201.13212,-0.00095
2200.42414,-0.00093
2199.71615,-0.00091
2199.00816,-0.00089
2198.30017,-0.00088
2197.59219,-0.00088
2196.8842,-0.00089
2196.17621,-0.00089
2195.46823,-0.00091
2194.76024,-0.00092
2194.05225,-0.00092
2193.34426,-0.00093
2192.63628,-0.00093
2191.92829,-0.00093
2191.2203,-0.00093
2190.51232,-0.00093
2189.80433,-0.00092
2189.09634,-0.00093
2188.38835,-0.00094
2187.68037,-0.00096
2186.97238,-0.00099
2186.26439,-0.00103
2185.55641,-0.00109
2184.84842,-0.00116
2184.14043,-0.00123
2183.43244,-0.00131
2182.72446,-0.00139
2182.01647,-0.00147
2181.30848,-0.00154
2180.6005,-0.0016
2179.89251,-0.00164
2179.18452,-0.00167
2178.47653,-0.00167
2177.76855,-0.00166
2177.06056,-0.00164
2176.35257,-0.00159
2175.64459,-0.00154
2174.9366,-0.00148
2174.22861,-0.00141
2173.52062,-0.00135
2172.81264,-0.00128
2172.10465,-0.00122
2171.39666,-0.00116
2170.68867,-0.00112
2169.98069,-0.00108
2169.2727,-0.00105
2168.56471,-0.00102
2167.85673,-0.00101
2167.14874,-0.001
2166.44075,-0.00101
2165.73276,-0.00101
2165.02478,-0.00103
2164.31679,-0.00105
2163.6088,-0.00107
2162.90082,-0.0011
2162.19283,-0.00113
2161.48484,-0.00116
2160.77685,-0.00118
2160.06887,-0.0012
2159.36088,-0.00122
2158.65289,-0.00122
2157.94491,-0.00122
2157.23692,-0.00121
2156.52893,-0.00118
2155.82094,-0.00115
2155.11296,-0.00111
2154.40497,-0.00106
2153.69698,-0.001
2152.989,-0.00094
2152.28101,-0.00088
2151.57302,-0.00082
2150.86503,-0.00077
2150.15705,-0.00073
2149.44906,-0.00069
2148.74107,-0.00067
2148.03309,-0.00067
2147.3251,-0.00067
2146.61711,-0.0007
2145.90912,-0.00074
2145.20114,-0.00079
2144.49315,-0.00085
2143.78516,-0.00091
2143.07718,-0.00098
2142.36919,-0.00105
2141.6612,-0.00112
2140.95321,-0.00118
2140.24523,-0.00123
2139.53724,-0.00128
2138.82925,-0.00132
2138.12126,-0.00135
2137.41328,-0.00137
2136.70529,-0.00139
2135.9973,-0.00141
2135.28932,-0.00143
2134.58133,-0.00146
2133.87334,-0.00148
2133.16535,-0.00152
2132.45737,-0.00155
2131.74938,-0.00159
2131.04139,-0.00163
2130.33341,-0.00167
2129.62542,-0.00171
2128.91743,-0.00174
2128.20944,-0.00176
2127.50146,-0.00178
2126.79347,-0.00179
2126.08548,-0.0018
2125.3775,-0.00179
2124.66951,-0.00178
2123.96152,-0.00177
2123.25353,-0.00175
2122.54555,-0.00173
2121.83756,-0.00172
2121.12957,-0.0017
2120.42159,-0.00169
2119.7136,-0.00169
2119.00561,-0.00169
2118.29762,-0.00169
2117.58964,-0.00169
2116.88165,-0.0017
2116.17366,-0.0017
2115.46568,-0.0017
2114.75769,-0.0017
2114.0497,-0.00169
2113.34171,-0.00168
2112.63373,-0.00167
2111.92574,-0.00165
2111.21775,-0.00163
2110.50977,-0.00161
2109.80178,-0.0016
2109.09379,-0.00159
2108.3858,-0.00158
2107.67782,-0.00158
2106.96983,-0.00159
2106.26184,-0.00161
2105.55385,-0.00164
2104.84587,-0.00167
2104.13788,-0.0017
2103.42989,-0.00174
2102.72191,-0.00178
2102.01392,-0.00181
2101.30593,-0.00185
2100.59794,-0.00187
2099.88996,-0.0019
2099.18197,-0.00192
2098.47398,-0.00193
2097.766,-0.00195
2097.05801,-0.00196
2096.35002,-0.00196
2095.64203,-0.00197
2094.93405,-0.00197
2094.22606,-0.00197
2093.51807,-0.00197
2092.81009,-0.00197
2092.1021,-0.00197
2091.39411,-0.00197
2090.68612,-0.00196
2089.97814,-0.00196
2089.27015,-0.00195
2088.56216,-0.00195
2087.85418,-0.00194
2087.14619,-0.00194
2086.4382,-0.00194
2085.73021,-0.00193
2085.02223,-0.00193
2084.31424,-0.00193
2083.60625,-0.00193
2082.89827,-0.00193
2082.19028,-0.00194
2081.48229,-0.00194
2080.7743,-0.00195
2080.06632,-0.00196
2079.35833,-0.00198
2078.65034,-0.00199
2077.94236,-0.00201
2077.23437,-0.00203
2076.52638,-0.00205
2075.81839,-0.00207
2075.11041,-0.0021
2074.40242,-0.00212
2073.69443,-0.00214
2072.98644,-0.00216
2072.27846,-0.00218
2071.57047,-0.0022
2070.86248,-0.00222
2070.1545,-0.00224
2069.44651,-0.00226
2068.73852,-0.00227
2068.03053,-0.00229
2067.32255,-0.0023
2066.61456,-0.00232
2065.90657,-0.00233
2065.19859,-0.00234
2064.4906,-0.00235
2063.78261,-0.00236
2063.07462,-0.00236
2062.36664,-0.00237
2061.65865,-0.00237
2060.95066,-0.00238
2060.24268,-0.00238
2059.53469,-0.00238
2058.8267,-0.00238
2058.11871,-0.00238
2057.41073,-0.00238
2056.70274,-0.00237
2055.99475,-0.00236
2055.28677,-0.00235
2054.57878,-0.00234
2053.87079,-0.00233
2053.1628,-0.00232
2052.45482,-0.0023
2051.74683,-0.00229
2051.03884,-0.00227
2050.33086,-0.00225
2049.62287,-0.00223
2048.91488,-0.00221
2048.20689,-0.0022
2047.49891,-0.00218
2046.79092,-0.00217
2046.08293,-0.00215
2045.37495,-0.00214
2044.66696,-0.00213
2043.95897,-0.00212
2043.25098,-0.00211
2042.543,-0.00211
2041.83501,-0.0021
2041.12702,-0.0021
2040.41903,-0.0021
2039.71105,-0.0021
2039.00306,-0.0021
2038.29507,-0.0021
2037.58709,-0.0021
2036.8791,-0.0021
2036.17111,-0.0021
2035.46312,-0.0021
2034.75514,-0.00209
2034.04715,-0.00208
2033.33916,-0.00207
2032.63118,-0.00206
2031.92319,-0.00204
2031.2152,-0.00202
2030.50721,-0.002
2029.79923,-0.00197
2029.09124,-0.00194
2028.38325,-0.00191
2027.67527,-0.00188
2026.96728,-0.00184
2026.25929,-0.0018
2025.5513,-0.00176
2024.84332,-0.00172
2024.13533,-0.00168
2023.42734,-0.00164
2022.71936,-0.0016
2022.01137,-0.00157
2021.30338,-0.00154
2020.59539,-0.00151
2019.88741,-0.00149
2019.17942,-0.00148
2018.47143,-0.00147
2017.76345,-0.00147
2017.05546,-0.00148
2016.34747,-0.0015
2015.63948,-0.00152
2014.9315,-0.00155
2014.22351,-0.00158
2013.51552,-0.00162
2012.80754,-0.00166
2012.09955,-0.00171
2011.39156,-0.00176
2010.68357,-0.00181
2009.97559,-0.00186
2009.2676,-0.00191
2008.55961,-0.00196
2007.85162,-0.00201
2007.14364,-0.00205
2006.43565,-0.00209
2005.72766,-0.00212
2005.01968,-0.00215
2004.31169,-0.00217
2003.6037,-0.00219
2002.89571,-0.0022
2002.18773,-0.00221
2001.47974,-0.00222
2000.77175,-0.00222
2000.06377,-0.00222
1999.35578,-0.00221
1998.64779,-0.00221
1997.9398,-0.0022
1997.23182,-0.00219
1996.52383,-0.00218
1995.81584,-0.00217
1995.10786,-0.00216
1994.39987,-0.00215
1993.69188,-0.00214
1992.98389,-0.00213
1992.27591,-0.00212
1991.56792,-0.00211
1990.85993,-0.00209
1990.15195,-0.00208
1989.44396,-0.00207
1988.73597,-0.00206
1988.02798,-0.00204
1987.32,-0.00203
1986.61201,-0.00201
1985.90402,-0.002
1985.19604,-0.00198
1984.48805,-0.00196
1983.78006,-0.00195
1983.07207,-0.00193
1982.36409,-0.00191
1981.6561,-0.00189
1980.94811,-0.00187
1980.24013,-0.00186
1979.53214,-0.00184
1978.82415,-0.00182
1978.11616,-0.00181
1977.40818,-0.00179
1976.70019,-0.00177
1975.9922,-0.00176
1975.28421,-0.00175
1974.57623,-0.00173
1973.86824,-0.00172
1973.16025,-0.00171
1972.45227,-0.0017
1971.74428,-0.0017
1971.03629,-0.00169
1970.3283,-0.00169
1969.62032,-0.00169
1968.91233,-0.00169
1968.20434,-0.00169
1967.49636,-0.0017
1966.78837,-0.0017
1966.08038,-0.00171
1965.37239,-0.00172
1964.66441,-0.00172
1963.95642,-0.00173
1963.24843,-0.00174
1962.54045,-0.00175
1961.83246,-0.00175
1961.12447,-0.00175
1960.41648,-0.00176
1959.7085,-0.00176
1959.00051,-0.00175
1958.29252,-0.00175
1957.58454,-0.00174
1956.87655,-0.00173
1956.16856,-0.00172
1955.46057,-0.00171
1954.75259,-0.00169
1954.0446,-0.00168
1953.33661,-0.00166
1952.62863,-0.00165
1951.92064,-0.00163
1951.21265,-0.00162
1950.50466,-0.0016
1949.79668,-0.00159
1949.08869,-0.00158
1948.3807,-0.00157
1947.67272,-0.00157
1946.96473,-0.00157
1946.25674,-0.00156
1945.54875,-0.00156
1944.84077,-0.00156
1944.13278,-0.00156
1943.42479,-0.00156
1942.7168,-0.00157
1942.00882,-0.00157
1941.30083,-0.00157
1940.59284,-0.00157
1939.88486,-0.00156
1939.17687,-0.00156
1938.46888,-0.00156
1937.76089,-0.00155
1937.05291,-0.00154
1936.34492,-0.00153
1935.63693,-0.00152
1934.92895,-0.00151
1934.22096,-0.00149
1933.51297,-0.00148
1932.80498,-0.00146
1932.097,-0.00144
1931.38901,-0.00143
1930.68102,-0.00141
1929.97304,-0.00139
1929.26505,-0.00137
1928.55706,-0.00135
1927.84907,-0.00133
1927.14109,-0.00132
1926.4331,-0.0013
1925.72511,-0.00128
1925.01713,-0.00127
1924.30914,-0.00125
1923.60115,-0.00124
1922.89316,-0.00123
1922.18518,-0.00122
1921.47719,-0.00121
1920.7692,-0.0012
1920.06122,-0.0012
1919.35323,-0.00119
1918.64524,-0.00119
1917.93725,-0.00119
1917.22927,-0.00119
1916.52128,-0.00119
1915.81329,-0.00119
1915.10531,-0.00119
1914.39732,-0.00119
1913.68933,-0.00119
1912.98134,-0.00119
1912.27336,-0.00118
1911.56537,-0.00118
1910.85738,-0.00118
1910.14939,-0.00118
1909.44141,-0.00118
1908.73342,-0.00118
1908.02543,-0.00117
1907.31745,-0.00117
1906.60946,-0.00117
1905.90147,-0.00117
1905.19348,-0.00117
1904.4855,-0.00117
1903.77751,-0.00117
1903.06952,-0.00117
1902.36154,-0.00117
1901.65355,-0.00117
1900.94556,-0.00118
1900.23757,-0.00118
1899.52959,-0.00119
1898.8216,-0.0012
1898.11361,-0.00121
1897.40563,-0.00122
1896.69764,-0.00123
1895.98965,-0.00125
1895.28166,-0.00126
1894.57368,-0.00127
1893.86569,-0.00129
1893.1577,-0.0013
1892.44972,-0.00132
1891.74173,-0.00133
1891.03374,-0.00135
1890.32575,-0.00136
1889.61777,-0.00138
1888.90978,-0.00139
1888.20179,-0.00141
1887.49381,-0.00142
1886.78582,-0.00143
1886.07783,-0.00145
1885.36984,-0.00146
1884.66186,-0.00147
1883.95387,-0.00148
1883.24588,-0.00149
1882.5379,-0.0015
1881.82991,-0.00151
1881.12192,-0.00151
1880.41393,-0.00152
1879.70595,-0.00152
1878.99796,-0.00153
1878.28997,-0.00153
1877.58198,-0.00153
1876.874,-0.00153
1876.16601,-0.00153
1875.45802,-0.00153
1874.75004,-0.00153
1874.04205,-0.00153
1873.33406,-0.00153
1872.62607,-0.00152
1871.91809,-0.00152
1871.2101,-0.00152
1870.50211,-0.00151
1869.79413,-0.00151
1869.08614,-0.0015
1868.37815,-0.0015
1867.67016,-0.00149
1866.96218,-0.00149
1866.25419,-0.00148
1865.5462,-0.00148
1864.83822,-0.00147
1864.13023,-0.00147
1863.42224,-0.00146
1862.71425,-0.00146
1862.00627,-0.00145
1861.29828,-0.00145
1860.59029,-0.00145
1859.88231,-0.00145
1859.17432,-0.00145
1858.46633,-0.00144
1857.75834,-0.00144
1857.05036,-0.00145
1856.34237,-0.00145
1855.63438,-0.00145
1854.9264,-0.00145
1854.21841,-0.00145
1853.51042,-0.00146
1852.80243,-0.00146
1852.09445,-0.00146
1851.38646,-0.00147
1850.67847,-0.00147
1849.97049,-0.00147
1849.2625,-0.00148
1848.55451,-0.00148
1847.84652,-0.00148
1847.13854,-0.00148
1846.43055,-0.00149
1845.72256,-0.00149
1845.01457,-0.00149
1844.30659,-0.00149
1843.5986,-0.0015
1842.89061,-0.0015
1842.18263,-0.0015
1841.47464,-0.0015
1840.76665,-0.00151
1840.05866,-0.00151
1839.35068,-0.00151
1838.64269,-0.00152
1837.9347,-0.00152
1837.22672,-0.00152
1836.51873,-0.00152
1835.81074,-0.00153
1835.10275,-0.00153
1834.39477,-0.00153
1833.68678,-0.00153
1832.97879,-0.00153
1832.27081,-0.00153
1831.56282,-0.00153
1830.85483,-0.00153
1830.14684,-0.00153
1829.43886,-0.00152
1828.73087,-0.00152
1828.02288,-0.00152
1827.3149,-0.00152
1826.60691,-0.00151
1825.89892,-0.00151
1825.19093,-0.00151
1824.48295,-0.00151
1823.77496,-0.00151
1823.06697,-0.00151
1822.35899,-0.00151
1821.651,-0.00151
1820.94301,-0.00152
1820.23502,-0.00152
1819.52704,-0.00153
1818.81905,-0.00153
1818.11106,-0.00154
1817.40308,-0.00155
1816.69509,-0.00155
1815.9871,-0.00156
1815.27911,-0.00157
1814.57113,-0.00158
1813.86314,-0.00159
1813.15515,-0.00159
1812.44716,-0.0016
1811.73918,-0.00161
1811.03119,-0.00161
1810.3232,-0.00162
1809.61522,-0.00162
1808.90723,-0.00163
1808.19924,-0.00163
1807.49125,-0.00163
1806.78327,-0.00163
1806.07528,-0.00163
1805.36729,-0.00163
1804.65931,-0.00162
1803.95132,-0.00162
1803.24333,-0.00161
1802.53534,-0.0016
1801.82736,-0.0016
1801.11937,-0.00159
1800.41138,-0.00158
1799.7034,-0.00157
1798.99541,-0.00156
1798.28742,-0.00156
1797.57943,-0.00155
1796.87145,-0.00154
1796.16346,-0.00153
1795.45547,-0.00153
1794.74749,-0.00152
1794.0395,-0.00152
1793.33151,-0.00151
1792.62352,-0.00151
1791.91554,-0.00151
1791.20755,-0.0015
1790.49956,-0.0015
1789.79158,-0.0015
1789.08359,-0.0015
1788.3756,-0.0015
1787.66761,-0.0015
1786.95963,-0.0015
1786.25164,-0.00151
1785.54365,-0.00151
1784.83567,-0.00151
1784.12768,-0.00152
1783.41969,-0.00152
1782.7117,-0.00153
1782.00372,-0.00153
1781.29573,-0.00154
1780.58774,-0.00154
1779.87976,-0.00155
1779.17177,-0.00156
1778.46378,-0.00157
1777.75579,-0.00157
1777.04781,-0.00158
1776.33982,-0.00159
1775.63183,-0.00159
1774.92384,-0.0016
1774.21586,-0.0016
1773.50787,-0.00161
1772.79988,-0.00161
1772.0919,-0.00161
1771.38391,-0.00162
1770.67592,-0.00162
1769.96793,-0.00162
1769.25995,-0.00161
1768.55196,-0.00161
1767.84397,-0.00161
1767.13599,-0.0016
1766.428,-0.0016
1765.72001,-0.00159
1765.01202,-0.00158
1764.30404,-0.00158
1763.59605,-0.00157
1762.88806,-0.00156
1762.18008,-0.00155
1761.47209,-0.00154
1760.7641,-0.00153
1760.05611,-0.00152
1759.34813,-0.00151
1758.64014,-0.0015
1757.93215,-0.0015
1757.22417,-0.00149
1756.51618,-0.00148
1755.80819,-0.00147
1755.1002,-0.00147
1754.39222,-0.00146
1753.68423,-0.00145
1752.97624,-0.00145
1752.26826,-0.00144
1751.56027,-0.00143
1750.85228,-0.00143
1750.14429,-0.00142
1749.43631,-0.00142
1748.72832,-0.00141
1748.02033,-0.0014
1747.31235,-0.00139
1746.60436,-0.00139
1745.89637,-0.00138
1745.18838,-0.00137
1744.4804,-0.00136
1743.77241,-0.00135
1743.06442,-0.00134
1742.35643,-0.00132
1741.64845,-0.00131
1740.94046,-0.0013
1740.23247,-0.00128
1739.52449,-0.00127
1738.8165,-0.00125
1738.10851,-0.00124
1737.40052,-0.00122
1736.69254,-0.00121
1735.98455,-0.00119
1735.27656,-0.00118
1734.56858,-0.00116
1733.86059,-0.00115
1733.1526,-0.00114
1732.44461,-0.00113
1731.73663,-0.00112
1731.02864,-0.00112
1730.32065,-0.00111
1729.61267,-0.00111
1728.90468,-0.00111
1728.19669,-0.00111
1727.4887,-0.00111
1726.78072,-0.00112
1726.07273,-0.00112
1725.36474,-0.00113
1724.65676,-0.00114
1723.94877,-0.00116
1723.24078,-0.00117
1722.53279,-0.00119
1721.82481,-0.00121
1721.11682,-0.00123
1720.40883,-0.00125
1719.70085,-0.00128
1718.99286,-0.00131
1718.28487,-0.00133
1717.57688,-0.00136
1716.8689,-0.00139
1716.16091,-0.00143
1715.45292,-0.00146
1714.74494,-0.00149
1714.03695,-0.00152
1713.32896,-0.00156
1712.62097,-0.00159
1711.91299,-0.00163
1711.205,-0.00166
1710.49701,-0.00169
1709.78902,-0.00173
1709.08104,-0.00176
1708.37305,-0.0018
1707.66506,-0.00183
1706.95708,-0.00187
1706.24909,-0.0019
1705.5411,-0.00194
1704.83311,-0.00197
1704.12513,-0.00201
1703.41714,-0.00204
1702.70915,-0.00208
1702.00117,-0.00212
1701.29318,-0.00216
1700.58519,-0.0022
1699.8772,-0.00224
1699.16922,-0.00227
1698.46123,-0.00231
1697.75324,-0.00235
1697.04526,-0.0024
1696.33727,-0.00244
1695.62928,-0.00248
1694.92129,-0.00252
1694.21331,-0.00256
1693.50532,-0.0026
1692.79733,-0.00265
1692.08935,-0.00269
1691.38136,-0.00274
1690.67337,-0.00278
1689.96538,-0.00283
1689.2574,-0.00288
1688.54941,-0.00293
1687.84142,-0.00298
1687.13344,-0.00303
1686.42545,-0.00309
1685.71746,-0.00314
1685.00947,-0.0032
1684.30149,-0.00326
1683.5935,-0.00333
1682.88551,-0.00339
1682.17753,-0.00346
1681.46954,-0.00353
1680.76155,-0.0036
1680.05356,-0.00367
1679.34558,-0.00374
1678.63759,-0.00382
1677.9296,-0.0039
1677.22161,-0.00398
1676.51363,-0.00407
1675.80564,-0.00416
1675.09765,-0.00425
1674.38967,-0.00435
1673.68168,-0.00445
1672.97369,-0.00455
1672.2657,-0.00466
1671.55772,-0.00478
1670.84973,-0.00489
1670.14174,-0.00501
1669.43376,-0.00514
1668.72577,-0.00527
1668.01778,-0.0054
1667.30979,-0.00554
1666.60181,-0.00568
1665.89382,-0.00582
1665.18583,-0.00597
1664.47785,-0.00612
1663.76986,-0.00628
1663.06187,-0.00644
1662.35388,-0.00661
1661.6459,-0.00678
1660.93791,-0.00695
1660.22992,-0.00714
1659.52194,-0.00732
1658.81395,-0.00752
1658.10596,-0.00772
1657.39797,-0.00793
1656.68999,-0.00815
1655.982,-0.00838
1655.27401,-0.00861
1654.56603,-0.00885
1653.85804,-0.0091
1653.15005,-0.00935
1652.44206,-0.00961
1651.73408,-0.00988
1651.02609,-0.01015
1650.3181,-0.01043
1649.61012,-0.01071
1648.90213,-0.01099
1648.19414,-0.01127
1647.48615,-0.01155
1646.77817,-0.01183
1646.07018,-0.01211
1645.36219,-0.01238
1644.6542,-0.01266
1643.94622,-0.01293
1643.23823,-0.0132
1642.53024,-0.01346
1641.82226,-0.01372
1641.11427,-0.01398
1640.40628,-0.01423
1639.69829,-0.01448
1638.99031,-0.01473
1638.28232,-0.01497
1637.57433,-0.01521
1636.86635,-0.01544
1636.15836,-0.01566
1635.45037,-0.01588
1634.74238,-0.01609
1634.0344,-0.01629
1633.32641,-0.01648
1632.61842,-0.01667
1631.91044,-0.01684
1631.20245,-0.01699
1630.49446,-0.01714
1629.78647,-0.01727
1629.07849,-0.01739
1628.3705,-0.01749
1627.66251,-0.01758
1626.95453,-0.01765
1626.24654,-0.01771
1625.53855,-0.01776
1624.83056,-0.01778
1624.12258,-0.0178
1623.41459,-0.01779
1622.7066,-0.01777
1621.99862,-0.01774
1621.29063,-0.01769
1620.58264,-0.01763
1619.87465,-0.01756
1619.16667,-0.01747
1618.45868,-0.01737
1617.75069,-0.01726
1617.04271,-0.01713
1616.33472,-0.017
1615.62673,-0.01685
1614.91874,-0.0167
1614.21076,-0.01654
1613.50277,-0.01637
1612.79478,-0.01619
1612.08679,-0.016
1611.37881,-0.01582
1610.67082,-0.01562
1609.96283,-0.01542
1609.25485,-0.01522
1608.54686,-0.01501
1607.83887,-0.0148
1607.13088,-0.01459
1606.4229,-0.01437
1605.71491,-0.01416
1605.00692,-0.01394
1604.29894,-0.01372
1603.59095,-0.01351
1602.88296,-0.01329
1602.17497,-0.01307
1601.46699,-0.01286
1600.759,-0.01265
1600.05101,-0.01243
1599.34303,-0.01223
1598.63504,-0.01202
1597.92705,-0.01182
1597.21906,-0.01161
1596.51108,-0.01142
1595.80309,-0.01122
1595.0951,-0.01103
1594.38712,-0.01085
1593.67913,-0.01067
1592.97114,-0.01049
1592.26315,-0.01032
1591.55517,-0.01015
1590.84718,-0.00999
1590.13919,-0.00983
1589.43121,-0.00967
1588.72322,-0.00952
1588.01523,-0.00938
1587.30724,-0.00924
1586.59926,-0.0091
1585.89127,-0.00897
1585.18328,-0.00884
1584.4753,-0.00872
1583.76731,-0.0086
1583.05932,-0.00848
1582.35133,-0.00837
1581.64335,-0.00826
1580.93536,-0.00815
1580.22737,-0.00805
1579.51938,-0.00795
1578.8114,-0.00785
1578.10341,-0.00776
1577.39542,-0.00766
1576.68744,-0.00757
1575.97945,-0.00749
1575.27146,-0.0074
1574.56347,-0.00732
1573.85549,-0.00724
1573.1475,-0.00716
1572.43951,-0.00709
1571.73153,-0.00702
1571.02354,-0.00695
1570.31555,-0.00688
1569.60756,-0.00682
1568.89958,-0.00676
1568.19159,-0.0067
1567.4836,-0.00664
1566.77562,-0.00659
1566.06763,-0.00654
1565.35964,-0.00649
1564.65165,-0.00644
1563.94367,-0.00639
1563.23568,-0.00635
1562.52769,-0.00631
1561.81971,-0.00627
1561.11172,-0.00623
1560.40373,-0.00619
1559.69574,-0.00616
1558.98776,-0.00612
1558.27977,-0.00609
1557.57178,-0.00606
1556.8638,-0.00603
1556.15581,-0.006
1555.44782,-0.00598
1554.73983,-0.00595
1554.03185,-0.00593
1553.32386,-0.0059
1552.61587,-0.00588
1551.90789,-0.00585
1551.1999,-0.00582
1550.49191,-0.0058
1549.78392,-0.00577
1549.07594,-0.00574
1548.36795,-0.00571
1547.65996,-0.00568
1546.95197,-0.00565
1546.24399,-0.00562
1545.536,-0.00558
1544.82801,-0.00555
1544.12003,-0.00551
1543.41204,-0.00547
1542.70405,-0.00543
1541.99606,-0.0054
1541.28808,-0.00536
1540.58009,-0.00532
1539.8721,-0.00528
1539.16412,-0.00524
1538.45613,-0.0052
1537.74814,-0.00516
1537.04015,-0.00512
1536.33217,-0.00508
1535.62418,-0.00504
1534.91619,-0.005
1534.20821,-0.00496
1533.50022,-0.00492
1532.79223,-0.00488
1532.08424,-0.00484
1531.37626,-0.0048
1530.66827,-0.00476
1529.96028,-0.00473
1529.2523,-0.00469
1528.54431,-0.00465
1527.83632,-0.00462
1527.12833,-0.00458
1526.42035,-0.00454
1525.71236,-0.00451
1525.00437,-0.00448
1524.29639,-0.00444
1523.5884,-0.00441
1522.88041,-0.00438
1522.17242,-0.00435
1521.46444,-0.00432
1520.75645,-0.00429
1520.04846,-0.00426
1519.34048,-0.00423
1518.63249,-0.0042
1517.9245,-0.00417
1517.21651,-0.00414
1516.50853,-0.00412
1515.80054,-0.00409
1515.09255,-0.00406
1514.38456,-0.00403
1513.67658,-0.004
1512.96859,-0.00397
1512.2606,-0.00393
1511.55262,-0.0039
1510.84463,-0.00386
1510.13664,-0.00382
1509.42865,-0.00378
1508.72067,-0.00374
1508.01268,-0.00369
1507.30469,-0.00364
1506.59671,-0.00359
1505.88872,-0.00354
1505.18073,-0.00349
1504.47274,-0.00343
1503.76476,-0.00337
1503.05677,-0.00331
1502.34878,-0.00325
1501.6408,-0.00318
1500.93281,-0.00311
1500.22482,-0.00303
1499.51683,-0.00296
1498.80885,-0.00287
1498.10086,-0.00279
1497.39287,-0.0027
1496.68489,-0.00261
1495.9769,-0.00252
1495.26891,-0.00242
1494.56092,-0.00232
1493.85294,-0.00222
1493.14495,-0.00212
1492.43696,-0.00201
1491.72898,-0.00191
1491.02099,-0.00181
1490.313,-0.00171
1489.60501,-0.00161
1488.89703,-0.00151
1488.18904,-0.00141
1487.48105,-0.00132
1486.77307,-0.00123
1486.06508,-0.00115
1485.35709,-0.00107
1484.6491,-0.00099
1483.94112,-0.00092
1483.23313,-0.00085
1482.52514,-0.00079
1481.81715,-0.00073
1481.10917,-0.00067
1480.40118,-0.00061
1479.69319,-0.00055
1478.98521,-0.00049
1478.27722,-0.00043
1477.56923,-0.00036
1476.86124,-0.00029
1476.15326,-0.00022
1475.44527,-0.00013
1474.73728,-5e-05
1474.0293,5e-05
1473.32131,0.00016
1472.61332,0.00027
1471.90533,0.0004
1471.19735,0.00054
1470.48936,0.00069
1469.78137,0.00085
1469.07339,0.00102
1468.3654,0.00121
1467.65741,0.0014
1466.94942,0.00161
1466.24144,0.00183
1465.53345,0.00205
1464.82546,0.00228
1464.11748,0.00252
1463.40949,0.00277
1462.7015,0.00301
1461.99351,0.00326
1461.28553,0.00351
1460.57754,0.00375
1459.86955,0.00399
1459.16157,0.00422
1458.45358,0.00444
1457.74559,0.00465
1457.0376,0.00484
1456.32962,0.00502
1455.62163,0.00518
1454.91364,0.00531
1454.20566,0.00543
1453.49767,0.00553
1452.78968,0.00561
1452.08169,0.00567
1451.37371,0.00572
1450.66572,0.00574
1449.95773,0.00575
1449.24974,0.00575
1448.54176,0.00574
1447.83377,0.00571
1447.12578,0.00569
1446.4178,0.00565
1445.70981,0.00562
1445.00182,0.00559
1444.29383,0.00556
1443.58585,0.00553
1442.87786,0.00551
1442.16987,0.0055
1441.46189,0.0055
1440.7539,0.00551
1440.04591,0.00553
1439.33792,0.00556
1438.62994,0.00561
1437.92195,0.00566
1437.21396,0.00573
1436.50598,0.0058
1435.79799,0.00589
1435.09,0.00599
1434.38201,0.00609
1433.67403,0.00621
1432.96604,0.00633
1432.25805,0.00645
1431.55007,0.00659
1430.84208,0.00672
1430.13409,0.00686
1429.4261,0.007
1428.71812,0.00715
1428.01013,0.00729
1427.30214,0.00744
1426.59416,0.00758
1425.88617,0.00772
1425.17818,0.00786
1424.47019,0.00799
1423.76221,0.00812
1423.05422,0.00825
1422.34623,0.00837
1421.63825,0.00849
1420.93026,0.0086
1420.22227,0.0087
1419.51428,0.0088
1418.8063,0.00889
1418.09831,0.00897
1417.39032,0.00905
1416.68233,0.00912
1415.97435,0.00918
1415.26636,0.00923
1414.55837,0.00928
1413.85039,0.00932
1413.1424,0.00935
1412.43441,0.00937
1411.72642,0.00939
1411.01844,0.0094
1410.31045,0.0094
1409.60246,0.0094
1408.89448,0.0094
1408.18649,0.00938
1407.4785,0.00937
1406.77051,0.00935
1406.06253,0.00933
1405.35454,0.00931
1404.64655,0.00928
1403.93857,0.00925
1403.23058,0.00923
1402.52259,0.0092
1401.8146,0.00917
1401.10662,0.00915
1400.39863,0.00913
1399.69064,0.00911
1398.98266,0.00909
1398.27467,0.00907
1397.56668,0.00906
1396.85869,0.00905
1396.15071,0.00905
1395.44272,0.00905
1394.73473,0.00905
1394.02675,0.00905
1393.31876,0.00905
1392.61077,0.00906
1391.90278,0.00906
1391.1948,0.00907
1390.48681,0.00907
1389.77882,0.00907
1389.07084,0.00906
1388.36285,0.00905
1387.65486,0.00903
1386.94687,0.00901
1386.23889,0.00897
1385.5309,0.00893
1384.82291,0.00888
1384.11492,0.00881
1383.40694,0.00873
1382.69895,0.00864
1381.99096,0.00854
1381.28298,0.00843
1380.57499,0.0083
1379.867,0.00816
1379.15901,0.00802
1378.45103,0.00786
1377.74304,0.00769
1377.03505,0.00751
1376.32707,0.00733
1375.61908,0.00714
1374.91109,0.00695
1374.2031,0.00675
1373.49512,0.00656
1372.78713,0.00636
1372.07914,0.00617
1371.37116,0.00598
1370.66317,0.00579
1369.95518,0.00561
1369.24719,0.00544
1368.53921,0.00528
1367.83122,0.00512
1367.12323,0.00498
1366.41525,0.00485
1365.70726,0.00472
1364.99927,0.00461
1364.29128,0.00451
1363.5833,0.00442
1362.87531,0.00434
1362.16732,0.00427
1361.45934,0.00421
1360.75135,0.00416
1360.04336,0.00413
1359.33537,0.0041
1358.62739,0.00408
1357.9194,0.00406
1357.21141,0.00406
1356.50343,0.00406
1355.79544,0.00407
1355.08745,0.00409
1354.37946,0.00411
1353.67148,0.00414
1352.96349,0.00417
1352.2555,0.00421
1351.54751,0.00425
1350.83953,0.0043
1350.13154,0.00435
1349.42355,0.0044
1348.71557,0.00445
1348.00758,0.00451
1347.29959,0.00457
1346.5916,0.00463
1345.88362,0.00469
1345.17563,0.00476
1344.46764,0.00483
1343.75966,0.00489
1343.05167,0.00496
1342.34368,0.00503
1341.63569,0.0051
1340.92771,0.00517
1340.21972,0.00524
1339.51173,0.00531
1338.80375,0.00537
1338.09576,0.00544
1337.38777,0.0055
1336.67978,0.00556
1335.9718,0.00562
1335.26381,0.00568
1334.55582,0.00573
1333.84784,0.00578
1333.13985,0.00583
1332.43186,0.00587
1331.72387,0.00591
1331.01589,0.00594
1330.3079,0.00596
1329.59991,0.00599
1328.89193,0.006
1328.18394,0.00602
1327.47595,0.00602
1326.76796,0.00603
1326.05998,0.00602
1325.35199,0.00602
1324.644,0.006
1323.93602,0.00599
1323.22803,0.00597
1322.52004,0.00595
1321.81205,0.00592
1321.10407,0.00589
1320.39608,0.00586
1319.68809,0.00582
1318.9801,0.00578
1318.27212,0.00574
1317.56413,0.0057
1316.85614,0.00565
1316.14816,0.00561
1315.44017,0.00556
1314.73218,0.00551
1314.02419,0.00545
1313.31621,0.0054
1312.60822,0.00535
1311.90023,0.00529
1311.19225,0.00523
1310.48426,0.00517
1309.77627,0.00511
1309.06828,0.00505
1308.3603,0.00499
1307.65231,0.00493
1306.94432,0.00487
1306.23634,0.00481
1305.52835,0.00475
1304.82036,0.00469
1304.11237,0.00463
1303.40439,0.00458
1302.6964,0.00452
1301.98841,0.00447
1301.28043,0.00441
1300.57244,0.00436
1299.86445,0.00432
1299.15646,0.00427
1298.44848,0.00423
1297.74049,0.0042
1297.0325,0.00416
1296.32452,0.00413
1295.61653,0.00411
1294.90854,0.00409
1294.20055,0.00408
1293.49257,0.00407
1292.78458,0.00407
1292.07659,0.00407
1291.36861,0.00408
1290.66062,0.00409
1289.95263,0.00411
1289.24464,0.00413
1288.53666,0.00416
1287.82867,0.00419
1287.12068,0.00423
1286.41269,0.00427
1285.70471,0.00432
1284.99672,0.00437
1284.28873,0.00441
1283.58075,0.00447
1282.87276,0.00452
1282.16477,0.00457
1281.45678,0.00461
1280.7488,0.00466
1280.04081,0.0047
1279.33282,0.00474
1278.62484,0.00477
1277.91685,0.0048
1277.20886,0.00482
1276.50087,0.00483
1275.79289,0.00484
1275.0849,0.00483
1274.37691,0.00482
1273.66893,0.0048
1272.96094,0.00477
1272.25295,0.00473
1271.54496,0.00468
1270.83698,0.00462
1270.12899,0.00456
1269.421,0.00448
1268.71302,0.0044
1268.00503,0.00432
1267.29704,0.00423
1266.58905,0.00413
1265.88107,0.00403
1265.17308,0.00393
1264.46509,0.00383
1263.75711,0.00372
1263.04912,0.00362
1262.34113,0.00351
1261.63314,0.00341
1260.92516,0.00331
1260.21717,0.00321
1259.50918,0.00312
1258.8012,0.00302
1258.09321,0.00293
1257.38522,0.00285
1256.67723,0.00277
1255.96925,0.00269
1255.26126,0.00262
1254.55327,0.00255
1253.84528,0.00249
1253.1373,0.00243
1252.42931,0.00237
1251.72132,0.00232
1251.01334,0.00227
1250.30535,0.00222
1249.59736,0.00218
1248.88937,0.00214
1248.18139,0.0021
1247.4734,0.00207
1246.76541,0.00203
1246.05743,0.002
1245.34944,0.00197
1244.64145,0.00194
1243.93346,0.00192
1243.22548,0.00189
1242.51749,0.00187
1241.8095,0.00184
1241.10152,0.00182
1240.39353,0.0018
1239.68554,0.00178
1238.97755,0.00175
1238.26957,0.00173
1237.56158,0.00171
1236.85359,0.00169
1236.14561,0.00167
1235.43762,0.00165
1234.72963,0.00163
1234.02164,0.00161
1233.31366,0.00159
1232.60567,0.00157
1231.89768,0.00155
1231.1897,0.00153
1230.48171,0.00151
1229.77372,0.00148
1229.06573,0.00146
1228.35775,0.00144
1227.64976,0.00142
1226.94177,0.0014
1226.23379,0.00138
1225.5258,0.00136
1224.81781,0.00134
1224.10982,0.00132
1223.40184,0.0013
1222.69385,0.00128
1221.98586,0.00126
1221.27787,0.00124
1220.56989,0.00122
1219.8619,0.0012
1219.15391,0.00118
1218.44593,0.00116
1217.73794,0.00114
1217.02995,0.00112
1216.32196,0.0011
1215.61398,0.00108
1214.90599,0.00106
1214.198,0.00104
1213.49002,0.00102
1212.78203,0.00099
1212.07404,0.00097
1211.36605,0.00095
1210.65807,0.00092
1209.95008,0.0009
1209.24209,0.00087
1208.53411,0.00084
1207.82612,0.00082
1207.11813,0.00079
1206.41014,0.00076
1205.70216,0.00074
1204.99417,0.00071
1204.28618,0.00069
1203.5782,0.00066
1202.87021,0.00064
1202.16222,0.00061
1201.45423,0.00059
1200.74625,0.00057
1200.03826,0.00055
1199.33027,0.00053
1198.62229,0.00051
1197.9143,0.0005
1197.20631,0.00048
1196.49832,0.00046
1195.79034,0.00045
1195.08235,0.00043
1194.37436,0.00041
1193.66638,0.00039
1192.95839,0.00037
1192.2504,0.00035
1191.54241,0.00033
1190.83443,0.00031
1190.12644,0.00029
1189.41845,0.00027
1188.71046,0.00026
1188.00248,0.00024
1187.29449,0.00023
1186.5865,0.00023
1185.87852,0.00022
1185.17053,0.00022
1184.46254,0.00022
1183.75455,0.00023
1183.04657,0.00024
1182.33858,0.00025
1181.63059,0.00026
1180.92261,0.00027
1180.21462,0.00029
1179.50663,0.0003
1178.79864,0.00031
1178.09066,0.00033
1177.38267,0.00034
1176.67468,0.00036
1175.9667,0.00037
1175.25871,0.00039
1174.55072,0.0004
1173.84273,0.00042
1173.13475,0.00043
1172.42676,0.00045
1171.71877,0.00047
1171.01079,0.00049
1170.3028,0.00051
1169.59481,0.00053
1168.88682,0.00056
1168.17884,0.0006
1167.47085,0.00064
1166.76286,0.00068
1166.05488,0.00072
1165.34689,0.00077
1164.6389,0.00082
1163.93091,0.00088
1163.22293,0.00093
1162.51494,0.00098
1161.80695,0.00104
1161.09897,0.00109
1160.39098,0.00114
1159.68299,0.00119
1158.975,0.00124
1158.26702,0.00128
1157.55903,0.00132
1156.85104,0.00136
1156.14305,0.0014
1155.43507,0.00144
1154.72708,0.00147
1154.01909,0.0015
1153.31111,0.00153
1152.60312,0.00156
1151.89513,0.00158
1151.18714,0.0016
1150.47916,0.00162
1149.77117,0.00163
1149.06318,0.00165
1148.3552,0.00166
1147.64721,0.00167
1146.93922,0.00168
1146.23123,0.0017
1145.52325,0.00171
1144.81526,0.00173
1144.10727,0.00176
1143.39929,0.00178
1142.6913,0.00182
1141.98331,0.00186
1141.27532,0.00191
1140.56734,0.00197
1139.85935,0.00203
1139.15136,0.0021
1138.44338,0.00218
1137.73539,0.00227
1137.0274,0.00236
1136.31941,0.00245
1135.61143,0.00255
1134.90344,0.00265
1134.19545,0.00275
1133.48747,0.00285
1132.77948,0.00295
1132.07149,0.00305
1131.3635,0.00314
1130.65552,0.00323
1129.94753,0.00332
1129.23954,0.00341
1128.53156,0.00349
1127.82357,0.00357
1127.11558,0.00365
1126.40759,0.00372
1125.69961,0.0038
1124.99162,0.00388
1124.28363,0.00395
1123.57564,0.00403
1122.86766,0.0041
1122.15967,0.00418
1121.45168,0.00426
1120.7437,0.00434
1120.03571,0.00442
1119.32772,0.00449
1118.61973,0.00457
1117.91175,0.00465
1117.20376,0.00472
1116.49577,0.00479
1115.78779,0.00486
1115.0798,0.00493
1114.37181,0.00501
1113.66382,0.00508
1112.95584,0.00515
1112.24785,0.00522
1111.53986,0.0053
1110.83188,0.00539
1110.12389,0.00548
1109.4159,0.00559
1108.70791,0.0057
1107.99993,0.00584
1107.29194,0.00599
1106.58395,0.00616
1105.87597,0.00635
1105.16798,0.00657
1104.45999,0.00682
1103.752,0.0071
1103.04402,0.00742
1102.33603,0.00777
1101.62804,0.00816
1100.92006,0.0086
1100.21207,0.00907
1099.50408,0.00959
1098.79609,0.01016
1098.08811,0.01077
1097.38012,0.01143
1096.67213,0.01213
1095.96415,0.01288
1095.25616,0.01365
1094.54817,0.01446
1093.84018,0.0153
1093.1322,0.01614
1092.42421,0.01699
1091.71622,0.01783
1091.00823,0.01865
1090.30025,0.01943
1089.59226,0.02016
1088.88427,0.02084
1088.17629,0.02144
1087.4683,0.02196
1086.76031,0.02239
1086.05232,0.02272
1085.34434,0.02294
1084.63635,0.02306
1083.92836,0.02308
1083.22038,0.02299
1082.51239,0.02281
1081.8044,0.02255
1081.09641,0.0222
1080.38843,0.02178
1079.68044,0.0213
1078.97245,0.02078
1078.26447,0.02022
1077.55648,0.01964
1076.84849,0.01905
1076.1405,0.01845
1075.43252,0.01787
1074.72453,0.01729
1074.01654,0.01674
1073.30856,0.01622
1072.60057,0.01573
1071.89258,0.01527
1071.18459,0.01486
1070.47661,0.0145
1069.76862,0.01418
1069.06063,0.01391
1068.35265,0.0137
1067.64466,0.01355
1066.93667,0.01346
1066.22868,0.01343
1065.5207,0.01349
1064.81271,0.01362
1064.10472,0.01385
1063.39674,0.01417
1062.68875,0.0146
1061.98076,0.01515
1061.27277,0.01584
1060.56479,0.01667
1059.8568,0.01765
1059.14881,0.01881
1058.44082,0.02016
1057.73284,0.02171
1057.02485,0.02346
1056.31686,0.02544
1055.60888,0.02764
1054.90089,0.03005
1054.1929,0.03268
1053.48491,0.03549
1052.77693,0.03847
1052.06894,0.04156
1051.36095,0.04473
1050.65297,0.04791
1049.94498,0.05104
1049.23699,0.05403
1048.529,0.05681
1047.82102,0.05931
1047.11303,0.06144
1046.40504,0.06315
1045.69706,0.06438
1044.98907,0.0651
1044.28108,0.06529
1043.57309,0.06495
1042.86511,0.0641
1042.15712,0.06277
1041.44913,0.06102
1040.74115,0.05891
1040.03316,0.05651
1039.32517,0.05388
1038.61718,0.05111
1037.9092,0.04826
1037.20121,0.04538
1036.49322,0.04254
1035.78524,0.03978
1035.07725,0.03712
1034.36926,0.0346
1033.66127,0.03224
1032.95329,0.03003
1032.2453,0.02798
1031.53731,0.02609
1030.82933,0.02435
1030.12134,0.02276
1029.41335,0.0213
1028.70536,0.01996
1027.99738,0.01873
1027.28939,0.01761
1026.5814,0.01657
1025.87341,0.01561
1025.16543,0.01473
1024.45744,0.01391
1023.74945,0.01315
1023.04147,0.01245
1022.33348,0.01179
1021.62549,0.01118
1020.9175,0.01061
1020.20952,0.01007
1019.50153,0.00958
1018.79354,0.00911
1018.08556,0.00867
1017.37757,0.00827
1016.66958,0.00788
1015.96159,0.00753
1015.25361,0.00719
1014.54562,0.00688
1013.83763,0.00658
1013.12965,0.00631
1012.42166,0.00605
1011.71367,0.00581
1011.00568,0.00558
1010.2977,0.00537
1009.58971,0.00517
1008.88172,0.00499
1008.17374,0.00482
1007.46575,0.00466
1006.75776,0.00451
1006.04977,0.00438
1005.34179,0.00426
1004.6338,0.00415
1003.92581,0.00404
1003.21783,0.00395
1002.50984,0.00386
1001.80185,0.00378
1001.09386,0.00371
1000.38588,0.00364
999.67789,0.00357
998.9699,0.00349
998.26192,0.00342
997.55393,0.00335
996.84594,0.00327
996.13795,0.00319
995.42997,0.0031
994.72198,0.00301
994.01399,0.00292
993.306,0.00282
992.59802,0.00272
991.89003,0.00262
991.18204,0.00252
990.47406,0.00242
989.76607,0.00232
989.05808,0.00222
988.35009,0.00212
987.64211,0.00202
986.93412,0.00193
986.22613,0.00184
985.51815,0.00175
984.81016,0.00166
984.10217,0.00158
983.39418,0.0015
982.6862,0.00142
981.97821,0.00134
981.27022,0.00127
980.56224,0.0012
979.85425,0.00114
979.14626,0.00107
978.43827,0.00101
977.73029,0.00095
977.0223,0.00089
976.31431,0.00083
975.60633,0.00077
974.89834,0.00071
974.19035,0.00066
973.48236,0.0006
972.77438,0.00054
972.06639,0.00048
971.3584,0.00042
970.65042,0.00036
969.94243,0.0003
969.23444,0.00025
968.52645,0.00019
967.81847,0.00014
967.11048,9e-05
966.40249,4e-05
965.69451,-1e-05
964.98652,-5e-05
964.27853,-9e-05
963.57054,-0.00013
962.86256,-0.00017
962.15457,-0.0002
961.44658,-0.00024
960.73859,-0.00027
960.03061,-0.00029
959.32262,-0.00032
958.61463,-0.00035
957.90665,-0.00037
957.19866,-0.00039
956.49067,-0.00041
955.78268,-0.00043
955.0747,-0.00045
954.36671,-0.00046
953.65872,-0.00048
952.95074,-0.00049
952.24275,-0.0005
951.53476,-0.00051
950.82677,-0.00052
950.11879,-0.00053
949.4108,-0.00053
948.70281,-0.00053
947.99483,-0.00054
947.28684,-0.00054
946.57885,-0.00055
945.87086,-0.00055
945.16288,-0.00055
944.45489,-0.00056
943.7469,-0.00056
943.03892,-0.00057
942.33093,-0.00058
941.62294,-0.00058
940.91495,-0.00059
940.20697,-0.00059
939.49898,-0.0006
938.79099,-0.0006
938.08301,-0.0006
937.37502,-0.0006
936.66703,-0.0006
935.95904,-0.00059
935.25106,-0.00058
934.54307,-0.00057
933.83508,-0.00056
933.1271,-0.00054
932.41911,-0.00053
931.71112,-0.00052
931.00313,-0.00051
930.29515,-0.0005
929.58716,-0.0005
928.87917,-0.0005
928.17118,-0.0005
927.4632,-0.00051
926.75521,-0.00052
926.04722,-0.00054
925.33924,-0.00056
924.63125,-0.00059
923.92326,-0.00062
923.21527,-0.00065
922.50729,-0.00068
921.7993,-0.00071
921.09131,-0.00075
920.38333,-0.00078
919.67534,-0.0008
918.96735,-0.00083
918.25936,-0.00086
917.55138,-0.00088
916.84339,-0.0009
916.1354,-0.00092
915.42742,-0.00093
914.71943,-0.00095
914.01144,-0.00097
913.30345,-0.00098
912.59547,-0.001
911.88748,-0.00101
911.17949,-0.00103
910.47151,-0.00104
909.76352,-0.00106
909.05553,-0.00107
908.34754,-0.00109
907.63956,-0.0011
906.93157,-0.00111
906.22358,-0.00112
905.5156,-0.00112
904.80761,-0.00112
904.09962,-0.00112
903.39163,-0.00111
902.68365,-0.00109
901.97566,-0.00106
901.26767,-0.00103
900.55969,-0.00098
899.8517,-0.00093
899.14371,-0.00086
898.43572,-0.00078
897.72774,-0.00068
897.01975,-0.00056
896.31176,-0.00042
895.60377,-0.00026
894.89579,-8e-05
894.1878,0.00014
893.47981,0.0004
892.77183,0.00069
892.06384,0.00103
891.35585,0.00142
890.64786,0.00187
889.93988,0.00238
889.23189,0.00296
888.5239,0.00361
887.81592,0.00433
887.10793,0.00511
886.39994,0.00597
885.69195,0.00688
884.98397,0.00784
884.27598,0.00882
883.56799,0.00982
882.86001,0.0108
882.15202,0.01175
881.44403,0.01263
880.73604,0.01342
880.02806,0.0141
879.32007,0.01465
878.61208,0.01504
877.9041,0.01527
877.19611,0.01533
876.48812,0.01522
875.78013,0.01496
875.07215,0.01455
874.36416,0.01402
873.65617,0.01337
872.94819,0.01265
872.2402,0.01186
871.53221,0.01104
870.82422,0.01021
870.11624,0.00939
869.40825,0.00858
868.70026,0.00782
867.99228,0.0071
867.28429,0.00643
866.5763,0.00582
865.86831,0.00527
865.16033,0.00478
864.45234,0.00433
863.74435,0.00394
863.03636,0.0036
862.32838,0.00329
861.62039,0.00302
860.9124,0.00279
860.20442,0.00258
859.49643,0.0024
858.78844,0.00224
858.08045,0.00209
857.37247,0.00197
856.66448,0.00185
855.95649,0.00174
855.24851,0.00165
854.54052,0.00156
853.83253,0.00148
853.12454,0.0014
852.41656,0.00133
851.70857,0.00127
851.00058,0.00121
850.2926,0.00115
849.58461,0.0011
848.87662,0.00106
848.16863,0.00101
847.46065,0.00097
846.75266,0.00094
846.04467,0.0009
845.33669,0.00087
844.6287,0.00085
843.92071,0.00082
843.21272,0.0008
842.50474,0.00078
841.79675,0.00077
841.08876,0.00076
840.38078,0.00075
839.67279,0.00074
838.9648,0.00074
838.25681,0.00074
837.54883,0.00075
836.84084,0.00075
836.13285,0.00076
835.42487,0.00076
834.71688,0.00077
834.00889,0.00078
833.3009,0.00079
832.59292,0.0008
831.88493,0.00081
831.17694,0.00082
830.46895,0.00083
829.76097,0.00085
829.05298,0.00087
828.34499,0.00089
827.63701,0.00091
826.92902,0.00094
826.22103,0.00097
825.51304,0.001
824.80506,0.00104
824.09707,0.00108
823.38908,0.00111
822.6811,0.00116
821.97311,0.0012
821.26512,0.00123
820.55713,0.00127
819.84915,0.00131
819.14116,0.00134
818.43317,0.00137
817.72519,0.0014
817.0172,0.00142
816.30921,0.00145
815.60122,0.00148
814.89324,0.00151
814.18525,0.00154
813.47726,0.00158
812.76928,0.00162
812.06129,0.00167
811.3533,0.00173
810.64531,0.00178
809.93733,0.00185
809.22934,0.00191
808.52135,0.00197
807.81337,0.00203
807.10538,0.00209
806.39739,0.00214
805.6894,0.00218
804.98142,0.00222
804.27343,0.00225
803.56544,0.00227
802.85746,0.00228
802.14947,0.00229
801.44148,0.00229
800.73349,0.00229
800.02551,0.00228
799.31752,0.00228
798.60953,0.00227
797.90154,0.00227
797.19356,0.00227
796.48557,0.00228
795.77758,0.00229
795.0696,0.00231
794.36161,0.00233
793.65362,0.00236
792.94563,0.00239
792.23765,0.00243
791.52966,0.00247
790.82167,0.00251
790.11369,0.00256
789.4057,0.00261
788.69771,0.00266
787.98972,0.0027
787.28174,0.00275
786.57375,0.00279
785.86576,0.00282
785.15778,0.00286
784.44979,0.00289
783.7418,0.00292
783.03381,0.00294
782.32583,0.00297
781.61784,0.003
780.90985,0.00302
780.20187,0.00305
779.49388,0.00308
778.78589,0.00311
778.0779,0.00314
777.36992,0.00316
776.66193,0.00319
775.95394,0.0032
775.24596,0.00322
774.53797,0.00322
773.82998,0.00322
773.12199,0.00321
772.41401,0.0032
771.70602,0.00319
770.99803,0.00317
770.29005,0.00316
769.58206,0.00315
768.87407,0.00315
768.16608,0.00315
767.4581,0.00316
766.75011,0.00318
766.04212,0.00321
765.33413,0.00325
764.62615,0.00329
763.91816,0.00334
763.21017,0.00338
762.50219,0.00343
761.7942,0.00348
761.08621,0.00352
760.37822,0.00356
759.67024,0.0036
758.96225,0.00363
758.25426,0.00366
757.54628,0.00369
756.83829,0.00372
756.1303,0.00376
755.42231,0.00379
754.71433,0.00383
754.00634,0.00386
753.29835,0.0039
752.59037,0.00393
751.88238,0.00397
751.17439,0.004
750.4664,0.00403
749.75842,0.00405
749.05043,0.00407
748.34244,0.00408
747.63446,0.00409
746.92647,0.00409
746.21848,0.00409
745.51049,0.00409
744.80251,0.00409
744.09452,0.00408
743.38653,0.00408
742.67855,0.00407
741.97056,0.00407
741.26257,0.00407
740.55458,0.00407
739.8466,0.00408
739.13861,0.00408
738.43062,0.00408
737.72264,0.00408
737.01465,0.00409
736.30666,0.00409
735.59867,0.0041
734.89069,0.00411
734.1827,0.00412
733.47471,0.00413
732.76672,0.00416
732.05874,0.00418
731.35075,0.00422
730.64276,0.00425
729.93478,0.00429
729.22679,0.00433
728.5188,0.00437
727.81081,0.00441
727.10283,0.00444
726.39484,0.00447
725.68685,0.00449
724.97887,0.00449
724.27088,0.00449
723.56289,0.00448
722.8549,0.00446
722.14692,0.00443
721.43893,0.0044
720.73094,0.00436
720.02296,0.00432
719.31497,0.00428
718.60698,0.00423
717.89899,0.00419
717.19101,0.00414
716.48302,0.00409
715.77503,0.00404
715.06705,0.00399
714.35906,0.00394
713.65107,0.0039
712.94308,0.00385
712.2351,0.00381
711.52711,0.00377
710.81912,0.00373
710.11114,0.0037
709.40315,0.00367
708.69516,0.00364
707.98717,0.00361
707.27919,0.00359
706.5712,0.00357
705.86321,0.00356
705.15523,0.00354
704.44724,0.00354
703.73925,0.00353
703.03126,0.00353
702.32328,0.00353
701.61529,0.00353
700.9073,0.00354
700.19931,0.00355
699.49133,0.00356
698.78334,0.00357
698.07535,0.00358
697.36737,0.0036
696.65938,0.00361
695.95139,0.00362
695.2434,0.00364
694.53542,0.00365
693.82743,0.00366
693.11944,0.00367
692.41146,0.00367
691.70347,0.00368
690.99548,0.00368
690.28749,0.00367
689.57951,0.00367
688.87152,0.00365
688.16353,0.00364
687.45555,0.00362
686.74756,0.0036
686.03957,0.00357
685.33158,0.00354
684.6236,0.00351
683.91561,0.00347
683.20762,0.00343
682.49964,0.00338
681.79165,0.00333
681.08366,0.00328
680.37567,0.00323
679.66769,0.00317
678.9597,0.00311
678.25171,0.00305
677.54373,0.00299
676.83574,0.00293
676.12775,0.00286
675.41976,0.0028
674.71178,0.00273
674.00379,0.00266
673.2958,0.0026
672.58782,0.00253
671.87983,0.00247
671.17184,0.00241
670.46385,0.00235
669.75587,0.00229
669.04788,0.00223
668.33989,0.00217
667.6319,0.00212
666.92392,0.00207
666.21593,0.00202
665.50794,0.00198
664.79996,0.00193
664.09197,0.00189
663.38398,0.00184
662.67599,0.0018
661.96801,0.00175
661.26002,0.00171
660.55203,0.00166
659.84405,0.00161
659.13606,0.00156
658.42807,0.0015
657.72008,0.00144
657.0121,0.00138
656.30411,0.00132
655.59612,0.00125
654.88814,0.00118
654.18015,0.0011
653.47216,0.00103
652.76417,0.00094
652.05619,0.00086
651.3482,0.00077
650.64021,0.00069
649.93223,0.00059
649.22424,0.0005
648.51625,0.00041
647.80826,0.00032
647.10028,0.00022
646.39229,0.00013
645.6843,4e-05
644.97632,-5e-05
644.26833,-0.00014
643.56034,-0.00023
642.85235,-0.00031
642.14437,-0.0004
641.43638,-0.00048
640.72839,-0.00056
640.02041,-0.00064
639.31242,-0.00071
638.60443,-0.00079
637.89644,-0.00087
637.18846,-0.00094
636.48047,-0.00102
635.77248,-0.0011
635.06449,-0.00118
634.35651,-0.00126
633.64852,-0.00135
632.94053,-0.00143
632.23255,-0.00152
631.52456,-0.00162
630.81657,-0.00172
630.10858,-0.00182
629.4006,-0.00193
628.69261,-0.00204
627.98462,-0.00215
627.27664,-0.00225
626.56865,-0.00235
625.86066,-0.00243
625.15267,-0.00251
624.44469,-0.00258
623.7367,-0.00265
623.02871,-0.00271
622.32073,-0.00278
621.61274,-0.00284
620.90475,-0.00291
620.19676,-0.00298
619.48878,-0.00307
618.78079,-0.00316
618.0728,-0.00325
617.36482,-0.00336
616.65683,-0.00347
615.94884,-0.00358
615.24085,-0.0037
614.53287,-0.00382
613.82488,-0.00394
613.11689,-0.00407
612.40891,-0.00419
611.70092,-0.00432
610.99293,-0.00445
610.28494,-0.00458
609.57696,-0.00472
608.86897,-0.00486
608.16098,-0.005
607.453,-0.00514
606.74501,-0.00529
606.03702,-0.00542
605.32903,-0.00555
604.62105,-0.00568
603.91306,-0.00579
603.20507,-0.00588
602.49708,-0.00596
601.7891,-0.00603
601.08111,-0.00608
600.37312,-0.00612
599.66514,-0.00614
598.95715,-0.00616
598.24916,-0.00618
597.54117,-0.00619
596.83319,-0.00621
596.1252,-0.00623
595.41721,-0.00627
594.70923,-0.00631
594.00124,-0.00637
593.29325,-0.00644
592.58526,-0.00653
591.87728,-0.00662
591.16929,-0.00673
590.4613,-0.00684
589.75332,-0.00696
589.04533,-0.00709
588.33734,-0.00721
587.62935,-0.00733
586.92137,-0.00745
586.21338,-0.00757
585.50539,-0.00769
584.79741,-0.00781
584.08942,-0.00793
583.38143,-0.00805
582.67344,-0.00818
581.96546,-0.00831
581.25747,-0.00845
580.54948,-0.00859
579.8415,-0.00874
579.13351,-0.0089
578.42552,-0.00907
577.71753,-0.00923
577.00955,-0.00941
576.30156,-0.00959
575.59357,-0.00977
574.88559,-0.00995
574.1776,-0.01014
573.46961,-0.01033
572.76162,-0.01052
572.05364,-0.01072
571.34565,-0.01091
570.63766,-0.01111
569.92967,-0.0113
569.22169,-0.01148
568.5137,-0.01165
567.80571,-0.01182
567.09773,-0.01197
566.38974,-0.0121
565.68175,-0.01222
564.97376,-0.01233
564.26578,-0.01242
563.55779,-0.01251
562.8498,-0.01259
562.14182,-0.01267
561.43383,-0.01276
560.72584,-0.01284
560.01785,-0.01294
559.30987,-0.01304
558.60188,-0.01314
557.89389,-0.01325
557.18591,-0.01336
556.47792,-0.01347
555.76993,-0.01357
555.06194,-0.01367
554.35396,-0.01376
553.64597,-0.01383
552.93798,-0.0139
552.23,-0.01396
551.52201,-0.01401
550.81402,-0.01405
550.10603,-0.0141
549.39805,-0.01415
548.69006,-0.01421
547.98207,-0.01428
547.27409,-0.01436
546.5661,-0.01446
545.85811,-0.01458
545.15012,-0.01471
544.44214,-0.01485
543.73415,-0.01501
543.02616,-0.01518
542.31818,-0.01535
541.61019,-0.01553
540.9022,-0.01572
540.19421,-0.0159
539.48623,-0.01609
538.77824,-0.01627
538.07025,-0.01645
537.36226,-0.01663
536.65428,-0.01681
535.94629,-0.01698
535.2383,-0.01714
534.53032,-0.0173
533.82233,-0.01745
533.11434,-0.01759
532.40635,-0.01771
531.69837,-0.01782
530.99038,-0.01792
530.28239,-0.018
529.57441,-0.01807
528.86642,-0.01813
528.15843,-0.01818
527.45044,-0.01823
526.74246,-0.01827
526.03447,-0.01831
525.32648,-0.01835
524.6185,-0.0184
523.91051,-0.01846
523.20252,-0.01852
522.49453,-0.01858
521.78655,-0.01865
521.07856,-0.01873
520.37057,-0.01882
519.66259,-0.01892
518.9546,-0.01902
518.24661,-0.01913
517.53862,-0.01924
516.83064,-0.01937
516.12265,-0.0195
515.41466,-0.01964
514.70668,-0.01978
513.99869,-0.01992
513.2907,-0.02006
512.58271,-0.0202
511.87473,-0.02034
511.16674,-0.02047
510.45875,-0.02058
509.75077,-0.02069
509.04278,-0.02079
508.33479,-0.02087
507.6268,-0.02095
506.91882,-0.02102
506.21083,-0.02108
505.50284,-0.02114
504.79485,-0.0212
504.08687,-0.02126
503.37888,-0.02133
502.67089,-0.0214
501.96291,-0.02149
501.25492,-0.02158
500.54693,-0.02169
499.83894,-0.02181
499.13096,-0.02196
498.42297,-0.02211
497.71498,-0.02229
497.007,-0.02248
496.29901,-0.02269
495.59102,-0.02291
494.88303,-0.02315
494.17505,-0.02339
493.46706,-0.02363
492.75907,-0.02387
492.05109,-0.0241
491.3431,-0.02432
490.63511,-0.02452
489.92712,-0.02471
489.21914,-0.02488
488.51115,-0.02503
487.80316,-0.02516
487.09518,-0.02527
486.38719,-0.02537
485.6792,-0.02546
484.97121,-0.02554
484.26323,-0.02561
483.55524,-0.02568
482.84725,-0.02575
482.13927,-0.02581
481.43128,-0.02588
480.72329,-0.02596
480.0153,-0.02604
479.30732,-0.02614
478.59933,-0.02625
477.89134,-0.02638
477.18336,-0.02654
476.47537,-0.02672
475.76738,-0.02693
475.05939,-0.02716
474.35141,-0.02741
473.64342,-0.02767
472.93543,-0.02795
472.22744,-0.02821
471.51946,-0.02847
470.81147,-0.0287
470.10348,-0.02891
469.3955,-0.02907
468.68751,-0.0292
467.97952,-0.02929
467.27153,-0.02934
466.56355,-0.02937
465.85556,-0.02938
465.14757,-0.02937
464.43959,-0.02937
463.7316,-0.02938
463.02361,-0.02941
462.31562,-0.02946
461.60764,-0.02955
460.89965,-0.02968
460.19166,-0.02984
459.48368,-0.03003
458.77569,-0.03026
458.0677,-0.03051
457.35971,-0.03077
456.65173,-0.03104
455.94374,-0.03131
455.23575,-0.03156
454.52777,-0.0318
453.81978,-0.03202
453.11179,-0.03221
452.4038,-0.03238
451.69582,-0.03252
450.98783,-0.03265
450.27984,-0.03274
449.57186,-0.03282
448.86387,-0.03288
448.15588,-0.03292
447.44789,-0.03293
446.73991,-0.03293
446.03192,-0.0329
445.32393,-0.03285
444.61595,-0.03276
443.90796,-0.03265
443.19997,-0.0325
442.49198,-0.03232
441.784,-0.03211
441.07601,-0.03186
440.36802,-0.0316
439.66003,-0.03131
438.95205,-0.03102
438.24406,-0.03072
437.53607,-0.03044
436.82809,-0.03017
436.1201,-0.02993
435.41211,-0.02973
434.70412,-0.02956
433.99614,-0.02943
433.28815,-0.02935
432.58016,-0.02931
431.87218,-0.02931
431.16419,-0.02934
430.4562,-0.02941
429.74821,-0.0295
429.04023,-0.02962
428.33224,-0.02976
427.62425,-0.02992
426.91627,-0.03009
426.20828,-0.03027
425.50029,-0.03047
424.7923,-0.03068
424.08432,-0.0309
423.37633,-0.03113
422.66834,-0.03137
421.96036,-0.03161
421.25237,-0.03186
420.54438,-0.0321
419.83639,-0.03232
419.12841,-0.03253
418.42042,-0.03271
417.71243,-0.03287
417.00445,-0.033
416.29646,-0.03311
415.58847,-0.03321
414.88048,-0.03329
414.1725,-0.03337
413.46451,-0.03346
412.75652,-0.03355
412.04854,-0.03364
411.34055,-0.03375
410.63256,-0.03387
409.92457,-0.03399
409.21659,-0.0341
408.5086,-0.0342
407.80061,-0.03428
407.09262,-0.03433
406.38464,-0.03434
405.67665,-0.03433
404.96866,-0.03428
404.26068,-0.0342
403.55269,-0.03411
402.8447,-0.03403
402.13671,-0.03397
401.42873,-0.03395
400.72074,-0.034
400.01275,-0.03413
399.30477,-0.03436
398.59678,-0.0347
397.88879,-0.03512
397.1808,-0.03562
396.47282,-0.03617
395.76483,-0.03674
395.05684,-0.03729
394.34886,-0.03779
393.64087,-0.03823
392.93288,-0.0386
392.22489,-0.03889
391.51691,-0.03911
390.80892,-0.03927
390.10093,-0.03938
389.39295,-0.03944
388.68496,-0.03948
387.97697,-0.0395
387.26898,-0.03952
386.561,-0.03954
385.85301,-0.03958
385.14502,-0.03963
384.43704,-0.0397
383.72905,-0.0398
383.02106,-0.03994
382.31307,-0.04011
381.60509,-0.04031
380.8971,-0.04056
380.18911,-0.04085
379.48113,-0.04118
378.77314,-0.04155
378.06515,-0.04194
377.35716,-0.04236
376.64918,-0.04277
375.94119,-0.04318
375.2332,-0.04356
374.52521,-0.04393
