24B,
Longitud de onda,Absorbancia
3998.71156,-0.00027
3998.00357,-0.00027
3997.29558,-0.00026
3996.5876,-0.00025
3995.87961,-0.00024
3995.17162,-0.00024
3994.46363,-0.00023
3993.75565,-0.00022
3993.04766,-0.00021
3992.33967,-0.00021
3991.63169,-0.0002
3990.9237,-0.0002
3990.21571,-0.0002
3989.50772,-0.00019
3988.79974,-0.00019
3988.09175,-0.00019
3987.38376,-0.0002
3986.67578,-0.0002
3985.96779,-0.0002
3985.2598,-0.00021
3984.55181,-0.00021
3983.84383,-0.00022
3983.13584,-0.00023
3982.42785,-0.00024
3981.71987,-0.00024
3981.01188,-0.00025
3980.30389,-0.00026
3979.5959,-0.00027
3978.88792,-0.00028
3978.17993,-0.00028
3977.47194,-0.00029
3976.76396,-0.0003
3976.05597,-0.0003
3975.34798,-0.00031
3974.63999,-0.00031
3973.93201,-0.00032
3973.22402,-0.00032
3972.51603,-0.00033
3971.80805,-0.00033
3971.10006,-0.00034
3970.39207,-0.00034
3969.68408,-0.00035
3968.9761,-0.00035
3968.26811,-0.00035
3967.56012,-0.00036
3966.85213,-0.00036
3966.14415,-0.00036
3965.43616,-0.00036
3964.72817,-0.00036
3964.02019,-0.00036
3963.3122,-0.00036
3962.60421,-0.00036
3961.89622,-0.00036
3961.18824,-0.00036
3960.48025,-0.00036
3959.77226,-0.00035
3959.06428,-0.00035
3958.35629,-0.00035
3957.6483,-0.00035
3956.94031,-0.00035
3956.23233,-0.00035
3955.52434,-0.00035
3954.81635,-0.00035
3954.10837,-0.00036
3953.40038,-0.00036
3952.69239,-0.00037
3951.9844,-0.00037
3951.27642,-0.00038
3950.56843,-0.00039
3949.86044,-0.00039
3949.15246,-0.0004
3948.44447,-0.00041
3947.73648,-0.00042
3947.02849,-0.00042
3946.32051,-0.00043
3945.61252,-0.00044
3944.90453,-0.00044
3944.19655,-0.00045
3943.48856,-0.00045
3942.78057,-0.00045
3942.07258,-0.00045
3941.3646,-0.00045
3940.65661,-0.00044
3939.94862,-0.00044
3939.24064,-0.00043
3938.53265,-0.00042
3937.82466,-0.00042
3937.11667,-0.00041
3936.40869,-0.00039
3935.7007,-0.00038
3934.99271,-0.00037
3934.28472,-0.00036
3933.57674,-0.00034
3932.86875,-0.00033
3932.16076,-0.00031
3931.45278,-0.0003
3930.74479,-0.00029
3930.0368,-0.00028
3929.32881,-0.00026
3928.62083,-0.00025
3927.91284,-0.00025
3927.20485,-0.00024
3926.49687,-0.00023
3925.78888,-0.00023
3925.08089,-0.00023
3924.3729,-0.00023
3923.66492,-0.00023
3922.95693,-0.00023
3922.24894,-0.00023
3921.54096,-0.00024
3920.83297,-0.00024
3920.12498,-0.00025
3919.41699,-0.00025
3918.70901,-0.00026
3918.00102,-0.00026
3917.29303,-0.00027
3916.58505,-0.00028
3915.87706,-0.00028
3915.16907,-0.00029
3914.46108,-0.00029
3913.7531,-0.0003
3913.04511,-0.00031
3912.33712,-0.00031
3911.62914,-0.00032
3910.92115,-0.00033
3910.21316,-0.00034
3909.50517,-0.00034
3908.79719,-0.00035
3908.0892,-0.00036
3907.38121,-0.00037
3906.67323,-0.00038
3905.96524,-0.00038
3905.25725,-0.00039
3904.54926,-0.0004
3903.84128,-0.0004
3903.13329,-0.00041
3902.4253,-0.00041
3901.71731,-0.00041
3901.00933,-0.00041
3900.30134,-0.00041
3899.59335,-0.00041
3898.88537,-0.00041
3898.17738,-0.0004
3897.46939,-0.00039
3896.7614,-0.00039
3896.05342,-0.00038
3895.34543,-0.00037
3894.63744,-0.00036
3893.92946,-0.00035
3893.22147,-0.00034
3892.51348,-0.00034
3891.80549,-0.00033
3891.09751,-0.00032
3890.38952,-0.00031
3889.68153,-0.0003
3888.97355,-0.0003
3888.26556,-0.00029
3887.55757,-0.00028
3886.84958,-0.00028
3886.1416,-0.00027
3885.43361,-0.00027
3884.72562,-0.00026
3884.01764,-0.00026
3883.30965,-0.00026
3882.60166,-0.00025
3881.89367,-0.00025
3881.18569,-0.00024
3880.4777,-0.00023
3879.76971,-0.00023
3879.06173,-0.00022
3878.35374,-0.00022
3877.64575,-0.00021
3876.93776,-0.0002
3876.22978,-0.00019
3875.52179,-0.00019
3874.8138,-0.00018
3874.10582,-0.00017
3873.39783,-0.00016
3872.68984,-0.00015
3871.98185,-0.00015
3871.27387,-0.00014
3870.56588,-0.00013
3869.85789,-0.00013
3869.1499,-0.00012
3868.44192,-0.00012
3867.73393,-0.00011
3867.02594,-0.00011
3866.31796,-0.00011
3865.60997,-0.00011
3864.90198,-0.00011
3864.19399,-0.00011
3863.48601,-0.00011
3862.77802,-0.00011
3862.07003,-0.00011
3861.36205,-0.00012
3860.65406,-0.00012
3859.94607,-0.00012
3859.23808,-0.00013
3858.5301,-0.00013
3857.82211,-0.00013
3857.11412,-0.00014
3856.40614,-0.00014
3855.69815,-0.00014
3854.99016,-0.00015
3854.28217,-0.00015
3853.57419,-0.00015
3852.8662,-0.00015
3852.15821,-0.00015
3851.45023,-0.00016
3850.74224,-0.00016
3850.03425,-0.00016
3849.32626,-0.00016
3848.61828,-0.00016
3847.91029,-0.00016
3847.2023,-0.00017
3846.49432,-0.00017
3845.78633,-0.00017
3845.07834,-0.00018
3844.37035,-0.00018
3843.66237,-0.00019
3842.95438,-0.00019
3842.24639,-0.0002
3841.53841,-0.00021
3840.83042,-0.00021
3840.12243,-0.00022
3839.41444,-0.00023
3838.70646,-0.00024
3837.99847,-0.00024
3837.29048,-0.00025
3836.58249,-0.00025
3835.87451,-0.00026
3835.16652,-0.00026
3834.45853,-0.00027
3833.75055,-0.00027
3833.04256,-0.00027
3832.33457,-0.00028
3831.62658,-0.00028
3830.9186,-0.00028
3830.21061,-0.00027
3829.50262,-0.00027
3828.79464,-0.00027
3828.08665,-0.00027
3827.37866,-0.00026
3826.67067,-0.00026
3825.96269,-0.00025
3825.2547,-0.00025
3824.54671,-0.00024
3823.83873,-0.00024
3823.13074,-0.00023
3822.42275,-0.00022
3821.71476,-0.00022
3821.00678,-0.00022
3820.29879,-0.00021
3819.5908,-0.00021
3818.88282,-0.00021
3818.17483,-0.00021
3817.46684,-0.00021
3816.75885,-0.00021
3816.05087,-0.00021
3815.34288,-0.00022
3814.63489,-0.00022
3813.92691,-0.00023
3813.21892,-0.00024
3812.51093,-0.00024
3811.80294,-0.00025
3811.09496,-0.00026
3810.38697,-0.00026
3809.67898,-0.00027
3808.971,-0.00028
3808.26301,-0.00029
3807.55502,-0.00029
3806.84703,-0.0003
3806.13905,-0.0003
3805.43106,-0.00031
3804.72307,-0.00031
3804.01508,-0.00031
3803.3071,-0.00032
3802.59911,-0.00032
3801.89112,-0.00032
3801.18314,-0.00033
3800.47515,-0.00033
3799.76716,-0.00034
3799.05917,-0.00035
3798.35119,-0.00035
3797.6432,-0.00036
3796.93521,-0.00037
3796.22723,-0.00038
3795.51924,-0.0004
3794.81125,-0.00041
3794.10326,-0.00042
3793.39528,-0.00044
3792.68729,-0.00045
3791.9793,-0.00047
3791.27132,-0.00048
3790.56333,-0.0005
3789.85534,-0.00052
3789.14735,-0.00053
3788.43937,-0.00055
3787.73138,-0.00056
3787.02339,-0.00058
3786.31541,-0.00059
3785.60742,-0.00061
3784.89943,-0.00062
3784.19144,-0.00063
3783.48346,-0.00064
3782.77547,-0.00065
3782.06748,-0.00066
3781.3595,-0.00067
3780.65151,-0.00067
3779.94352,-0.00068
3779.23553,-0.00068
3778.52755,-0.00068
3777.81956,-0.00068
3777.11157,-0.00068
3776.40359,-0.00068
3775.6956,-0.00068
3774.98761,-0.00068
3774.27962,-0.00068
3773.57164,-0.00067
3772.86365,-0.00067
3772.15566,-0.00066
3771.44767,-0.00066
3770.73969,-0.00065
3770.0317,-0.00064
3769.32371,-0.00063
3768.61573,-0.00063
3767.90774,-0.00062
3767.19975,-0.00061
3766.49176,-0.0006
3765.78378,-0.00059
3765.07579,-0.00057
3764.3678,-0.00056
3763.65982,-0.00055
3762.95183,-0.00054
3762.24384,-0.00052
3761.53585,-0.00051
3760.82787,-0.0005
3760.11988,-0.00048
3759.41189,-0.00047
3758.70391,-0.00046
3757.99592,-0.00044
3757.28793,-0.00043
3756.57994,-0.00041
3755.87196,-0.0004
3755.16397,-0.00039
3754.45598,-0.00037
3753.748,-0.00036
3753.04001,-0.00035
3752.33202,-0.00034
3751.62403,-0.00032
3750.91605,-0.00031
3750.20806,-0.0003
3749.50007,-0.00029
3748.79209,-0.00029
3748.0841,-0.00028
3747.37611,-0.00027
3746.66812,-0.00026
3745.96014,-0.00026
3745.25215,-0.00025
3744.54416,-0.00025
3743.83618,-0.00024
3743.12819,-0.00024
3742.4202,-0.00023
3741.71221,-0.00023
3741.00423,-0.00023
3740.29624,-0.00023
3739.58825,-0.00023
3738.88026,-0.00023
3738.17228,-0.00024
3737.46429,-0.00024
3736.7563,-0.00024
3736.04832,-0.00025
3735.34033,-0.00026
3734.63234,-0.00026
3733.92435,-0.00027
3733.21637,-0.00028
3732.50838,-0.00029
3731.80039,-0.0003
3731.09241,-0.00031
3730.38442,-0.00033
3729.67643,-0.00034
3728.96844,-0.00035
3728.26046,-0.00037
3727.55247,-0.00039
3726.84448,-0.0004
3726.1365,-0.00042
3725.42851,-0.00044
3724.72052,-0.00047
3724.01253,-0.00049
3723.30455,-0.00052
3722.59656,-0.00054
3721.88857,-0.00057
3721.18059,-0.0006
3720.4726,-0.00063
3719.76461,-0.00066
3719.05662,-0.0007
3718.34864,-0.00073
3717.64065,-0.00076
3716.93266,-0.0008
3716.22468,-0.00083
3715.51669,-0.00087
3714.8087,-0.0009
3714.10071,-0.00093
3713.39273,-0.00096
3712.68474,-0.00099
3711.97675,-0.00102
3711.26877,-0.00105
3710.56078,-0.00107
3709.85279,-0.0011
3709.1448,-0.00112
3708.43682,-0.00114
3707.72883,-0.00116
3707.02084,-0.00118
3706.31285,-0.00119
3705.60487,-0.00121
3704.89688,-0.00122
3704.18889,-0.00124
3703.48091,-0.00125
3702.77292,-0.00127
3702.06493,-0.00129
3701.35694,-0.0013
3700.64896,-0.00132
3699.94097,-0.00134
3699.23298,-0.00135
3698.525,-0.00137
3697.81701,-0.0014
3697.10902,-0.00142
3696.40103,-0.00144
3695.69305,-0.00147
3694.98506,-0.0015
3694.27707,-0.00153
3693.56909,-0.00156
3692.8611,-0.00159
3692.15311,-0.00163
3691.44512,-0.00167
3690.73714,-0.00171
3690.02915,-0.00175
3689.32116,-0.0018
3688.61318,-0.00185
3687.90519,-0.0019
3687.1972,-0.00195
3686.48921,-0.00201
3685.78123,-0.00206
3685.07324,-0.00212
3684.36525,-0.00218
3683.65727,-0.00225
3682.94928,-0.00231
3682.24129,-0.00238
3681.5333,-0.00245
3680.82532,-0.00252
3680.11733,-0.00259
3679.40934,-0.00266
3678.70136,-0.00274
3677.99337,-0.00282
3677.28538,-0.0029
3676.57739,-0.00298
3675.86941,-0.00306
3675.16142,-0.00314
3674.45343,-0.00322
3673.74544,-0.00331
3673.03746,-0.00339
3672.32947,-0.00348
3671.62148,-0.00356
3670.9135,-0.00364
3670.20551,-0.00373
3669.49752,-0.00381
3668.78953,-0.00389
3668.08155,-0.00397
3667.37356,-0.00405
3666.66557,-0.00413
3665.95759,-0.00421
3665.2496,-0.00429
3664.54161,-0.00436
3663.83362,-0.00444
3663.12564,-0.00452
3662.41765,-0.00459
3661.70966,-0.00467
3661.00168,-0.00475
3660.29369,-0.00483
3659.5857,-0.00491
3658.87771,-0.00499
3658.16973,-0.00507
3657.46174,-0.00516
3656.75375,-0.00525
3656.04577,-0.00534
3655.33778,-0.00543
3654.62979,-0.00552
3653.9218,-0.00562
3653.21382,-0.00572
3652.50583,-0.00582
3651.79784,-0.00592
3651.08986,-0.00603
3650.38187,-0.00613
3649.67388,-0.00624
3648.96589,-0.00635
3648.25791,-0.00646
3647.54992,-0.00656
3646.84193,-0.00667
3646.13395,-0.00677
3645.42596,-0.00687
3644.71797,-0.00697
3644.00998,-0.00707
3643.302,-0.00717
3642.59401,-0.00726
3641.88602,-0.00735
3641.17803,-0.00744
3640.47005,-0.00753
3639.76206,-0.00762
3639.05407,-0.0077
3638.34609,-0.00778
3637.6381,-0.00786
3636.93011,-0.00794
3636.22212,-0.00802
3635.51414,-0.00809
3634.80615,-0.00817
3634.09816,-0.00824
3633.39018,-0.00831
3632.68219,-0.00838
3631.9742,-0.00845
3631.26621,-0.00852
3630.55823,-0.00859
3629.85024,-0.00865
3629.14225,-0.00872
3628.43427,-0.00878
3627.72628,-0.00885
3627.01829,-0.00891
3626.3103,-0.00897
3625.60232,-0.00903
3624.89433,-0.00909
3624.18634,-0.00915
3623.47836,-0.00921
3622.77037,-0.00927
3622.06238,-0.00932
3621.35439,-0.00938
3620.64641,-0.00944
3619.93842,-0.00949
3619.23043,-0.00954
3618.52245,-0.0096
3617.81446,-0.00965
3617.10647,-0.0097
3616.39848,-0.00975
3615.6905,-0.00979
3614.98251,-0.00984
3614.27452,-0.00988
3613.56654,-0.00993
3612.85855,-0.00997
3612.15056,-0.01001
3611.44257,-0.01005
3610.73459,-0.01009
3610.0266,-0.01013
3609.31861,-0.01017
3608.61063,-0.0102
3607.90264,-0.01024
3607.19465,-0.01027
3606.48666,-0.01031
3605.77868,-0.01034
3605.07069,-0.01037
3604.3627,-0.01041
3603.65471,-0.01044
3602.94673,-0.01047
3602.23874,-0.0105
3601.53075,-0.01053
3600.82277,-0.01055
3600.11478,-0.01058
3599.40679,-0.01061
3598.6988,-0.01064
3597.99082,-0.01066
3597.28283,-0.01069
3596.57484,-0.01072
3595.86686,-0.01074
3595.15887,-0.01077
3594.45088,-0.01079
3593.74289,-0.01082
3593.03491,-0.01085
3592.32692,-0.01087
3591.61893,-0.0109
3590.91095,-0.01093
3590.20296,-0.01095
3589.49497,-0.01098
3588.78698,-0.01101
3588.079,-0.01103
3587.37101,-0.01106
3586.66302,-0.01109
3585.95504,-0.01111
3585.24705,-0.01114
3584.53906,-0.01116
3583.83107,-0.01119
3583.12309,-0.01122
3582.4151,-0.01125
3581.70711,-0.01127
3580.99913,-0.0113
3580.29114,-0.01133
3579.58315,-0.01135
3578.87516,-0.01138
3578.16718,-0.01141
3577.45919,-0.01143
3576.7512,-0.01146
3576.04322,-0.01148
3575.33523,-0.0115
3574.62724,-0.01152
3573.91925,-0.01153
3573.21127,-0.01155
3572.50328,-0.01156
3571.79529,-0.01157
3571.0873,-0.01158
3570.37932,-0.01159
3569.67133,-0.01159
3568.96334,-0.01159
3568.25536,-0.01159
3567.54737,-0.01159
3566.83938,-0.01159
3566.13139,-0.01159
3565.42341,-0.01159
3564.71542,-0.01159
3564.00743,-0.01159
3563.29945,-0.01159
3562.59146,-0.0116
3561.88347,-0.0116
3561.17548,-0.01161
3560.4675,-0.01161
3559.75951,-0.01162
3559.05152,-0.01164
3558.34354,-0.01165
3557.63555,-0.01166
3556.92756,-0.01168
3556.21957,-0.0117
3555.51159,-0.01171
3554.8036,-0.01173
3554.09561,-0.01175
3553.38763,-0.01177
3552.67964,-0.01179
3551.97165,-0.01181
3551.26366,-0.01183
3550.55568,-0.01185
3549.84769,-0.01187
3549.1397,-0.01189
3548.43172,-0.01191
3547.72373,-0.01193
3547.01574,-0.01195
3546.30775,-0.01197
3545.59977,-0.01199
3544.89178,-0.01201
3544.18379,-0.01203
3543.47581,-0.01204
3542.76782,-0.01206
3542.05983,-0.01208
3541.35184,-0.01209
3540.64386,-0.01211
3539.93587,-0.01212
3539.22788,-0.01213
3538.51989,-0.01215
3537.81191,-0.01216
3537.10392,-0.01217
3536.39593,-0.01217
3535.68795,-0.01218
3534.97996,-0.01219
3534.27197,-0.01219
3533.56398,-0.0122
3532.856,-0.0122
3532.14801,-0.01221
3531.44002,-0.01222
3530.73204,-0.01222
3530.02405,-0.01223
3529.31606,-0.01224
3528.60807,-0.01225
3527.90009,-0.01227
3527.1921,-0.01228
3526.48411,-0.0123
3525.77613,-0.01232
3525.06814,-0.01234
3524.36015,-0.01237
3523.65216,-0.0124
3522.94418,-0.01243
3522.23619,-0.01246
3521.5282,-0.01249
3520.82022,-0.01252
3520.11223,-0.01256
3519.40424,-0.01259
3518.69625,-0.01263
3517.98827,-0.01266
3517.28028,-0.01269
3516.57229,-0.01273
3515.86431,-0.01276
3515.15632,-0.01279
3514.44833,-0.01281
3513.74034,-0.01284
3513.03236,-0.01286
3512.32437,-0.01289
3511.61638,-0.01291
3510.9084,-0.01293
3510.20041,-0.01295
3509.49242,-0.01297
3508.78443,-0.01298
3508.07645,-0.013
3507.36846,-0.01302
3506.66047,-0.01304
3505.95248,-0.01305
3505.2445,-0.01307
3504.53651,-0.01309
3503.82852,-0.0131
3503.12054,-0.01312
3502.41255,-0.01314
3501.70456,-0.01316
3500.99657,-0.01319
3500.28859,-0.01321
3499.5806,-0.01323
3498.87261,-0.01326
3498.16463,-0.01329
3497.45664,-0.01332
3496.74865,-0.01335
3496.04066,-0.01338
3495.33268,-0.01341
3494.62469,-0.01345
3493.9167,-0.01348
3493.20872,-0.01352
3492.50073,-0.01356
3491.79274,-0.0136
3491.08475,-0.01364
3490.37677,-0.01368
3489.66878,-0.01372
3488.96079,-0.01376
3488.25281,-0.0138
3487.54482,-0.01384
3486.83683,-0.01388
3486.12884,-0.01392
3485.42086,-0.01396
3484.71287,-0.014
3484.00488,-0.01403
3483.2969,-0.01407
3482.58891,-0.0141
3481.88092,-0.01414
3481.17293,-0.01417
3480.46495,-0.01421
3479.75696,-0.01424
3479.04897,-0.01427
3478.34099,-0.01431
3477.633,-0.01434
3476.92501,-0.01437
3476.21702,-0.01441
3475.50904,-0.01444
3474.80105,-0.01448
3474.09306,-0.01451
3473.38507,-0.01455
3472.67709,-0.01458
3471.9691,-0.01461
3471.26111,-0.01465
3470.55313,-0.01468
3469.84514,-0.01471
3469.13715,-0.01475
3468.42916,-0.01478
3467.72118,-0.01481
3467.01319,-0.01484
3466.3052,-0.01488
3465.59722,-0.01491
3464.88923,-0.01495
3464.18124,-0.01498
3463.47325,-0.01502
3462.76527,-0.01506
3462.05728,-0.0151
3461.34929,-0.01514
3460.64131,-0.01519
3459.93332,-0.01523
3459.22533,-0.01528
3458.51734,-0.01533
3457.80936,-0.01537
3457.10137,-0.01542
3456.39338,-0.01547
3455.6854,-0.01552
3454.97741,-0.01557
3454.26942,-0.01561
3453.56143,-0.01566
3452.85345,-0.01571
3452.14546,-0.01575
3451.43747,-0.0158
3450.72949,-0.01584
3450.0215,-0.01588
3449.31351,-0.01592
3448.60552,-0.01596
3447.89754,-0.016
3447.18955,-0.01604
3446.48156,-0.01608
3445.77358,-0.01612
3445.06559,-0.01616
3444.3576,-0.0162
3443.64961,-0.01624
3442.94163,-0.01628
3442.23364,-0.01632
3441.52565,-0.01637
3440.81766,-0.01641
3440.10968,-0.01646
3439.40169,-0.0165
3438.6937,-0.01655
3437.98572,-0.0166
3437.27773,-0.01664
3436.56974,-0.01669
3435.86175,-0.01675
3435.15377,-0.0168
3434.44578,-0.01685
3433.73779,-0.0169
3433.02981,-0.01696
3432.32182,-0.01701
3431.61383,-0.01706
3430.90584,-0.01712
3430.19786,-0.01717
3429.48987,-0.01722
3428.78188,-0.01727
3428.0739,-0.01733
3427.36591,-0.01738
3426.65792,-0.01743
3425.94993,-0.01748
3425.24195,-0.01753
3424.53396,-0.01757
3423.82597,-0.01762
3423.11799,-0.01766
3422.41,-0.01771
3421.70201,-0.01775
3420.99402,-0.0178
3420.28604,-0.01784
3419.57805,-0.01788
3418.87006,-0.01792
3418.16208,-0.01796
3417.45409,-0.018
3416.7461,-0.01804
3416.03811,-0.01808
3415.33013,-0.01811
3414.62214,-0.01815
3413.91415,-0.01819
3413.20617,-0.01823
3412.49818,-0.01827
3411.79019,-0.01831
3411.0822,-0.01835
3410.37422,-0.01839
3409.66623,-0.01843
3408.95824,-0.01847
3408.25025,-0.01851
3407.54227,-0.01855
3406.83428,-0.01859
3406.12629,-0.01862
3405.41831,-0.01866
3404.71032,-0.01869
3404.00233,-0.01873
3403.29434,-0.01877
3402.58636,-0.0188
3401.87837,-0.01884
3401.17038,-0.01887
3400.4624,-0.01891
3399.75441,-0.01894
3399.04642,-0.01898
3398.33843,-0.01902
3397.63045,-0.01906
3396.92246,-0.0191
3396.21447,-0.01914
3395.50649,-0.01918
3394.7985,-0.01922
3394.09051,-0.01927
3393.38252,-0.01931
3392.67454,-0.01935
3391.96655,-0.01939
3391.25856,-0.01943
3390.55058,-0.01947
3389.84259,-0.01951
3389.1346,-0.01955
3388.42661,-0.01959
3387.71863,-0.01962
3387.01064,-0.01966
3386.30265,-0.01969
3385.59467,-0.01972
3384.88668,-0.01975
3384.17869,-0.01978
3383.4707,-0.0198
3382.76272,-0.01983
3382.05473,-0.01985
3381.34674,-0.01987
3380.63876,-0.01989
3379.93077,-0.01991
3379.22278,-0.01993
3378.51479,-0.01995
3377.80681,-0.01997
3377.09882,-0.01998
3376.39083,-0.02
3375.68284,-0.02001
3374.97486,-0.02002
3374.26687,-0.02003
3373.55888,-0.02004
3372.8509,-0.02005
3372.14291,-0.02006
3371.43492,-0.02007
3370.72693,-0.02007
3370.01895,-0.02008
3369.31096,-0.02008
3368.60297,-0.02009
3367.89499,-0.0201
3367.187,-0.0201
3366.47901,-0.02011
3365.77102,-0.02011
3365.06304,-0.02012
3364.35505,-0.02013
3363.64706,-0.02015
3362.93908,-0.02016
3362.23109,-0.02018
3361.5231,-0.0202
3360.81511,-0.02022
3360.10713,-0.02024
3359.39914,-0.02027
3358.69115,-0.0203
3357.98317,-0.02033
3357.27518,-0.02036
3356.56719,-0.02039
3355.8592,-0.02043
3355.15122,-0.02046
3354.44323,-0.0205
3353.73524,-0.02053
3353.02726,-0.02056
3352.31927,-0.0206
3351.61128,-0.02062
3350.90329,-0.02065
3350.19531,-0.02067
3349.48732,-0.0207
3348.77933,-0.02071
3348.07135,-0.02073
3347.36336,-0.02074
3346.65537,-0.02075
3345.94738,-0.02075
3345.2394,-0.02075
3344.53141,-0.02075
3343.82342,-0.02075
3343.11543,-0.02074
3342.40745,-0.02073
3341.69946,-0.02072
3340.99147,-0.02071
3340.28349,-0.02069
3339.5755,-0.02067
3338.86751,-0.02065
3338.15952,-0.02063
3337.45154,-0.02061
3336.74355,-0.02059
3336.03556,-0.02057
3335.32758,-0.02054
3334.61959,-0.02051
3333.9116,-0.02049
3333.20361,-0.02046
3332.49563,-0.02044
3331.78764,-0.02041
3331.07965,-0.02039
3330.37167,-0.02036
3329.66368,-0.02034
3328.95569,-0.02031
3328.2477,-0.02029
3327.53972,-0.02027
3326.83173,-0.02026
3326.12374,-0.02024
3325.41576,-0.02022
3324.70777,-0.02021
3323.99978,-0.0202
3323.29179,-0.02019
3322.58381,-0.02018
3321.87582,-0.02017
3321.16783,-0.02016
3320.45985,-0.02015
3319.75186,-0.02015
3319.04387,-0.02014
3318.33588,-0.02013
3317.6279,-0.02013
3316.91991,-0.02012
3316.21192,-0.02011
3315.50394,-0.0201
3314.79595,-0.02009
3314.08796,-0.02008
3313.37997,-0.02007
3312.67199,-0.02006
3311.964,-0.02005
3311.25601,-0.02003
3310.54802,-0.02002
3309.84004,-0.02
3309.13205,-0.01998
3308.42406,-0.01997
3307.71608,-0.01995
3307.00809,-0.01993
3306.3001,-0.01992
3305.59211,-0.0199
3304.88413,-0.01988
3304.17614,-0.01987
3303.46815,-0.01985
3302.76017,-0.01984
3302.05218,-0.01982
3301.34419,-0.01981
3300.6362,-0.0198
3299.92822,-0.01979
3299.22023,-0.01978
3298.51224,-0.01977
3297.80426,-0.01976
3297.09627,-0.01975
3296.38828,-0.01974
3295.68029,-0.01972
3294.97231,-0.01971
3294.26432,-0.0197
3293.55633,-0.01969
3292.84835,-0.01968
3292.14036,-0.01966
3291.43237,-0.01965
3290.72438,-0.01963
3290.0164,-0.01961
3289.30841,-0.0196
3288.60042,-0.01958
3287.89244,-0.01956
3287.18445,-0.01954
3286.47646,-0.01953
3285.76847,-0.01951
3285.06049,-0.01949
3284.3525,-0.01947
3283.64451,-0.01946
3282.93653,-0.01944
3282.22854,-0.01942
3281.52055,-0.01941
3280.81256,-0.01939
3280.10458,-0.01938
3279.39659,-0.01936
3278.6886,-0.01935
3277.98061,-0.01933
3277.27263,-0.01932
3276.56464,-0.0193
3275.85665,-0.01929
3275.14867,-0.01927
3274.44068,-0.01926
3273.73269,-0.01925
3273.0247,-0.01924
3272.31672,-0.01923
3271.60873,-0.01922
3270.90074,-0.01921
3270.19276,-0.0192
3269.48477,-0.01919
3268.77678,-0.01919
3268.06879,-0.01919
3267.36081,-0.01918
3266.65282,-0.01918
3265.94483,-0.01918
3265.23685,-0.01918
3264.52886,-0.01919
3263.82087,-0.01919
3263.11288,-0.01919
3262.4049,-0.0192
3261.69691,-0.01921
3260.98892,-0.01922
3260.28094,-0.01922
3259.57295,-0.01923
3258.86496,-0.01924
3258.15697,-0.01925
3257.44899,-0.01926
3256.741,-0.01928
3256.03301,-0.01929
3255.32503,-0.0193
3254.61704,-0.01931
3253.90905,-0.01932
3253.20106,-0.01933
3252.49308,-0.01933
3251.78509,-0.01934
3251.0771,-0.01935
3250.36912,-0.01935
3249.66113,-0.01936
3248.95314,-0.01936
3248.24515,-0.01936
3247.53717,-0.01936
3246.82918,-0.01936
3246.12119,-0.01936
3245.4132,-0.01936
3244.70522,-0.01935
3243.99723,-0.01935
3243.28924,-0.01934
3242.58126,-0.01933
3241.87327,-0.01932
3241.16528,-0.01931
3240.45729,-0.0193
3239.74931,-0.01929
3239.04132,-0.01929
3238.33333,-0.01928
3237.62535,-0.01927
3236.91736,-0.01926
3236.20937,-0.01926
3235.50138,-0.01925
3234.7934,-0.01925
3234.08541,-0.01925
3233.37742,-0.01925
3232.66944,-0.01925
3231.96145,-0.01925
3231.25346,-0.01925
3230.54547,-0.01926
3229.83749,-0.01926
3229.1295,-0.01927
3228.42151,-0.01927
3227.71353,-0.01928
3227.00554,-0.01929
3226.29755,-0.01929
3225.58956,-0.01929
3224.88158,-0.0193
3224.17359,-0.0193
3223.4656,-0.0193
3222.75762,-0.0193
3222.04963,-0.0193
3221.34164,-0.0193
3220.63365,-0.0193
3219.92567,-0.01929
3219.21768,-0.01929
3218.50969,-0.01928
3217.80171,-0.01928
3217.09372,-0.01927
3216.38573,-0.01927
3215.67774,-0.01926
3214.96976,-0.01925
3214.26177,-0.01924
3213.55378,-0.01924
3212.84579,-0.01923
3212.13781,-0.01921
3211.42982,-0.0192
3210.72183,-0.01919
3210.01385,-0.01918
3209.30586,-0.01916
3208.59787,-0.01914
3207.88988,-0.01912
3207.1819,-0.0191
3206.47391,-0.01908
3205.76592,-0.01905
3205.05794,-0.01902
3204.34995,-0.01899
3203.64196,-0.01896
3202.93397,-0.01893
3202.22599,-0.01889
3201.518,-0.01885
3200.81001,-0.01881
3200.10203,-0.01876
3199.39404,-0.01872
3198.68605,-0.01867
3197.97806,-0.01862
3197.27008,-0.01857
3196.56209,-0.01851
3195.8541,-0.01846
3195.14612,-0.01841
3194.43813,-0.01835
3193.73014,-0.0183
3193.02215,-0.01824
3192.31417,-0.01818
3191.60618,-0.01813
3190.89819,-0.01807
3190.19021,-0.01801
3189.48222,-0.01796
3188.77423,-0.0179
3188.06624,-0.01784
3187.35826,-0.01778
3186.65027,-0.01772
3185.94228,-0.01766
3185.2343,-0.0176
3184.52631,-0.01753
3183.81832,-0.01747
3183.11033,-0.01741
3182.40235,-0.01735
3181.69436,-0.01728
3180.98637,-0.01722
3180.27838,-0.01715
3179.5704,-0.01708
3178.86241,-0.01702
3178.15442,-0.01695
3177.44644,-0.01688
3176.73845,-0.01681
3176.03046,-0.01674
3175.32247,-0.01667
3174.61449,-0.0166
3173.9065,-0.01653
3173.19851,-0.01646
3172.49053,-0.01639
3171.78254,-0.01632
3171.07455,-0.01625
3170.36656,-0.01618
3169.65858,-0.01611
3168.95059,-0.01604
3168.2426,-0.01598
3167.53462,-0.01591
3166.82663,-0.01584
3166.11864,-0.01577
3165.41065,-0.01571
3164.70267,-0.01564
3163.99468,-0.01557
3163.28669,-0.01551
3162.57871,-0.01544
3161.87072,-0.01537
3161.16273,-0.0153
3160.45474,-0.01524
3159.74676,-0.01517
3159.03877,-0.0151
3158.33078,-0.01503
3157.6228,-0.01496
3156.91481,-0.01488
3156.20682,-0.01481
3155.49883,-0.01474
3154.79085,-0.01466
3154.08286,-0.01459
3153.37487,-0.01451
3152.66689,-0.01443
3151.9589,-0.01435
3151.25091,-0.01428
3150.54292,-0.0142
3149.83494,-0.01412
3149.12695,-0.01404
3148.41896,-0.01396
3147.71097,-0.01388
3147.00299,-0.0138
3146.295,-0.01372
3145.58701,-0.01364
3144.87903,-0.01356
3144.17104,-0.01348
3143.46305,-0.0134
3142.75506,-0.01332
3142.04708,-0.01324
3141.33909,-0.01316
3140.6311,-0.01308
3139.92312,-0.013
3139.21513,-0.01292
3138.50714,-0.01284
3137.79915,-0.01276
3137.09117,-0.01268
3136.38318,-0.0126
3135.67519,-0.01252
3134.96721,-0.01243
3134.25922,-0.01235
3133.55123,-0.01227
3132.84324,-0.01219
3132.13526,-0.01211
3131.42727,-0.01202
3130.71928,-0.01194
3130.0113,-0.01186
3129.30331,-0.01178
3128.59532,-0.0117
3127.88733,-0.01162
3127.17935,-0.01154
3126.47136,-0.01146
3125.76337,-0.01138
3125.05539,-0.0113
3124.3474,-0.01123
3123.63941,-0.01115
3122.93142,-0.01107
3122.22344,-0.011
3121.51545,-0.01092
3120.80746,-0.01084
3120.09948,-0.01077
3119.39149,-0.01069
3118.6835,-0.01062
3117.97551,-0.01054
3117.26753,-0.01046
3116.55954,-0.01039
3115.85155,-0.01031
3115.14356,-0.01023
3114.43558,-0.01015
3113.72759,-0.01007
3113.0196,-0.01
3112.31162,-0.00992
3111.60363,-0.00984
3110.89564,-0.00976
3110.18765,-0.00968
3109.47967,-0.0096
3108.77168,-0.00952
3108.06369,-0.00944
3107.35571,-0.00936
3106.64772,-0.00929
3105.93973,-0.00921
3105.23174,-0.00914
3104.52376,-0.00906
3103.81577,-0.00899
3103.10778,-0.00891
3102.3998,-0.00884
3101.69181,-0.00877
3100.98382,-0.0087
3100.27583,-0.00863
3099.56785,-0.00856
3098.85986,-0.00849
3098.15187,-0.00842
3097.44389,-0.00836
3096.7359,-0.00829
3096.02791,-0.00822
3095.31992,-0.00816
3094.61194,-0.00809
3093.90395,-0.00802
3093.19596,-0.00796
3092.48798,-0.00789
3091.77999,-0.00782
3091.072,-0.00776
3090.36401,-0.00769
3089.65603,-0.00762
3088.94804,-0.00756
3088.24005,-0.00749
3087.53207,-0.00742
3086.82408,-0.00735
3086.11609,-0.00728
3085.4081,-0.00721
3084.70012,-0.00715
3083.99213,-0.00708
3083.28414,-0.00701
3082.57615,-0.00695
3081.86817,-0.00688
3081.16018,-0.00682
3080.45219,-0.00676
3079.74421,-0.00669
3079.03622,-0.00663
3078.32823,-0.00657
3077.62024,-0.00651
3076.91226,-0.00646
3076.20427,-0.0064
3075.49628,-0.00634
3074.7883,-0.00629
3074.08031,-0.00623
3073.37232,-0.00618
3072.66433,-0.00612
3071.95635,-0.00607
3071.24836,-0.00601
3070.54037,-0.00596
3069.83239,-0.0059
3069.1244,-0.00585
3068.41641,-0.00579
3067.70842,-0.00574
3067.00044,-0.00568
3066.29245,-0.00562
3065.58446,-0.00557
3064.87648,-0.00551
3064.16849,-0.00545
3063.4605,-0.00539
3062.75251,-0.00534
3062.04453,-0.00528
3061.33654,-0.00522
3060.62855,-0.00516
3059.92057,-0.0051
3059.21258,-0.00504
3058.50459,-0.00499
3057.7966,-0.00493
3057.08862,-0.00487
3056.38063,-0.00481
3055.67264,-0.00476
3054.96466,-0.0047
3054.25667,-0.00465
3053.54868,-0.00459
3052.84069,-0.00454
3052.13271,-0.00449
3051.42472,-0.00444
3050.71673,-0.00439
3050.00874,-0.00434
3049.30076,-0.00429
3048.59277,-0.00424
3047.88478,-0.0042
3047.1768,-0.00415
3046.46881,-0.00411
3045.76082,-0.00406
3045.05283,-0.00402
3044.34485,-0.00397
3043.63686,-0.00393
3042.92887,-0.00388
3042.22089,-0.00384
3041.5129,-0.00379
3040.80491,-0.00374
3040.09692,-0.00369
3039.38894,-0.00364
3038.68095,-0.00359
3037.97296,-0.00354
3037.26498,-0.00348
3036.55699,-0.00343
3035.849,-0.00338
3035.14101,-0.00332
3034.43303,-0.00327
3033.72504,-0.00321
3033.01705,-0.00316
3032.30907,-0.0031
3031.60108,-0.00305
3030.89309,-0.00299
3030.1851,-0.00294
3029.47712,-0.00288
3028.76913,-0.00282
3028.06114,-0.00277
3027.35316,-0.00271
3026.64517,-0.00265
3025.93718,-0.0026
3025.22919,-0.00254
3024.52121,-0.00248
3023.81322,-0.00242
3023.10523,-0.00235
3022.39725,-0.00229
3021.68926,-0.00222
3020.98127,-0.00216
3020.27328,-0.00209
3019.5653,-0.00202
3018.85731,-0.00194
3018.14932,-0.00187
3017.44133,-0.00179
3016.73335,-0.00171
3016.02536,-0.00163
3015.31737,-0.00154
3014.60939,-0.00145
3013.9014,-0.00135
3013.19341,-0.00125
3012.48542,-0.00115
3011.77744,-0.00104
3011.06945,-0.00092
3010.36146,-0.0008
3009.65348,-0.00067
3008.94549,-0.00053
3008.2375,-0.00038
3007.52951,-0.00022
3006.82153,-5e-05
3006.11354,0.00013
3005.40555,0.00032
3004.69757,0.00052
3003.98958,0.00074
3003.28159,0.00098
3002.5736,0.00123
3001.86562,0.0015
3001.15763,0.00179
3000.44964,0.0021
2999.74166,0.00243
2999.03367,0.00279
2998.32568,0.00317
2997.61769,0.00358
2996.90971,0.00402
2996.20172,0.00448
2995.49373,0.00498
2994.78575,0.00551
2994.07776,0.00605
2993.36977,0.00663
2992.66178,0.00722
2991.9538,0.00782
2991.24581,0.00843
2990.53782,0.00905
2989.82984,0.00966
2989.12185,0.01026
2988.41386,0.01084
2987.70587,0.01139
2986.99789,0.01191
2986.2899,0.01239
2985.58191,0.01283
2984.87392,0.01321
2984.16594,0.01353
2983.45795,0.0138
2982.74996,0.014
2982.04198,0.01413
2981.33399,0.01419
2980.626,0.01419
2979.91801,0.01413
2979.21003,0.014
2978.50204,0.01382
2977.79405,0.01358
2977.08607,0.0133
2976.37808,0.01298
2975.67009,0.01263
2974.9621,0.01225
2974.25412,0.01185
2973.54613,0.01144
2972.83814,0.01102
2972.13016,0.0106
2971.42217,0.01019
2970.71418,0.00978
2970.00619,0.00938
2969.29821,0.009
2968.59022,0.00864
2967.88223,0.00829
2967.17425,0.00797
2966.46626,0.00767
2965.75827,0.00739
2965.05028,0.00714
2964.3423,0.00691
2963.63431,0.0067
2962.92632,0.00652
2962.21834,0.00636
2961.51035,0.00623
2960.80236,0.00612
2960.09437,0.00602
2959.38639,0.00595
2958.6784,0.0059
2957.97041,0.00586
2957.26243,0.00584
2956.55444,0.00583
2955.84645,0.00584
2955.13846,0.00586
2954.43048,0.00588
2953.72249,0.00592
2953.0145,0.00596
2952.30651,0.00601
2951.59853,0.00606
2950.89054,0.00612
2950.18255,0.00618
2949.47457,0.00624
2948.76658,0.0063
2948.05859,0.00635
2947.3506,0.00641
2946.64262,0.00646
2945.93463,0.00651
2945.22664,0.00656
2944.51866,0.00661
2943.81067,0.00666
2943.10268,0.0067
2942.39469,0.00673
2941.68671,0.00677
2940.97872,0.0068
2940.27073,0.00683
2939.56275,0.00685
2938.85476,0.00688
2938.14677,0.0069
2937.43878,0.00691
2936.7308,0.00692
2936.02281,0.00693
2935.31482,0.00694
2934.60684,0.00695
2933.89885,0.00695
2933.19086,0.00695
2932.48287,0.00695
2931.77489,0.00694
2931.0669,0.00694
2930.35891,0.00693
2929.65093,0.00691
2928.94294,0.0069
2928.23495,0.00688
2927.52696,0.00687
2926.81898,0.00686
2926.11099,0.00684
2925.403,0.00684
2924.69502,0.00683
2923.98703,0.00683
2923.27904,0.00684
2922.57105,0.00686
2921.86307,0.00688
2921.15508,0.00692
2920.44709,0.00696
2919.7391,0.00702
2919.03112,0.00708
2918.32313,0.00716
2917.61514,0.00724
2916.90716,0.00734
2916.19917,0.00744
2915.49118,0.00755
2914.78319,0.00767
2914.07521,0.00779
2913.36722,0.00792
2912.65923,0.00805
2911.95125,0.00818
2911.24326,0.0083
2910.53527,0.00842
2909.82728,0.00854
2909.1193,0.00865
2908.41131,0.00875
2907.70332,0.00884
2906.99534,0.00892
2906.28735,0.00899
2905.57936,0.00904
2904.87137,0.00909
2904.16339,0.00912
2903.4554,0.00914
2902.74741,0.00914
2902.03943,0.00914
2901.33144,0.00913
2900.62345,0.0091
2899.91546,0.00907
2899.20748,0.00903
2898.49949,0.00898
2897.7915,0.00892
2897.08352,0.00886
2896.37553,0.00879
2895.66754,0.00871
2894.95955,0.00864
2894.25157,0.00855
2893.54358,0.00847
2892.83559,0.00839
2892.12761,0.0083
2891.41962,0.00822
2890.71163,0.00814
2890.00364,0.00806
2889.29566,0.00798
2888.58767,0.00791
2887.87968,0.00784
2887.17169,0.00777
2886.46371,0.00771
2885.75572,0.00765
2885.04773,0.0076
2884.33975,0.00754
2883.63176,0.00749
2882.92377,0.00744
2882.21578,0.00738
2881.5078,0.00732
2880.79981,0.00726
2880.09182,0.00719
2879.38384,0.00712
2878.67585,0.00705
2877.96786,0.00697
2877.25987,0.00689
2876.55189,0.00681
2875.8439,0.00672
2875.13591,0.00662
2874.42793,0.00653
2873.71994,0.00644
2873.01195,0.00634
2872.30396,0.00624
2871.59598,0.00615
2870.88799,0.00606
2870.18,0.00597
2869.47202,0.00588
2868.76403,0.00579
2868.05604,0.00571
2867.34805,0.00563
2866.64007,0.00555
2865.93208,0.00548
2865.22409,0.00541
2864.51611,0.00535
2863.80812,0.00528
2863.10013,0.00522
2862.39214,0.00515
2861.68416,0.00509
2860.97617,0.00503
2860.26818,0.00497
2859.5602,0.00491
2858.85221,0.00485
2858.14422,0.0048
2857.43623,0.00474
2856.72825,0.00469
2856.02026,0.00465
2855.31227,0.0046
2854.60428,0.00457
2853.8963,0.00453
2853.18831,0.0045
2852.48032,0.00447
2851.77234,0.00445
2851.06435,0.00443
2850.35636,0.00441
2849.64837,0.00439
2848.94039,0.00437
2848.2324,0.00436
2847.52441,0.00434
2846.81643,0.00432
2846.10844,0.0043
2845.40045,0.00429
2844.69246,0.00427
2843.98448,0.00425
2843.27649,0.00423
2842.5685,0.00421
2841.86052,0.00419
2841.15253,0.00417
2840.44454,0.00415
2839.73655,0.00413
2839.02857,0.00411
2838.32058,0.00409
2837.61259,0.00407
2836.90461,0.00404
2836.19662,0.00402
2835.48863,0.004
2834.78064,0.00398
2834.07266,0.00396
2833.36467,0.00394
2832.65668,0.00393
2831.9487,0.00391
2831.24071,0.00389
2830.53272,0.00388
2829.82473,0.00386
2829.11675,0.00384
2828.40876,0.00382
2827.70077,0.00381
2826.99279,0.00379
2826.2848,0.00377
2825.57681,0.00375
2824.86882,0.00373
2824.16084,0.0037
2823.45285,0.00368
2822.74486,0.00366
2822.03687,0.00363
2821.32889,0.00361
2820.6209,0.00358
2819.91291,0.00356
2819.20493,0.00353
2818.49694,0.00351
2817.78895,0.00348
2817.08096,0.00346
2816.37298,0.00343
2815.66499,0.00341
2814.957,0.00338
2814.24902,0.00336
2813.54103,0.00333
2812.83304,0.00331
2812.12505,0.00328
2811.41707,0.00325
2810.70908,0.00322
2810.00109,0.0032
2809.29311,0.00317
2808.58512,0.00314
2807.87713,0.00311
2807.16914,0.00308
2806.46116,0.00306
2805.75317,0.00304
2805.04518,0.00302
2804.3372,0.003
2803.62921,0.00299
2802.92122,0.00298
2802.21323,0.00296
2801.50525,0.00295
2800.79726,0.00294
2800.08927,0.00293
2799.38129,0.00291
2798.6733,0.00289
2797.96531,0.00288
2797.25732,0.00285
2796.54934,0.00283
2795.84135,0.0028
2795.13336,0.00278
2794.42538,0.00275
2793.71739,0.00272
2793.0094,0.00269
2792.30141,0.00266
2791.59343,0.00264
2790.88544,0.00261
2790.17745,0.00259
2789.46946,0.00257
2788.76148,0.00255
2788.05349,0.00253
2787.3455,0.00251
2786.63752,0.00249
2785.92953,0.00248
2785.22154,0.00246
2784.51355,0.00245
2783.80557,0.00243
2783.09758,0.00242
2782.38959,0.00241
2781.68161,0.0024
2780.97362,0.00239
2780.26563,0.00239
2779.55764,0.00239
2778.84966,0.00238
2778.14167,0.00238
2777.43368,0.00239
2776.7257,0.00239
2776.01771,0.00239
2775.30972,0.0024
2774.60173,0.0024
2773.89375,0.00241
2773.18576,0.00242
2772.47777,0.00242
2771.76979,0.00242
2771.0618,0.00242
2770.35381,0.00242
2769.64582,0.00242
2768.93784,0.00242
2768.22985,0.00242
2767.52186,0.00241
2766.81388,0.00241
2766.10589,0.00241
2765.3979,0.0024
2764.68991,0.00239
2763.98193,0.00239
2763.27394,0.00238
2762.56595,0.00237
2761.85797,0.00236
2761.14998,0.00235
2760.44199,0.00234
2759.734,0.00232
2759.02602,0.00231
2758.31803,0.0023
2757.61004,0.00229
2756.90205,0.00228
2756.19407,0.00227
2755.48608,0.00226
2754.77809,0.00226
2754.07011,0.00226
2753.36212,0.00226
2752.65413,0.00226
2751.94614,0.00226
2751.23816,0.00227
2750.53017,0.00227
2749.82218,0.00227
2749.1142,0.00227
2748.40621,0.00227
2747.69822,0.00227
2746.99023,0.00227
2746.28225,0.00227
2745.57426,0.00226
2744.86627,0.00226
2744.15829,0.00225
2743.4503,0.00225
2742.74231,0.00225
2742.03432,0.00225
2741.32634,0.00224
2740.61835,0.00224
2739.91036,0.00224
2739.20238,0.00224
2738.49439,0.00224
2737.7864,0.00224
2737.07841,0.00223
2736.37043,0.00223
2735.66244,0.00223
2734.95445,0.00222
2734.24647,0.00221
2733.53848,0.00221
2732.83049,0.0022
2732.1225,0.00219
2731.41452,0.00218
2730.70653,0.00217
2729.99854,0.00216
2729.29056,0.00215
2728.58257,0.00214
2727.87458,0.00213
2727.16659,0.00212
2726.45861,0.00211
2725.75062,0.00209
2725.04263,0.00208
2724.33464,0.00207
2723.62666,0.00206
2722.91867,0.00205
2722.21068,0.00204
2721.5027,0.00203
2720.79471,0.00202
2720.08672,0.00201
2719.37873,0.002
2718.67075,0.00199
2717.96276,0.00198
2717.25477,0.00197
2716.54679,0.00196
2715.8388,0.00196
2715.13081,0.00195
2714.42282,0.00194
2713.71484,0.00193
2713.00685,0.00192
2712.29886,0.00191
2711.59088,0.0019
2710.88289,0.00189
2710.1749,0.00188
2709.46691,0.00186
2708.75893,0.00185
2708.05094,0.00184
2707.34295,0.00182
2706.63497,0.00181
2705.92698,0.0018
2705.21899,0.00178
2704.511,0.00177
2703.80302,0.00176
2703.09503,0.00175
2702.38704,0.00174
2701.67906,0.00173
2700.97107,0.00172
2700.26308,0.00172
2699.55509,0.00171
2698.84711,0.0017
2698.13912,0.0017
2697.43113,0.00169
2696.72315,0.00168
2696.01516,0.00167
2695.30717,0.00166
2694.59918,0.00165
2693.8912,0.00164
2693.18321,0.00163
2692.47522,0.00161
2691.76723,0.0016
2691.05925,0.00159
2690.35126,0.00158
2689.64327,0.00157
2688.93529,0.00156
2688.2273,0.00155
2687.51931,0.00154
2686.81132,0.00154
2686.10334,0.00154
2685.39535,0.00154
2684.68736,0.00154
2683.97938,0.00153
2683.27139,0.00153
2682.5634,0.00153
2681.85541,0.00153
2681.14743,0.00153
2680.43944,0.00153
2679.73145,0.00153
2679.02347,0.00153
2678.31548,0.00152
2677.60749,0.00152
2676.8995,0.00151
2676.19152,0.00151
2675.48353,0.0015
2674.77554,0.00149
2674.06756,0.00149
2673.35957,0.00148
2672.65158,0.00147
2671.94359,0.00146
2671.23561,0.00145
2670.52762,0.00144
2669.81963,0.00143
2669.11165,0.00142
2668.40366,0.00141
2667.69567,0.0014
2666.98768,0.00139
2666.2797,0.00138
2665.57171,0.00137
2664.86372,0.00136
2664.15574,0.00136
2663.44775,0.00135
2662.73976,0.00134
2662.03177,0.00134
2661.32379,0.00133
2660.6158,0.00133
2659.90781,0.00132
2659.19982,0.00132
2658.49184,0.00132
2657.78385,0.00132
2657.07586,0.00132
2656.36788,0.00132
2655.65989,0.00133
2654.9519,0.00133
2654.24391,0.00133
2653.53593,0.00133
2652.82794,0.00133
2652.11995,0.00133
2651.41197,0.00133
2650.70398,0.00133
2649.99599,0.00133
2649.288,0.00133
2648.58002,0.00132
2647.87203,0.00132
2647.16404,0.00131
2646.45606,0.00131
2645.74807,0.0013
2645.04008,0.0013
2644.33209,0.00129
2643.62411,0.00129
2642.91612,0.00129
2642.20813,0.00129
2641.50015,0.00129
2640.79216,0.00129
2640.08417,0.00129
2639.37618,0.00129
2638.6682,0.00129
2637.96021,0.00129
2637.25222,0.00129
2636.54424,0.00129
2635.83625,0.00128
2635.12826,0.00127
2634.42027,0.00127
2633.71229,0.00125
2633.0043,0.00124
2632.29631,0.00123
2631.58833,0.00121
2630.88034,0.00119
2630.17235,0.00117
2629.46436,0.00115
2628.75638,0.00113
2628.04839,0.00112
2627.3404,0.0011
2626.63241,0.00108
2625.92443,0.00107
2625.21644,0.00105
2624.50845,0.00104
2623.80047,0.00103
2623.09248,0.00102
2622.38449,0.00101
2621.6765,0.001
2620.96852,0.001
2620.26053,0.00099
2619.55254,0.00099
2618.84456,0.00098
2618.13657,0.00098
2617.42858,0.00098
2616.72059,0.00099
2616.01261,0.00099
2615.30462,0.001
2614.59663,0.001
2613.88865,0.00101
2613.18066,0.00102
2612.47267,0.00103
2611.76468,0.00104
2611.0567,0.00105
2610.34871,0.00105
2609.64072,0.00106
2608.93274,0.00106
2608.22475,0.00106
2607.51676,0.00105
2606.80877,0.00104
2606.10079,0.00104
2605.3928,0.00102
2604.68481,0.00101
2603.97683,0.001
2603.26884,0.00099
2602.56085,0.00097
2601.85286,0.00096
2601.14488,0.00094
2600.43689,0.00093
2599.7289,0.00091
2599.02092,0.00089
2598.31293,0.00088
2597.60494,0.00087
2596.89695,0.00085
2596.18897,0.00084
2595.48098,0.00084
2594.77299,0.00083
2594.065,0.00083
2593.35702,0.00083
2592.64903,0.00083
2591.94104,0.00084
2591.23306,0.00085
2590.52507,0.00085
2589.81708,0.00086
2589.10909,0.00087
2588.40111,0.00088
2587.69312,0.00088
2586.98513,0.00088
2586.27715,0.00088
2585.56916,0.00087
2584.86117,0.00087
2584.15318,0.00086
2583.4452,0.00085
2582.73721,0.00084
2582.02922,0.00083
2581.32124,0.00082
2580.61325,0.00081
2579.90526,0.0008
2579.19727,0.00079
2578.48929,0.00078
2577.7813,0.00078
2577.07331,0.00077
2576.36533,0.00076
2575.65734,0.00076
2574.94935,0.00075
2574.24136,0.00073
2573.53338,0.00072
2572.82539,0.00071
2572.1174,0.0007
2571.40942,0.00068
2570.70143,0.00067
2569.99344,0.00066
2569.28545,0.00064
2568.57747,0.00064
2567.86948,0.00063
2567.16149,0.00063
2566.45351,0.00063
2565.74552,0.00063
2565.03753,0.00064
2564.32954,0.00065
2563.62156,0.00066
2562.91357,0.00067
2562.20558,0.00069
2561.49759,0.0007
2560.78961,0.00072
2560.08162,0.00073
2559.37363,0.00074
2558.66565,0.00076
2557.95766,0.00077
2557.24967,0.00078
2556.54168,0.00078
2555.8337,0.00079
2555.12571,0.00079
2554.41772,0.0008
2553.70974,0.0008
2553.00175,0.0008
2552.29376,0.00079
2551.58577,0.00079
2550.87779,0.00078
2550.1698,0.00078
2549.46181,0.00077
2548.75383,0.00076
2548.04584,0.00074
2547.33785,0.00073
2546.62986,0.00071
2545.92188,0.00069
2545.21389,0.00068
2544.5059,0.00066
2543.79792,0.00064
2543.08993,0.00063
2542.38194,0.00061
2541.67395,0.0006
2540.96597,0.00059
2540.25798,0.00059
2539.54999,0.00059
2538.84201,0.0006
2538.13402,0.0006
2537.42603,0.00062
2536.71804,0.00063
2536.01006,0.00065
2535.30207,0.00067
2534.59408,0.0007
2533.8861,0.00072
2533.17811,0.00074
2532.47012,0.00075
2531.76213,0.00076
2531.05415,0.00077
2530.34616,0.00078
2529.63817,0.00078
2528.93018,0.00078
2528.2222,0.00077
2527.51421,0.00077
2526.80622,0.00076
2526.09824,0.00074
2525.39025,0.00073
2524.68226,0.00072
2523.97427,0.0007
2523.26629,0.00069
2522.5583,0.00068
2521.85031,0.00067
2521.14233,0.00066
2520.43434,0.00065
2519.72635,0.00064
2519.01836,0.00063
2518.31038,0.00062
2517.60239,0.00061
2516.8944,0.0006
2516.18642,0.00059
2515.47843,0.00058
2514.77044,0.00058
2514.06245,0.00058
2513.35447,0.00057
2512.64648,0.00057
2511.93849,0.00058
2511.23051,0.00058
2510.52252,0.00059
2509.81453,0.0006
2509.10654,0.00061
2508.39856,0.00062
2507.69057,0.00063
2506.98258,0.00064
2506.2746,0.00065
2505.56661,0.00065
2504.85862,0.00066
2504.15063,0.00066
2503.44265,0.00066
2502.73466,0.00065
2502.02667,0.00064
2501.31869,0.00063
2500.6107,0.00062
2499.90271,0.00061
2499.19472,0.00059
2498.48674,0.00058
2497.77875,0.00056
2497.07076,0.00055
2496.36277,0.00054
2495.65479,0.00053
2494.9468,0.00053
2494.23881,0.00053
2493.53083,0.00053
2492.82284,0.00054
2492.11485,0.00054
2491.40686,0.00055
2490.69888,0.00056
2489.99089,0.00058
2489.2829,0.00059
2488.57492,0.0006
2487.86693,0.00061
2487.15894,0.00062
2486.45095,0.00063
2485.74297,0.00064
2485.03498,0.00064
2484.32699,0.00064
2483.61901,0.00064
2482.91102,0.00064
2482.20303,0.00063
2481.49504,0.00062
2480.78706,0.0006
2480.07907,0.00059
2479.37108,0.00057
2478.6631,0.00055
2477.95511,0.00053
2477.24712,0.0005
2476.53913,0.00048
2475.83115,0.00045
2475.12316,0.00043
2474.41517,0.00041
2473.70719,0.00038
2472.9992,0.00036
2472.29121,0.00034
2471.58322,0.00032
2470.87524,0.0003
2470.16725,0.00027
2469.45926,0.00026
2468.75128,0.00024
2468.04329,0.00022
2467.3353,0.0002
2466.62731,0.00019
2465.91933,0.00017
2465.21134,0.00016
2464.50335,0.00015
2463.79536,0.00014
2463.08738,0.00013
2462.37939,0.00011
2461.6714,0.0001
2460.96342,9e-05
2460.25543,8e-05
2459.54744,7e-05
2458.83945,6e-05
2458.13147,5e-05
2457.42348,5e-05
2456.71549,4e-05
2456.00751,3e-05
2455.29952,2e-05
2454.59153,2e-05
2453.88354,1e-05
2453.17556,1e-05
2452.46757,0.0
2451.75958,0.0
2451.0516,-1e-05
2450.34361,-1e-05
2449.63562,-2e-05
2448.92763,-2e-05
2448.21965,-3e-05
2447.51166,-3e-05
2446.80367,-3e-05
2446.09569,-3e-05
2445.3877,-3e-05
2444.67971,-3e-05
2443.97172,-2e-05
2443.26374,-2e-05
2442.55575,-1e-05
2441.84776,-1e-05
2441.13978,0.0
2440.43179,0.0
2439.7238,0.0
2439.01581,0.0
2438.30783,0.0
2437.59984,0.0
2436.89185,0.0
2436.18387,0.0
2435.47588,0.0
2434.76789,0.0
2434.0599,0.0
2433.35192,0.0
2432.64393,1e-05
2431.93594,1e-05
2431.22795,2e-05
2430.51997,2e-05
2429.81198,3e-05
2429.10399,3e-05
2428.39601,4e-05
2427.68802,4e-05
2426.98003,4e-05
2426.27204,4e-05
2425.56406,4e-05
2424.85607,4e-05
2424.14808,4e-05
2423.4401,4e-05
2422.73211,4e-05
2422.02412,4e-05
2421.31613,4e-05
2420.60815,4e-05
2419.90016,4e-05
2419.19217,4e-05
2418.48419,4e-05
2417.7762,4e-05
2417.06821,4e-05
2416.36022,4e-05
2415.65224,4e-05
2414.94425,4e-05
2414.23626,4e-05
2413.52828,4e-05
2412.82029,3e-05
2412.1123,3e-05
2411.40431,3e-05
2410.69633,3e-05
2409.98834,3e-05
2409.28035,3e-05
2408.57237,2e-05
2407.86438,2e-05
2407.15639,3e-05
2406.4484,3e-05
2405.74042,4e-05
2405.03243,4e-05
2404.32444,5e-05
2403.61646,6e-05
2402.90847,7e-05
2402.20048,8e-05
2401.49249,9e-05
2400.78451,0.0001
2400.07652,0.0001
2399.36853,0.0001
2398.66054,0.0001
2397.95256,0.0001
2397.24457,0.0001
2396.53658,0.0001
2395.8286,9e-05
2395.12061,9e-05
2394.41262,9e-05
2393.70463,8e-05
2392.99665,8e-05
2392.28866,8e-05
2391.58067,8e-05
2390.87269,7e-05
2390.1647,7e-05
2389.45671,7e-05
2388.74872,7e-05
2388.04074,6e-05
2387.33275,6e-05
2386.62476,6e-05
2385.91678,5e-05
2385.20879,4e-05
2384.5008,4e-05
2383.79281,3e-05
2383.08483,2e-05
2382.37684,0.0
2381.66885,-1e-05
2380.96087,-2e-05
2380.25288,-4e-05
2379.54489,-6e-05
2378.8369,-8e-05
2378.12892,-9e-05
2377.42093,-0.00011
2376.71294,-0.00013
2376.00496,-0.00015
2375.29697,-0.00016
2374.58898,-0.00018
2373.88099,-0.00019
2373.17301,-0.0002
2372.46502,-0.00021
2371.75703,-0.00022
2371.04905,-0.00022
2370.34106,-0.00022
2369.63307,-0.00022
2368.92508,-0.00022
2368.2171,-0.00022
2367.50911,-0.00022
2366.80112,-0.00021
2366.09313,-0.00021
2365.38515,-0.0002
2364.67716,-0.00019
2363.96917,-0.00018
2363.26119,-0.00017
2362.5532,-0.00016
2361.84521,-0.00015
2361.13722,-0.00014
2360.42924,-0.00013
2359.72125,-0.00011
2359.01326,-9e-05
2358.30528,-7e-05
2357.59729,-5e-05
2356.8893,-2e-05
2356.18131,0.0
2355.47333,3e-05
2354.76534,7e-05
2354.05735,0.0001
2353.34937,0.00013
2352.64138,0.00016
2351.93339,0.00019
2351.2254,0.00021
2350.51742,0.00023
2349.80943,0.00025
2349.10144,0.00026
2348.39346,0.00026
2347.68547,0.00025
2346.97748,0.00024
2346.26949,0.00023
2345.56151,0.00021
2344.85352,0.00018
2344.14553,0.00016
2343.43755,0.00013
2342.72956,0.0001
2342.02157,7e-05
2341.31358,4e-05
2340.6056,1e-05
2339.89761,-1e-05
2339.18962,-4e-05
2338.48164,-6e-05
2337.77365,-9e-05
2337.06566,-0.00011
2336.35767,-0.00013
2335.64969,-0.00014
2334.9417,-0.00016
2334.23371,-0.00017
2333.52572,-0.00018
2332.81774,-0.00019
2332.10975,-0.00019
2331.40176,-0.0002
2330.69378,-0.0002
2329.98579,-0.0002
2329.2778,-0.00019
2328.56981,-0.00019
2327.86183,-0.00019
2327.15384,-0.00018
2326.44585,-0.00018
2325.73787,-0.00017
2325.02988,-0.00017
2324.32189,-0.00017
2323.6139,-0.00017
2322.90592,-0.00016
2322.19793,-0.00016
2321.48994,-0.00016
2320.78196,-0.00016
2320.07397,-0.00016
2319.36598,-0.00016
2318.65799,-0.00016
2317.95001,-0.00016
2317.24202,-0.00016
2316.53403,-0.00016
2315.82605,-0.00016
2315.11806,-0.00016
2314.41007,-0.00016
2313.70208,-0.00016
2312.9941,-0.00016
2312.28611,-0.00016
2311.57812,-0.00017
2310.87014,-0.00017
2310.16215,-0.00018
2309.45416,-0.00018
2308.74617,-0.00019
2308.03819,-0.0002
2307.3302,-0.00021
2306.62221,-0.00022
2305.91423,-0.00023
2305.20624,-0.00024
2304.49825,-0.00025
2303.79026,-0.00026
2303.08228,-0.00028
2302.37429,-0.00029
2301.6663,-0.0003
2300.95831,-0.00031
2300.25033,-0.00032
2299.54234,-0.00033
2298.83435,-0.00034
2298.12637,-0.00035
2297.41838,-0.00036
2296.71039,-0.00037
2296.0024,-0.00037
2295.29442,-0.00038
2294.58643,-0.00039
2293.87844,-0.00039
2293.17046,-0.00039
2292.46247,-0.0004
2291.75448,-0.0004
2291.04649,-0.0004
2290.33851,-0.00041
2289.63052,-0.00041
2288.92253,-0.00042
2288.21455,-0.00042
2287.50656,-0.00043
2286.79857,-0.00044
2286.09058,-0.00044
2285.3826,-0.00045
2284.67461,-0.00046
2283.96662,-0.00047
2283.25864,-0.00049
2282.55065,-0.0005
2281.84266,-0.00051
2281.13467,-0.00052
2280.42669,-0.00053
2279.7187,-0.00055
2279.01071,-0.00056
2278.30273,-0.00057
2277.59474,-0.00058
2276.88675,-0.00059
2276.17876,-0.0006
2275.47078,-0.00061
2274.76279,-0.00062
2274.0548,-0.00063
2273.34682,-0.00063
2272.63883,-0.00064
2271.93084,-0.00064
2271.22285,-0.00065
2270.51487,-0.00065
2269.80688,-0.00065
2269.09889,-0.00065
2268.3909,-0.00065
2267.68292,-0.00065
2266.97493,-0.00065
2266.26694,-0.00065
2265.55896,-0.00065
2264.85097,-0.00064
2264.14298,-0.00064
2263.43499,-0.00063
2262.72701,-0.00063
2262.01902,-0.00062
2261.31103,-0.00061
2260.60305,-0.00061
2259.89506,-0.0006
2259.18707,-0.00059
2258.47908,-0.00058
2257.7711,-0.00057
2257.06311,-0.00055
2256.35512,-0.00054
2255.64714,-0.00053
2254.93915,-0.00052
2254.23116,-0.00051
2253.52317,-0.00049
2252.81519,-0.00048
2252.1072,-0.00047
2251.39921,-0.00046
2250.69123,-0.00045
2249.98324,-0.00045
2249.27525,-0.00044
2248.56726,-0.00044
2247.85928,-0.00044
2247.15129,-0.00043
2246.4433,-0.00043
2245.73532,-0.00044
2245.02733,-0.00044
2244.31934,-0.00044
2243.61135,-0.00045
2242.90337,-0.00046
2242.19538,-0.00048
2241.48739,-0.0005
2240.77941,-0.00052
2240.07142,-0.00054
2239.36343,-0.00057
2238.65544,-0.0006
2237.94746,-0.00062
2237.23947,-0.00065
2236.53148,-0.00067
2235.82349,-0.00069
2235.11551,-0.0007
2234.40752,-0.00072
2233.69953,-0.00073
2232.99155,-0.00073
2232.28356,-0.00074
2231.57557,-0.00075
2230.86758,-0.00076
2230.1596,-0.00078
2229.45161,-0.00079
2228.74362,-0.00081
2228.03564,-0.00082
2227.32765,-0.00084
2226.61966,-0.00085
2225.91167,-0.00087
2225.20369,-0.00087
2224.4957,-0.00088
2223.78771,-0.00087
2223.07973,-0.00086
2222.37174,-0.00085
2221.66375,-0.00084
2220.95576,-0.00082
2220.24778,-0.0008
2219.53979,-0.00079
2218.8318,-0.00078
2218.12382,-0.00077
2217.41583,-0.00077
2216.70784,-0.00078
2215.99985,-0.00079
2215.29187,-0.0008
2214.58388,-0.00082
2213.87589,-0.00083
2213.16791,-0.00084
2212.45992,-0.00084
2211.75193,-0.00083
2211.04394,-0.00082
2210.33596,-0.0008
2209.62797,-0.00078
2208.91998,-0.00076
2208.212,-0.00073
2207.50401,-0.00071
2206.79602,-0.00069
2206.08803,-0.00068
2205.38005,-0.00068
2204.67206,-0.0007
2203.96407,-0.00072
2203.25608,-0.00075
2202.5481,-0.0008
2201.84011,-0.00084
2201.13212,-0.00089
2200.42414,-0.00093
2199.71615,-0.00097
2199.00816,-0.001
2198.30017,-0.00102
2197.59219,-0.00102
2196.8842,-0.00101
2196.17621,-0.00099
2195.46823,-0.00096
2194.76024,-0.00093
2194.05225,-0.00089
2193.34426,-0.00084
2192.63628,-0.00081
2191.92829,-0.00077
2191.2203,-0.00075
2190.51232,-0.00074
2189.80433,-0.00074
2189.09634,-0.00075
2188.38835,-0.00077
2187.68037,-0.00081
2186.97238,-0.00085
2186.26439,-0.00089
2185.55641,-0.00094
2184.84842,-0.00099
2184.14043,-0.00104
2183.43244,-0.00109
2182.72446,-0.00112
2182.01647,-0.00115
2181.30848,-0.00118
2180.6005,-0.0012
2179.89251,-0.00121
2179.18452,-0.00121
2178.47653,-0.00122
2177.76855,-0.00121
2177.06056,-0.00121
2176.35257,-0.0012
2175.64459,-0.00119
2174.9366,-0.00118
2174.22861,-0.00116
2173.52062,-0.00114
2172.81264,-0.00111
2172.10465,-0.00108
2171.39666,-0.00105
2170.68867,-0.00101
2169.98069,-0.00097
2169.2727,-0.00092
2168.56471,-0.00088
2167.85673,-0.00083
2167.14874,-0.00079
2166.44075,-0.00074
2165.73276,-0.0007
2165.02478,-0.00065
2164.31679,-0.00061
2163.6088,-0.00057
2162.90082,-0.00053
2162.19283,-0.00049
2161.48484,-0.00046
2160.77685,-0.00043
2160.06887,-0.00041
2159.36088,-0.0004
2158.65289,-0.0004
2157.94491,-0.00041
2157.23692,-0.00044
2156.52893,-0.00048
2155.82094,-0.00053
2155.11296,-0.00059
2154.40497,-0.00065
2153.69698,-0.00073
2152.989,-0.0008
2152.28101,-0.00087
2151.57302,-0.00094
2150.86503,-0.001
2150.15705,-0.00105
2149.44906,-0.0011
2148.74107,-0.00114
2148.03309,-0.00117
2147.3251,-0.00119
2146.61711,-0.00119
2145.90912,-0.00119
2145.20114,-0.00119
2144.49315,-0.00117
2143.78516,-0.00115
2143.07718,-0.00112
2142.36919,-0.00108
2141.6612,-0.00105
2140.95321,-0.00101
2140.24523,-0.00096
2139.53724,-0.00092
2138.82925,-0.00088
2138.12126,-0.00084
2137.41328,-0.00081
2136.70529,-0.00078
2135.9973,-0.00075
2135.28932,-0.00074
2134.58133,-0.00073
2133.87334,-0.00072
2133.16535,-0.00073
2132.45737,-0.00074
2131.74938,-0.00077
2131.04139,-0.0008
2130.33341,-0.00083
2129.62542,-0.00087
2128.91743,-0.00092
2128.20944,-0.00097
2127.50146,-0.00102
2126.79347,-0.00106
2126.08548,-0.00111
2125.3775,-0.00115
2124.66951,-0.00119
2123.96152,-0.00122
2123.25353,-0.00124
2122.54555,-0.00126
2121.83756,-0.00127
2121.12957,-0.00128
2120.42159,-0.00128
2119.7136,-0.00127
2119.00561,-0.00126
2118.29762,-0.00126
2117.58964,-0.00125
2116.88165,-0.00124
2116.17366,-0.00124
2115.46568,-0.00124
2114.75769,-0.00124
2114.0497,-0.00124
2113.34171,-0.00125
2112.63373,-0.00126
2111.92574,-0.00128
2111.21775,-0.0013
2110.50977,-0.00132
2109.80178,-0.00134
2109.09379,-0.00137
2108.3858,-0.00139
2107.67782,-0.00142
2106.96983,-0.00145
2106.26184,-0.00148
2105.55385,-0.00151
2104.84587,-0.00154
2104.13788,-0.00157
2103.42989,-0.0016
2102.72191,-0.00163
2102.01392,-0.00165
2101.30593,-0.00167
2100.59794,-0.00168
2099.88996,-0.0017
2099.18197,-0.00171
2098.47398,-0.00172
2097.766,-0.00172
2097.05801,-0.00173
2096.35002,-0.00173
2095.64203,-0.00173
2094.93405,-0.00173
2094.22606,-0.00173
2093.51807,-0.00172
2092.81009,-0.00172
2092.1021,-0.00171
2091.39411,-0.0017
2090.68612,-0.00169
2089.97814,-0.00168
2089.27015,-0.00167
2088.56216,-0.00166
2087.85418,-0.00165
2087.14619,-0.00164
2086.4382,-0.00163
2085.73021,-0.00162
2085.02223,-0.00161
2084.31424,-0.0016
2083.60625,-0.00159
2082.89827,-0.00158
2082.19028,-0.00158
2081.48229,-0.00157
2080.7743,-0.00157
2080.06632,-0.00157
2079.35833,-0.00157
2078.65034,-0.00157
2077.94236,-0.00157
2077.23437,-0.00158
2076.52638,-0.00159
2075.81839,-0.0016
2075.11041,-0.00161
2074.40242,-0.00162
2073.69443,-0.00164
2072.98644,-0.00166
2072.27846,-0.00168
2071.57047,-0.0017
2070.86248,-0.00173
2070.1545,-0.00175
2069.44651,-0.00178
2068.73852,-0.00181
2068.03053,-0.00185
2067.32255,-0.00188
2066.61456,-0.00192
2065.90657,-0.00195
2065.19859,-0.00199
2064.4906,-0.00203
2063.78261,-0.00206
2063.07462,-0.00209
2062.36664,-0.00212
2061.65865,-0.00215
2060.95066,-0.00218
2060.24268,-0.0022
2059.53469,-0.00222
2058.8267,-0.00223
2058.11871,-0.00224
2057.41073,-0.00224
2056.70274,-0.00224
2055.99475,-0.00224
2055.28677,-0.00223
2054.57878,-0.00221
2053.87079,-0.0022
2053.1628,-0.00217
2052.45482,-0.00214
2051.74683,-0.00211
2051.03884,-0.00207
2050.33086,-0.00203
2049.62287,-0.00199
2048.91488,-0.00194
2048.20689,-0.00189
2047.49891,-0.00184
2046.79092,-0.00178
2046.08293,-0.00173
2045.37495,-0.00167
2044.66696,-0.00161
2043.95897,-0.00156
2043.25098,-0.00151
2042.543,-0.00146
2041.83501,-0.00141
2041.12702,-0.00137
2040.41903,-0.00133
2039.71105,-0.0013
2039.00306,-0.00128
2038.29507,-0.00125
2037.58709,-0.00124
2036.8791,-0.00123
2036.17111,-0.00123
2035.46312,-0.00123
2034.75514,-0.00123
2034.04715,-0.00124
2033.33916,-0.00126
2032.63118,-0.00127
2031.92319,-0.0013
2031.2152,-0.00132
2030.50721,-0.00134
2029.79923,-0.00136
2029.09124,-0.00139
2028.38325,-0.00141
2027.67527,-0.00144
2026.96728,-0.00146
2026.25929,-0.00149
2025.5513,-0.00151
2024.84332,-0.00154
2024.13533,-0.00157
2023.42734,-0.00159
2022.71936,-0.00162
2022.01137,-0.00165
2021.30338,-0.00168
2020.59539,-0.00172
2019.88741,-0.00175
2019.17942,-0.00178
2018.47143,-0.00181
2017.76345,-0.00184
2017.05546,-0.00188
2016.34747,-0.0019
2015.63948,-0.00193
2014.9315,-0.00196
2014.22351,-0.00198
2013.51552,-0.00199
2012.80754,-0.00201
2012.09955,-0.00202
2011.39156,-0.00202
2010.68357,-0.00202
2009.97559,-0.00201
2009.2676,-0.002
2008.55961,-0.00199
2007.85162,-0.00196
2007.14364,-0.00194
2006.43565,-0.0019
2005.72766,-0.00187
2005.01968,-0.00182
2004.31169,-0.00178
2003.6037,-0.00173
2002.89571,-0.00167
2002.18773,-0.00162
2001.47974,-0.00156
2000.77175,-0.0015
2000.06377,-0.00145
1999.35578,-0.00139
1998.64779,-0.00133
1997.9398,-0.00128
1997.23182,-0.00123
1996.52383,-0.00118
1995.81584,-0.00114
1995.10786,-0.00111
1994.39987,-0.00108
1993.69188,-0.00105
1992.98389,-0.00103
1992.27591,-0.00102
1991.56792,-0.00101
1990.85993,-0.00101
1990.15195,-0.00101
1989.44396,-0.00102
1988.73597,-0.00103
1988.02798,-0.00104
1987.32,-0.00105
1986.61201,-0.00106
1985.90402,-0.00107
1985.19604,-0.00108
1984.48805,-0.00109
1983.78006,-0.00109
1983.07207,-0.00109
1982.36409,-0.0011
1981.6561,-0.0011
1980.94811,-0.00109
1980.24013,-0.00109
1979.53214,-0.00108
1978.82415,-0.00108
1978.11616,-0.00107
1977.40818,-0.00106
1976.70019,-0.00106
1975.9922,-0.00105
1975.28421,-0.00105
1974.57623,-0.00104
1973.86824,-0.00104
1973.16025,-0.00103
1972.45227,-0.00103
1971.74428,-0.00103
1971.03629,-0.00102
1970.3283,-0.00102
1969.62032,-0.00102
1968.91233,-0.00101
1968.20434,-0.00101
1967.49636,-0.00101
1966.78837,-0.001
1966.08038,-0.001
1965.37239,-0.001
1964.66441,-0.00099
1963.95642,-0.00099
1963.24843,-0.00099
1962.54045,-0.00099
1961.83246,-0.00099
1961.12447,-0.00099
1960.41648,-0.00099
1959.7085,-0.00099
1959.00051,-0.00099
1958.29252,-0.001
1957.58454,-0.001
1956.87655,-0.001
1956.16856,-0.00101
1955.46057,-0.00101
1954.75259,-0.00102
1954.0446,-0.00102
1953.33661,-0.00103
1952.62863,-0.00103
1951.92064,-0.00104
1951.21265,-0.00105
1950.50466,-0.00105
1949.79668,-0.00106
1949.08869,-0.00107
1948.3807,-0.00108
1947.67272,-0.00108
1946.96473,-0.00109
1946.25674,-0.0011
1945.54875,-0.0011
1944.84077,-0.0011
1944.13278,-0.0011
1943.42479,-0.0011
1942.7168,-0.0011
1942.00882,-0.00109
1941.30083,-0.00108
1940.59284,-0.00107
1939.88486,-0.00105
1939.17687,-0.00103
1938.46888,-0.00101
1937.76089,-0.00098
1937.05291,-0.00095
1936.34492,-0.00093
1935.63693,-0.00089
1934.92895,-0.00086
1934.22096,-0.00083
1933.51297,-0.0008
1932.80498,-0.00077
1932.097,-0.00074
1931.38901,-0.00071
1930.68102,-0.00068
1929.97304,-0.00066
1929.26505,-0.00064
1928.55706,-0.00061
1927.84907,-0.00059
1927.14109,-0.00058
1926.4331,-0.00056
1925.72511,-0.00054
1925.01713,-0.00053
1924.30914,-0.00052
1923.60115,-0.00051
1922.89316,-0.0005
1922.18518,-0.0005
1921.47719,-0.0005
1920.7692,-0.00049
1920.06122,-0.0005
1919.35323,-0.0005
1918.64524,-0.0005
1917.93725,-0.00051
1917.22927,-0.00052
1916.52128,-0.00053
1915.81329,-0.00054
1915.10531,-0.00055
1914.39732,-0.00056
1913.68933,-0.00057
1912.98134,-0.00059
1912.27336,-0.0006
1911.56537,-0.00062
1910.85738,-0.00063
1910.14939,-0.00064
1909.44141,-0.00065
1908.73342,-0.00067
1908.02543,-0.00068
1907.31745,-0.00069
1906.60946,-0.0007
1905.90147,-0.00071
1905.19348,-0.00072
1904.4855,-0.00072
1903.77751,-0.00073
1903.06952,-0.00074
1902.36154,-0.00075
1901.65355,-0.00076
1900.94556,-0.00076
1900.23757,-0.00077
1899.52959,-0.00078
1898.8216,-0.00079
1898.11361,-0.0008
1897.40563,-0.00081
1896.69764,-0.00082
1895.98965,-0.00082
1895.28166,-0.00083
1894.57368,-0.00084
1893.86569,-0.00085
1893.1577,-0.00085
1892.44972,-0.00086
1891.74173,-0.00086
1891.03374,-0.00087
1890.32575,-0.00087
1889.61777,-0.00088
1888.90978,-0.00088
1888.20179,-0.00089
1887.49381,-0.00089
1886.78582,-0.00089
1886.07783,-0.00089
1885.36984,-0.0009
1884.66186,-0.0009
1883.95387,-0.0009
1883.24588,-0.0009
1882.5379,-0.0009
1881.82991,-0.0009
1881.12192,-0.00091
1880.41393,-0.00091
1879.70595,-0.00091
1878.99796,-0.00091
1878.28997,-0.00091
1877.58198,-0.00091
1876.874,-0.00091
1876.16601,-0.00092
1875.45802,-0.00092
1874.75004,-0.00092
1874.04205,-0.00092
1873.33406,-0.00093
1872.62607,-0.00093
1871.91809,-0.00093
1871.2101,-0.00094
1870.50211,-0.00094
1869.79413,-0.00095
1869.08614,-0.00096
1868.37815,-0.00096
1867.67016,-0.00097
1866.96218,-0.00098
1866.25419,-0.00099
1865.5462,-0.00099
1864.83822,-0.001
1864.13023,-0.00101
1863.42224,-0.00102
1862.71425,-0.00102
1862.00627,-0.00103
1861.29828,-0.00103
1860.59029,-0.00104
1859.88231,-0.00104
1859.17432,-0.00104
1858.46633,-0.00105
1857.75834,-0.00105
1857.05036,-0.00104
1856.34237,-0.00104
1855.63438,-0.00104
1854.9264,-0.00104
1854.21841,-0.00103
1853.51042,-0.00103
1852.80243,-0.00102
1852.09445,-0.00102
1851.38646,-0.00101
1850.67847,-0.001
1849.97049,-0.001
1849.2625,-0.00099
1848.55451,-0.00098
1847.84652,-0.00098
1847.13854,-0.00097
1846.43055,-0.00097
1845.72256,-0.00096
1845.01457,-0.00096
1844.30659,-0.00095
1843.5986,-0.00095
1842.89061,-0.00095
1842.18263,-0.00095
1841.47464,-0.00094
1840.76665,-0.00094
1840.05866,-0.00094
1839.35068,-0.00094
1838.64269,-0.00094
1837.9347,-0.00094
1837.22672,-0.00094
1836.51873,-0.00094
1835.81074,-0.00094
1835.10275,-0.00094
1834.39477,-0.00094
1833.68678,-0.00094
1832.97879,-0.00094
1832.27081,-0.00094
1831.56282,-0.00093
1830.85483,-0.00093
1830.14684,-0.00093
1829.43886,-0.00093
1828.73087,-0.00092
1828.02288,-0.00092
1827.3149,-0.00092
1826.60691,-0.00091
1825.89892,-0.00091
1825.19093,-0.00091
1824.48295,-0.00091
1823.77496,-0.00091
1823.06697,-0.00091
1822.35899,-0.00091
1821.651,-0.00091
1820.94301,-0.00091
1820.23502,-0.00092
1819.52704,-0.00092
1818.81905,-0.00093
1818.11106,-0.00093
1817.40308,-0.00094
1816.69509,-0.00094
1815.9871,-0.00095
1815.27911,-0.00095
1814.57113,-0.00096
1813.86314,-0.00096
1813.15515,-0.00096
1812.44716,-0.00097
1811.73918,-0.00097
1811.03119,-0.00097
1810.3232,-0.00097
1809.61522,-0.00097
1808.90723,-0.00097
1808.19924,-0.00097
1807.49125,-0.00096
1806.78327,-0.00096
1806.07528,-0.00096
1805.36729,-0.00095
1804.65931,-0.00095
1803.95132,-0.00095
1803.24333,-0.00094
1802.53534,-0.00094
1801.82736,-0.00093
1801.11937,-0.00093
1800.41138,-0.00093
1799.7034,-0.00092
1798.99541,-0.00092
1798.28742,-0.00091
1797.57943,-0.00091
1796.87145,-0.00091
1796.16346,-0.0009
1795.45547,-0.0009
1794.74749,-0.00089
1794.0395,-0.00089
1793.33151,-0.00088
1792.62352,-0.00088
1791.91554,-0.00087
1791.20755,-0.00086
1790.49956,-0.00086
1789.79158,-0.00085
1789.08359,-0.00084
1788.3756,-0.00084
1787.66761,-0.00083
1786.95963,-0.00083
1786.25164,-0.00082
1785.54365,-0.00081
1784.83567,-0.00081
1784.12768,-0.0008
1783.41969,-0.0008
1782.7117,-0.00079
1782.00372,-0.00079
1781.29573,-0.00078
1780.58774,-0.00078
1779.87976,-0.00077
1779.17177,-0.00077
1778.46378,-0.00076
1777.75579,-0.00076
1777.04781,-0.00075
1776.33982,-0.00075
1775.63183,-0.00075
1774.92384,-0.00074
1774.21586,-0.00074
1773.50787,-0.00074
1772.79988,-0.00073
1772.0919,-0.00073
1771.38391,-0.00073
1770.67592,-0.00072
1769.96793,-0.00072
1769.25995,-0.00072
1768.55196,-0.00072
1767.84397,-0.00071
1767.13599,-0.00071
1766.428,-0.00071
1765.72001,-0.0007
1765.01202,-0.0007
1764.30404,-0.0007
1763.59605,-0.00069
1762.88806,-0.00069
1762.18008,-0.00068
1761.47209,-0.00068
1760.7641,-0.00067
1760.05611,-0.00066
1759.34813,-0.00065
1758.64014,-0.00064
1757.93215,-0.00063
1757.22417,-0.00062
1756.51618,-0.00061
1755.80819,-0.0006
1755.1002,-0.00059
1754.39222,-0.00057
1753.68423,-0.00056
1752.97624,-0.00055
1752.26826,-0.00053
1751.56027,-0.00052
1750.85228,-0.0005
1750.14429,-0.00049
1749.43631,-0.00047
1748.72832,-0.00046
1748.02033,-0.00044
1747.31235,-0.00042
1746.60436,-0.00041
1745.89637,-0.00039
1745.18838,-0.00037
1744.4804,-0.00035
1743.77241,-0.00033
1743.06442,-0.00031
1742.35643,-0.00029
1741.64845,-0.00027
1740.94046,-0.00025
1740.23247,-0.00023
1739.52449,-0.00021
1738.8165,-0.00019
1738.10851,-0.00017
1737.40052,-0.00015
1736.69254,-0.00014
1735.98455,-0.00012
1735.27656,-0.00011
1734.56858,-0.0001
1733.86059,-9e-05
1733.1526,-8e-05
1732.44461,-8e-05
1731.73663,-7e-05
1731.02864,-7e-05
1730.32065,-7e-05
1729.61267,-8e-05
1728.90468,-8e-05
1728.19669,-9e-05
1727.4887,-0.0001
1726.78072,-0.00011
1726.07273,-0.00013
1725.36474,-0.00014
1724.65676,-0.00015
1723.94877,-0.00017
1723.24078,-0.00019
1722.53279,-0.0002
1721.82481,-0.00022
1721.11682,-0.00024
1720.40883,-0.00026
1719.70085,-0.00028
1718.99286,-0.0003
1718.28487,-0.00032
1717.57688,-0.00034
1716.8689,-0.00035
1716.16091,-0.00037
1715.45292,-0.00039
1714.74494,-0.00041
1714.03695,-0.00044
1713.32896,-0.00046
1712.62097,-0.00048
1711.91299,-0.0005
1711.205,-0.00053
1710.49701,-0.00055
1709.78902,-0.00057
1709.08104,-0.0006
1708.37305,-0.00063
1707.66506,-0.00066
1706.95708,-0.00069
1706.24909,-0.00072
1705.5411,-0.00075
1704.83311,-0.00078
1704.12513,-0.00081
1703.41714,-0.00085
1702.70915,-0.00088
1702.00117,-0.00092
1701.29318,-0.00096
1700.58519,-0.001
1699.8772,-0.00104
1699.16922,-0.00108
1698.46123,-0.00112
1697.75324,-0.00117
1697.04526,-0.00121
1696.33727,-0.00125
1695.62928,-0.0013
1694.92129,-0.00134
1694.21331,-0.00139
1693.50532,-0.00143
1692.79733,-0.00148
1692.08935,-0.00153
1691.38136,-0.00157
1690.67337,-0.00162
1689.96538,-0.00167
1689.2574,-0.00172
1688.54941,-0.00177
1687.84142,-0.00182
1687.13344,-0.00188
1686.42545,-0.00193
1685.71746,-0.00199
1685.00947,-0.00205
1684.30149,-0.00211
1683.5935,-0.00217
1682.88551,-0.00224
1682.17753,-0.00231
1681.46954,-0.00238
1680.76155,-0.00245
1680.05356,-0.00252
1679.34558,-0.0026
1678.63759,-0.00269
1677.9296,-0.00277
1677.22161,-0.00286
1676.51363,-0.00295
1675.80564,-0.00305
1675.09765,-0.00315
1674.38967,-0.00326
1673.68168,-0.00337
1672.97369,-0.00348
1672.2657,-0.0036
1671.55772,-0.00372
1670.84973,-0.00384
1670.14174,-0.00397
1669.43376,-0.0041
1668.72577,-0.00423
1668.01778,-0.00437
1667.30979,-0.00451
1666.60181,-0.00465
1665.89382,-0.0048
1665.18583,-0.00495
1664.47785,-0.0051
1663.76986,-0.00526
1663.06187,-0.00542
1662.35388,-0.00558
1661.6459,-0.00575
1660.93791,-0.00592
1660.22992,-0.0061
1659.52194,-0.00628
1658.81395,-0.00646
1658.10596,-0.00665
1657.39797,-0.00685
1656.68999,-0.00705
1655.982,-0.00726
1655.27401,-0.00747
1654.56603,-0.00769
1653.85804,-0.00792
1653.15005,-0.00815
1652.44206,-0.00838
1651.73408,-0.00862
1651.02609,-0.00887
1650.3181,-0.00912
1649.61012,-0.00937
1648.90213,-0.00963
1648.19414,-0.00989
1647.48615,-0.01015
1646.77817,-0.01041
1646.07018,-0.01067
1645.36219,-0.01094
1644.6542,-0.0112
1643.94622,-0.01146
1643.23823,-0.01173
1642.53024,-0.01199
1641.82226,-0.01225
1641.11427,-0.01251
1640.40628,-0.01277
1639.69829,-0.01302
1638.99031,-0.01327
1638.28232,-0.01352
1637.57433,-0.01376
1636.86635,-0.014
1636.15836,-0.01423
1635.45037,-0.01445
1634.74238,-0.01467
1634.0344,-0.01487
1633.32641,-0.01507
1632.61842,-0.01526
1631.91044,-0.01543
1631.20245,-0.01559
1630.49446,-0.01574
1629.78647,-0.01588
1629.07849,-0.016
1628.3705,-0.01611
1627.66251,-0.01621
1626.95453,-0.01629
1626.24654,-0.01635
1625.53855,-0.0164
1624.83056,-0.01644
1624.12258,-0.01646
1623.41459,-0.01647
1622.7066,-0.01646
1621.99862,-0.01643
1621.29063,-0.01639
1620.58264,-0.01634
1619.87465,-0.01627
1619.16667,-0.01619
1618.45868,-0.0161
1617.75069,-0.016
1617.04271,-0.01588
1616.33472,-0.01575
1615.62673,-0.01562
1614.91874,-0.01547
1614.21076,-0.01531
1613.50277,-0.01515
1612.79478,-0.01498
1612.08679,-0.0148
1611.37881,-0.01462
1610.67082,-0.01443
1609.96283,-0.01424
1609.25485,-0.01404
1608.54686,-0.01384
1607.83887,-0.01364
1607.13088,-0.01344
1606.4229,-0.01323
1605.71491,-0.01302
1605.00692,-0.01282
1604.29894,-0.01261
1603.59095,-0.0124
1602.88296,-0.01219
1602.17497,-0.01199
1601.46699,-0.01178
1600.759,-0.01158
1600.05101,-0.01138
1599.34303,-0.01118
1598.63504,-0.01099
1597.92705,-0.01079
1597.21906,-0.0106
1596.51108,-0.01042
1595.80309,-0.01023
1595.0951,-0.01005
1594.38712,-0.00988
1593.67913,-0.00971
1592.97114,-0.00954
1592.26315,-0.00937
1591.55517,-0.00921
1590.84718,-0.00905
1590.13919,-0.0089
1589.43121,-0.00874
1588.72322,-0.0086
1588.01523,-0.00845
1587.30724,-0.00831
1586.59926,-0.00817
1585.89127,-0.00804
1585.18328,-0.0079
1584.4753,-0.00777
1583.76731,-0.00765
1583.05932,-0.00753
1582.35133,-0.00741
1581.64335,-0.00729
1580.93536,-0.00717
1580.22737,-0.00706
1579.51938,-0.00696
1578.8114,-0.00685
1578.10341,-0.00675
1577.39542,-0.00665
1576.68744,-0.00655
1575.97945,-0.00646
1575.27146,-0.00637
1574.56347,-0.00628
1573.85549,-0.0062
1573.1475,-0.00612
1572.43951,-0.00604
1571.73153,-0.00596
1571.02354,-0.00589
1570.31555,-0.00582
1569.60756,-0.00575
1568.89958,-0.00569
1568.19159,-0.00563
1567.4836,-0.00557
1566.77562,-0.00551
1566.06763,-0.00545
1565.35964,-0.00539
1564.65165,-0.00534
1563.94367,-0.00528
1563.23568,-0.00523
1562.52769,-0.00518
1561.81971,-0.00513
1561.11172,-0.00508
1560.40373,-0.00503
1559.69574,-0.00498
1558.98776,-0.00493
1558.27977,-0.00488
1557.57178,-0.00484
1556.8638,-0.00479
1556.15581,-0.00474
1555.44782,-0.00469
1554.73983,-0.00465
1554.03185,-0.0046
1553.32386,-0.00455
1552.61587,-0.00451
1551.90789,-0.00446
1551.1999,-0.00442
1550.49191,-0.00438
1549.78392,-0.00433
1549.07594,-0.00429
1548.36795,-0.00425
1547.65996,-0.00421
1546.95197,-0.00417
1546.24399,-0.00412
1545.536,-0.00408
1544.82801,-0.00404
1544.12003,-0.004
1543.41204,-0.00396
1542.70405,-0.00391
1541.99606,-0.00387
1541.28808,-0.00383
1540.58009,-0.00379
1539.8721,-0.00374
1539.16412,-0.0037
1538.45613,-0.00366
1537.74814,-0.00362
1537.04015,-0.00357
1536.33217,-0.00353
1535.62418,-0.00349
1534.91619,-0.00345
1534.20821,-0.00341
1533.50022,-0.00337
1532.79223,-0.00333
1532.08424,-0.00328
1531.37626,-0.00324
1530.66827,-0.0032
1529.96028,-0.00316
1529.2523,-0.00311
1528.54431,-0.00307
1527.83632,-0.00303
1527.12833,-0.00298
1526.42035,-0.00294
1525.71236,-0.0029
1525.00437,-0.00285
1524.29639,-0.00281
1523.5884,-0.00277
1522.88041,-0.00274
1522.17242,-0.0027
1521.46444,-0.00266
1520.75645,-0.00263
1520.04846,-0.0026
1519.34048,-0.00257
1518.63249,-0.00254
1517.9245,-0.00251
1517.21651,-0.00249
1516.50853,-0.00247
1515.80054,-0.00244
1515.09255,-0.00242
1514.38456,-0.00241
1513.67658,-0.00239
1512.96859,-0.00237
1512.2606,-0.00235
1511.55262,-0.00233
1510.84463,-0.00232
1510.13664,-0.0023
1509.42865,-0.00228
1508.72067,-0.00226
1508.01268,-0.00223
1507.30469,-0.00221
1506.59671,-0.00218
1505.88872,-0.00215
1505.18073,-0.00212
1504.47274,-0.00208
1503.76476,-0.00205
1503.05677,-0.002
1502.34878,-0.00196
1501.6408,-0.00191
1500.93281,-0.00186
1500.22482,-0.0018
1499.51683,-0.00174
1498.80885,-0.00168
1498.10086,-0.00161
1497.39287,-0.00154
1496.68489,-0.00146
1495.9769,-0.00138
1495.26891,-0.0013
1494.56092,-0.00122
1493.85294,-0.00113
1493.14495,-0.00105
1492.43696,-0.00096
1491.72898,-0.00087
1491.02099,-0.00078
1490.313,-0.00069
1489.60501,-0.00061
1488.89703,-0.00052
1488.18904,-0.00044
1487.48105,-0.00036
1486.77307,-0.00028
1486.06508,-0.00021
1485.35709,-0.00013
1484.6491,-7e-05
1483.94112,0.0
1483.23313,6e-05
1482.52514,0.00012
1481.81715,0.00018
1481.10917,0.00023
1480.40118,0.00029
1479.69319,0.00034
1478.98521,0.0004
1478.27722,0.00046
1477.56923,0.00052
1476.86124,0.00059
1476.15326,0.00066
1475.44527,0.00074
1474.73728,0.00083
1474.0293,0.00092
1473.32131,0.00102
1472.61332,0.00114
1471.90533,0.00126
1471.19735,0.0014
1470.48936,0.00154
1469.78137,0.0017
1469.07339,0.00187
1468.3654,0.00205
1467.65741,0.00224
1466.94942,0.00244
1466.24144,0.00265
1465.53345,0.00287
1464.82546,0.0031
1464.11748,0.00333
1463.40949,0.00357
1462.7015,0.00382
1461.99351,0.00406
1461.28553,0.0043
1460.57754,0.00454
1459.86955,0.00477
1459.16157,0.005
1458.45358,0.00521
1457.74559,0.00542
1457.0376,0.0056
1456.32962,0.00577
1455.62163,0.00592
1454.91364,0.00605
1454.20566,0.00616
1453.49767,0.00625
1452.78968,0.00632
1452.08169,0.00637
1451.37371,0.0064
1450.66572,0.00641
1449.95773,0.0064
1449.24974,0.00639
1448.54176,0.00636
1447.83377,0.00632
1447.12578,0.00628
1446.4178,0.00623
1445.70981,0.00618
1445.00182,0.00614
1444.29383,0.00609
1443.58585,0.00605
1442.87786,0.00602
1442.16987,0.006
1441.46189,0.00599
1440.7539,0.00599
1440.04591,0.006
1439.33792,0.00603
1438.62994,0.00606
1437.92195,0.00611
1437.21396,0.00617
1436.50598,0.00625
1435.79799,0.00633
1435.09,0.00643
1434.38201,0.00653
1433.67403,0.00665
1432.96604,0.00677
1432.25805,0.00689
1431.55007,0.00703
1430.84208,0.00716
1430.13409,0.0073
1429.4261,0.00744
1428.71812,0.00758
1428.01013,0.00773
1427.30214,0.00787
1426.59416,0.00801
1425.88617,0.00814
1425.17818,0.00828
1424.47019,0.00841
1423.76221,0.00853
1423.05422,0.00865
1422.34623,0.00876
1421.63825,0.00887
1420.93026,0.00897
1420.22227,0.00907
1419.51428,0.00915
1418.8063,0.00923
1418.09831,0.00931
1417.39032,0.00937
1416.68233,0.00943
1415.97435,0.00948
1415.26636,0.00952
1414.55837,0.00956
1413.85039,0.00958
1413.1424,0.00961
1412.43441,0.00962
1411.72642,0.00963
1411.01844,0.00963
1410.31045,0.00963
1409.60246,0.00962
1408.89448,0.00961
1408.18649,0.0096
1407.4785,0.00958
1406.77051,0.00956
1406.06253,0.00954
1405.35454,0.00951
1404.64655,0.00949
1403.93857,0.00947
1403.23058,0.00944
1402.52259,0.00942
1401.8146,0.0094
1401.10662,0.00938
1400.39863,0.00937
1399.69064,0.00935
1398.98266,0.00934
1398.27467,0.00934
1397.56668,0.00933
1396.85869,0.00933
1396.15071,0.00934
1395.44272,0.00934
1394.73473,0.00935
1394.02675,0.00935
1393.31876,0.00936
1392.61077,0.00937
1391.90278,0.00938
1391.1948,0.00938
1390.48681,0.00938
1389.77882,0.00938
1389.07084,0.00937
1388.36285,0.00936
1387.65486,0.00934
1386.94687,0.00931
1386.23889,0.00928
1385.5309,0.00923
1384.82291,0.00917
1384.11492,0.00911
1383.40694,0.00903
1382.69895,0.00894
1381.99096,0.00884
1381.28298,0.00873
1380.57499,0.00861
1379.867,0.00848
1379.15901,0.00834
1378.45103,0.00818
1377.74304,0.00802
1377.03505,0.00786
1376.32707,0.00768
1375.61908,0.00751
1374.91109,0.00733
1374.2031,0.00714
1373.49512,0.00696
1372.78713,0.00677
1372.07914,0.00659
1371.37116,0.00642
1370.66317,0.00624
1369.95518,0.00607
1369.24719,0.00591
1368.53921,0.00576
1367.83122,0.00562
1367.12323,0.00548
1366.41525,0.00535
1365.70726,0.00523
1364.99927,0.00513
1364.29128,0.00503
1363.5833,0.00494
1362.87531,0.00486
1362.16732,0.00479
1361.45934,0.00473
1360.75135,0.00468
1360.04336,0.00464
1359.33537,0.00461
1358.62739,0.00458
1357.9194,0.00457
1357.21141,0.00456
1356.50343,0.00455
1355.79544,0.00456
1355.08745,0.00457
1354.37946,0.00459
1353.67148,0.00461
1352.96349,0.00464
1352.2555,0.00467
1351.54751,0.00471
1350.83953,0.00475
1350.13154,0.0048
1349.42355,0.00485
1348.71557,0.0049
1348.00758,0.00496
1347.29959,0.00502
1346.5916,0.00508
1345.88362,0.00514
1345.17563,0.00521
1344.46764,0.00527
1343.75966,0.00534
1343.05167,0.00541
1342.34368,0.00547
1341.63569,0.00553
1340.92771,0.0056
1340.21972,0.00566
1339.51173,0.00572
1338.80375,0.00578
1338.09576,0.00583
1337.38777,0.00588
1336.67978,0.00593
1335.9718,0.00598
1335.26381,0.00602
1334.55582,0.00606
1333.84784,0.0061
1333.13985,0.00613
1332.43186,0.00616
1331.72387,0.00619
1331.01589,0.00621
1330.3079,0.00623
1329.59991,0.00624
1328.89193,0.00625
1328.18394,0.00626
1327.47595,0.00626
1326.76796,0.00626
1326.05998,0.00625
1325.35199,0.00624
1324.644,0.00623
1323.93602,0.00622
1323.22803,0.0062
1322.52004,0.00618
1321.81205,0.00615
1321.10407,0.00612
1320.39608,0.00609
1319.68809,0.00606
1318.9801,0.00603
1318.27212,0.00599
1317.56413,0.00595
1316.85614,0.0059
1316.14816,0.00586
1315.44017,0.00581
1314.73218,0.00576
1314.02419,0.00571
1313.31621,0.00566
1312.60822,0.0056
1311.90023,0.00555
1311.19225,0.00549
1310.48426,0.00544
1309.77627,0.00538
1309.06828,0.00532
1308.3603,0.00526
1307.65231,0.00521
1306.94432,0.00515
1306.23634,0.0051
1305.52835,0.00504
1304.82036,0.00499
1304.11237,0.00494
1303.40439,0.00489
1302.6964,0.00484
1301.98841,0.0048
1301.28043,0.00475
1300.57244,0.00471
1299.86445,0.00468
1299.15646,0.00464
1298.44848,0.00461
1297.74049,0.00458
1297.0325,0.00456
1296.32452,0.00454
1295.61653,0.00452
1294.90854,0.00451
1294.20055,0.0045
1293.49257,0.0045
1292.78458,0.00451
1292.07659,0.00451
1291.36861,0.00453
1290.66062,0.00454
1289.95263,0.00457
1289.24464,0.0046
1288.53666,0.00463
1287.82867,0.00467
1287.12068,0.00471
1286.41269,0.00475
1285.70471,0.0048
1284.99672,0.00485
1284.28873,0.0049
1283.58075,0.00495
1282.87276,0.00501
1282.16477,0.00506
1281.45678,0.00511
1280.7488,0.00516
1280.04081,0.00521
1279.33282,0.00525
1278.62484,0.00529
1277.91685,0.00532
1277.20886,0.00535
1276.50087,0.00537
1275.79289,0.00538
1275.0849,0.00538
1274.37691,0.00538
1273.66893,0.00536
1272.96094,0.00534
1272.25295,0.00531
1271.54496,0.00527
1270.83698,0.00522
1270.12899,0.00516
1269.421,0.00509
1268.71302,0.00502
1268.00503,0.00494
1267.29704,0.00485
1266.58905,0.00476
1265.88107,0.00467
1265.17308,0.00457
1264.46509,0.00446
1263.75711,0.00436
1263.04912,0.00425
1262.34113,0.00414
1261.63314,0.00404
1260.92516,0.00393
1260.21717,0.00383
1259.50918,0.00373
1258.8012,0.00363
1258.09321,0.00353
1257.38522,0.00344
1256.67723,0.00335
1255.96925,0.00327
1255.26126,0.00319
1254.55327,0.00312
1253.84528,0.00305
1253.1373,0.00298
1252.42931,0.00292
1251.72132,0.00286
1251.01334,0.00281
1250.30535,0.00275
1249.59736,0.00271
1248.88937,0.00266
1248.18139,0.00262
1247.4734,0.00258
1246.76541,0.00255
1246.05743,0.00251
1245.34944,0.00248
1244.64145,0.00245
1243.93346,0.00242
1243.22548,0.00239
1242.51749,0.00236
1241.8095,0.00233
1241.10152,0.0023
1240.39353,0.00227
1239.68554,0.00225
1238.97755,0.00222
1238.26957,0.00219
1237.56158,0.00216
1236.85359,0.00214
1236.14561,0.00211
1235.43762,0.00208
1234.72963,0.00206
1234.02164,0.00203
1233.31366,0.002
1232.60567,0.00198
1231.89768,0.00195
1231.1897,0.00193
1230.48171,0.0019
1229.77372,0.00188
1229.06573,0.00185
1228.35775,0.00183
1227.64976,0.00181
1226.94177,0.00178
1226.23379,0.00176
1225.5258,0.00174
1224.81781,0.00172
1224.10982,0.00169
1223.40184,0.00167
1222.69385,0.00165
1221.98586,0.00163
1221.27787,0.00161
1220.56989,0.00159
1219.8619,0.00157
1219.15391,0.00155
1218.44593,0.00153
1217.73794,0.00151
1217.02995,0.00148
1216.32196,0.00146
1215.61398,0.00144
1214.90599,0.00142
1214.198,0.0014
1213.49002,0.00138
1212.78203,0.00136
1212.07404,0.00134
1211.36605,0.00132
1210.65807,0.0013
1209.95008,0.00128
1209.24209,0.00126
1208.53411,0.00123
1207.82612,0.00121
1207.11813,0.00119
1206.41014,0.00117
1205.70216,0.00114
1204.99417,0.00112
1204.28618,0.00109
1203.5782,0.00107
1202.87021,0.00104
1202.16222,0.00101
1201.45423,0.00099
1200.74625,0.00096
1200.03826,0.00093
1199.33027,0.0009
1198.62229,0.00087
1197.9143,0.00084
1197.20631,0.00081
1196.49832,0.00078
1195.79034,0.00076
1195.08235,0.00073
1194.37436,0.00071
1193.66638,0.00069
1192.95839,0.00068
1192.2504,0.00067
1191.54241,0.00066
1190.83443,0.00065
1190.12644,0.00064
1189.41845,0.00064
1188.71046,0.00064
1188.00248,0.00063
1187.29449,0.00063
1186.5865,0.00064
1185.87852,0.00064
1185.17053,0.00064
1184.46254,0.00064
1183.75455,0.00064
1183.04657,0.00064
1182.33858,0.00064
1181.63059,0.00064
1180.92261,0.00064
1180.21462,0.00064
1179.50663,0.00064
1178.79864,0.00065
1178.09066,0.00065
1177.38267,0.00066
1176.67468,0.00067
1175.9667,0.00068
1175.25871,0.00069
1174.55072,0.00071
1173.84273,0.00072
1173.13475,0.00074
1172.42676,0.00076
1171.71877,0.00079
1171.01079,0.00081
1170.3028,0.00084
1169.59481,0.00087
1168.88682,0.00091
1168.17884,0.00095
1167.47085,0.00099
1166.76286,0.00103
1166.05488,0.00108
1165.34689,0.00113
1164.6389,0.00118
1163.93091,0.00124
1163.22293,0.00129
1162.51494,0.00135
1161.80695,0.0014
1161.09897,0.00145
1160.39098,0.00151
1159.68299,0.00155
1158.975,0.0016
1158.26702,0.00164
1157.55903,0.00169
1156.85104,0.00172
1156.14305,0.00176
1155.43507,0.0018
1154.72708,0.00183
1154.01909,0.00186
1153.31111,0.00189
1152.60312,0.00192
1151.89513,0.00195
1151.18714,0.00198
1150.47916,0.00201
1149.77117,0.00204
1149.06318,0.00207
1148.3552,0.0021
1147.64721,0.00213
1146.93922,0.00217
1146.23123,0.00221
1145.52325,0.00226
1144.81526,0.00231
1144.10727,0.00236
1143.39929,0.00242
1142.6913,0.00248
1141.98331,0.00255
1141.27532,0.00262
1140.56734,0.0027
1139.85935,0.00278
1139.15136,0.00287
1138.44338,0.00296
1137.73539,0.00305
1137.0274,0.00314
1136.31941,0.00323
1135.61143,0.00332
1134.90344,0.00342
1134.19545,0.0035
1133.48747,0.00359
1132.77948,0.00367
1132.07149,0.00375
1131.3635,0.00383
1130.65552,0.0039
1129.94753,0.00397
1129.23954,0.00404
1128.53156,0.0041
1127.82357,0.00416
1127.11558,0.00422
1126.40759,0.00428
1125.69961,0.00434
1124.99162,0.0044
1124.28363,0.00446
1123.57564,0.00452
1122.86766,0.00459
1122.15967,0.00466
1121.45168,0.00473
1120.7437,0.0048
1120.03571,0.00487
1119.32772,0.00494
1118.61973,0.00502
1117.91175,0.00509
1117.20376,0.00516
1116.49577,0.00523
1115.78779,0.0053
1115.0798,0.00537
1114.37181,0.00544
1113.66382,0.00551
1112.95584,0.00558
1112.24785,0.00565
1111.53986,0.00573
1110.83188,0.00581
1110.12389,0.0059
1109.4159,0.006
1108.70791,0.00611
1107.99993,0.00624
1107.29194,0.00639
1106.58395,0.00656
1105.87597,0.00675
1105.16798,0.00697
1104.45999,0.00721
1103.752,0.00749
1103.04402,0.0078
1102.33603,0.00814
1101.62804,0.00852
1100.92006,0.00895
1100.21207,0.00941
1099.50408,0.00992
1098.79609,0.01047
1098.08811,0.01107
1097.38012,0.01171
1096.67213,0.01239
1095.96415,0.01311
1095.25616,0.01386
1094.54817,0.01463
1093.84018,0.01542
1093.1322,0.01623
1092.42421,0.01703
1091.71622,0.01782
1091.00823,0.01858
1090.30025,0.01931
1089.59226,0.01998
1088.88427,0.0206
1088.17629,0.02115
1087.4683,0.02161
1086.76031,0.022
1086.05232,0.02228
1085.34434,0.02248
1084.63635,0.02257
1083.92836,0.02257
1083.22038,0.02248
1082.51239,0.0223
1081.8044,0.02204
1081.09641,0.02172
1080.38843,0.02133
1079.68044,0.02088
1078.97245,0.0204
1078.26447,0.01989
1077.55648,0.01935
1076.84849,0.0188
1076.1405,0.01825
1075.43252,0.01771
1074.72453,0.01718
1074.01654,0.01667
1073.30856,0.01619
1072.60057,0.01573
1071.89258,0.01531
1071.18459,0.01493
1070.47661,0.0146
1069.76862,0.01431
1069.06063,0.01406
1068.35265,0.01387
1067.64466,0.01374
1066.93667,0.01366
1066.22868,0.01365
1065.5207,0.0137
1064.81271,0.01383
1064.10472,0.01405
1063.39674,0.01435
1062.68875,0.01475
1061.98076,0.01526
1061.27277,0.01589
1060.56479,0.01666
1059.8568,0.01757
1059.14881,0.01865
1058.44082,0.01991
1057.73284,0.02136
1057.02485,0.02301
1056.31686,0.02487
1055.60888,0.02694
1054.90089,0.02923
1054.1929,0.03172
1053.48491,0.0344
1052.77693,0.03724
1052.06894,0.04019
1051.36095,0.04322
1050.65297,0.04626
1049.94498,0.04925
1049.23699,0.05212
1048.529,0.05478
1047.82102,0.05717
1047.11303,0.05922
1046.40504,0.06085
1045.69706,0.06203
1044.98907,0.06272
1044.28108,0.0629
1043.57309,0.06257
1042.86511,0.06175
1042.15712,0.06047
1041.44913,0.05879
1040.74115,0.05676
1040.03316,0.05446
1039.32517,0.05194
1038.61718,0.04928
1037.9092,0.04655
1037.20121,0.04379
1036.49322,0.04107
1035.78524,0.03842
1035.07725,0.03588
1034.36926,0.03347
1033.66127,0.0312
1032.95329,0.02909
1032.2453,0.02713
1031.53731,0.02533
1030.82933,0.02367
1030.12134,0.02215
1029.41335,0.02076
1028.70536,0.01949
1027.99738,0.01833
1027.28939,0.01726
1026.5814,0.01628
1025.87341,0.01538
1025.16543,0.01456
1024.45744,0.01379
1023.74945,0.01308
1023.04147,0.01242
1022.33348,0.01181
1021.62549,0.01124
1020.9175,0.0107
1020.20952,0.01021
1019.50153,0.00974
1018.79354,0.0093
1018.08556,0.00889
1017.37757,0.0085
1016.66958,0.00813
1015.96159,0.00779
1015.25361,0.00746
1014.54562,0.00715
1013.83763,0.00686
1013.12965,0.00658
1012.42166,0.00631
1011.71367,0.00606
1011.00568,0.00583
1010.2977,0.00561
1009.58971,0.0054
1008.88172,0.00521
1008.17374,0.00503
1007.46575,0.00486
1006.75776,0.00471
1006.04977,0.00457
1005.34179,0.00444
1004.6338,0.00432
1003.92581,0.00421
1003.21783,0.00411
1002.50984,0.00402
1001.80185,0.00394
1001.09386,0.00386
1000.38588,0.00379
999.67789,0.00371
998.9699,0.00364
998.26192,0.00358
997.55393,0.00351
996.84594,0.00344
996.13795,0.00337
995.42997,0.00329
994.72198,0.00322
994.01399,0.00314
993.306,0.00306
992.59802,0.00297
991.89003,0.00289
991.18204,0.0028
990.47406,0.00271
989.76607,0.00262
989.05808,0.00253
988.35009,0.00244
987.64211,0.00235
986.93412,0.00226
986.22613,0.00218
985.51815,0.0021
984.81016,0.00202
984.10217,0.00195
983.39418,0.00188
982.6862,0.00182
981.97821,0.00175
981.27022,0.00169
980.56224,0.00163
979.85425,0.00157
979.14626,0.00152
978.43827,0.00146
977.73029,0.00139
977.0223,0.00133
976.31431,0.00127
975.60633,0.00121
974.89834,0.00114
974.19035,0.00108
973.48236,0.00102
972.77438,0.00095
972.06639,0.00089
971.3584,0.00084
970.65042,0.00078
969.94243,0.00072
969.23444,0.00067
968.52645,0.00062
967.81847,0.00057
967.11048,0.00052
966.40249,0.00047
965.69451,0.00043
964.98652,0.00038
964.27853,0.00034
963.57054,0.00029
962.86256,0.00025
962.15457,0.00022
961.44658,0.00018
960.73859,0.00015
960.03061,0.00012
959.32262,0.0001
958.61463,7e-05
957.90665,5e-05
957.19866,3e-05
956.49067,1e-05
955.78268,-1e-05
955.0747,-3e-05
954.36671,-5e-05
953.65872,-7e-05
952.95074,-9e-05
952.24275,-0.00011
951.53476,-0.00013
950.82677,-0.00015
950.11879,-0.00017
949.4108,-0.00019
948.70281,-0.00021
947.99483,-0.00022
947.28684,-0.00023
946.57885,-0.00024
945.87086,-0.00025
945.16288,-0.00026
944.45489,-0.00026
943.7469,-0.00027
943.03892,-0.00027
942.33093,-0.00028
941.62294,-0.00028
940.91495,-0.00029
940.20697,-0.0003
939.49898,-0.00031
938.79099,-0.00032
938.08301,-0.00033
937.37502,-0.00034
936.66703,-0.00035
935.95904,-0.00036
935.25106,-0.00036
934.54307,-0.00037
933.83508,-0.00037
933.1271,-0.00037
932.41911,-0.00037
931.71112,-0.00037
931.00313,-0.00036
930.29515,-0.00035
929.58716,-0.00035
928.87917,-0.00034
928.17118,-0.00033
927.4632,-0.00033
926.75521,-0.00033
926.04722,-0.00033
925.33924,-0.00034
924.63125,-0.00035
923.92326,-0.00036
923.21527,-0.00037
922.50729,-0.00038
921.7993,-0.0004
921.09131,-0.00041
920.38333,-0.00042
919.67534,-0.00043
918.96735,-0.00044
918.25936,-0.00046
917.55138,-0.00047
916.84339,-0.00048
916.1354,-0.00049
915.42742,-0.00051
914.71943,-0.00053
914.01144,-0.00055
913.30345,-0.00057
912.59547,-0.0006
911.88748,-0.00063
911.17949,-0.00066
910.47151,-0.00069
909.76352,-0.00072
909.05553,-0.00074
908.34754,-0.00077
907.63956,-0.00079
906.93157,-0.0008
906.22358,-0.00081
905.5156,-0.00081
904.80761,-0.00081
904.09962,-0.00079
903.39163,-0.00077
902.68365,-0.00075
901.97566,-0.00071
901.26767,-0.00066
900.55969,-0.00061
899.8517,-0.00055
899.14371,-0.00047
898.43572,-0.00039
897.72774,-0.00029
897.01975,-0.00017
896.31176,-4e-05
895.60377,0.00012
894.89579,0.0003
894.1878,0.00051
893.47981,0.00075
892.77183,0.00103
892.06384,0.00135
891.35585,0.00173
890.64786,0.00216
889.93988,0.00265
889.23189,0.0032
888.5239,0.00383
887.81592,0.00452
887.10793,0.00527
886.39994,0.00609
885.69195,0.00696
884.98397,0.00787
884.27598,0.00881
883.56799,0.00976
882.86001,0.01069
882.15202,0.01158
881.44403,0.01241
880.73604,0.01316
880.02806,0.01379
879.32007,0.0143
878.61208,0.01467
877.9041,0.01489
877.19611,0.01495
876.48812,0.01485
875.78013,0.0146
875.07215,0.01422
874.36416,0.01372
873.65617,0.01312
872.94819,0.01244
872.2402,0.0117
871.53221,0.01094
870.82422,0.01015
870.11624,0.00938
869.40825,0.00862
868.70026,0.0079
867.99228,0.00722
867.28429,0.00659
866.5763,0.00601
865.86831,0.00549
865.16033,0.00501
864.45234,0.00459
863.74435,0.00422
863.03636,0.00389
862.32838,0.0036
861.62039,0.00335
860.9124,0.00312
860.20442,0.00292
859.49643,0.00275
858.78844,0.00259
858.08045,0.00246
857.37247,0.00233
856.66448,0.00222
855.95649,0.00212
855.24851,0.00203
854.54052,0.00196
853.83253,0.00189
853.12454,0.00182
852.41656,0.00177
851.70857,0.00172
851.00058,0.00168
850.2926,0.00164
849.58461,0.00161
848.87662,0.00157
848.16863,0.00154
847.46065,0.00151
846.75266,0.00148
846.04467,0.00145
845.33669,0.00142
844.6287,0.00139
843.92071,0.00136
843.21272,0.00134
842.50474,0.00131
841.79675,0.00129
841.08876,0.00128
840.38078,0.00127
839.67279,0.00127
838.9648,0.00127
838.25681,0.00128
837.54883,0.0013
836.84084,0.00132
836.13285,0.00134
835.42487,0.00136
834.71688,0.00139
834.00889,0.00141
833.3009,0.00143
832.59292,0.00144
831.88493,0.00146
831.17694,0.00147
830.46895,0.00148
829.76097,0.00149
829.05298,0.0015
828.34499,0.00151
827.63701,0.00151
826.92902,0.00152
826.22103,0.00154
825.51304,0.00155
824.80506,0.00156
824.09707,0.00158
823.38908,0.00159
822.6811,0.00161
821.97311,0.00162
821.26512,0.00163
820.55713,0.00165
819.84915,0.00166
819.14116,0.00167
818.43317,0.00169
817.72519,0.0017
817.0172,0.00172
816.30921,0.00175
815.60122,0.00178
814.89324,0.00182
814.18525,0.00186
813.47726,0.00191
812.76928,0.00198
812.06129,0.00204
811.3533,0.00212
810.64531,0.0022
809.93733,0.00228
809.22934,0.00236
808.52135,0.00245
807.81337,0.00252
807.10538,0.0026
806.39739,0.00266
805.6894,0.00272
804.98142,0.00277
804.27343,0.00282
803.56544,0.00285
802.85746,0.00288
802.14947,0.00291
801.44148,0.00293
800.73349,0.00294
800.02551,0.00296
799.31752,0.00297
798.60953,0.00299
797.90154,0.003
797.19356,0.00302
796.48557,0.00303
795.77758,0.00305
795.0696,0.00306
794.36161,0.00308
793.65362,0.0031
792.94563,0.00311
792.23765,0.00313
791.52966,0.00314
790.82167,0.00316
790.11369,0.00317
789.4057,0.00318
788.69771,0.0032
787.98972,0.00321
787.28174,0.00323
786.57375,0.00324
785.86576,0.00326
785.15778,0.00328
784.44979,0.0033
783.7418,0.00332
783.03381,0.00334
782.32583,0.00337
781.61784,0.00339
780.90985,0.00342
780.20187,0.00345
779.49388,0.00347
778.78589,0.0035
778.0779,0.00352
777.36992,0.00355
776.66193,0.00357
775.95394,0.00359
775.24596,0.00361
774.53797,0.00363
773.82998,0.00365
773.12199,0.00368
772.41401,0.0037
771.70602,0.00372
770.99803,0.00374
770.29005,0.00377
769.58206,0.00379
768.87407,0.00381
768.16608,0.00383
767.4581,0.00385
766.75011,0.00386
766.04212,0.00387
765.33413,0.00388
764.62615,0.00389
763.91816,0.0039
763.21017,0.0039
762.50219,0.00391
761.7942,0.00391
761.08621,0.00392
760.37822,0.00393
759.67024,0.00394
758.96225,0.00396
758.25426,0.00397
757.54628,0.00399
756.83829,0.00402
756.1303,0.00404
755.42231,0.00407
754.71433,0.0041
754.00634,0.00414
753.29835,0.00417
752.59037,0.0042
751.88238,0.00424
751.17439,0.00427
750.4664,0.00431
749.75842,0.00433
749.05043,0.00436
748.34244,0.00438
747.63446,0.0044
746.92647,0.00441
746.21848,0.00441
745.51049,0.00441
744.80251,0.00441
744.09452,0.0044
743.38653,0.00439
742.67855,0.00438
741.97056,0.00437
741.26257,0.00436
740.55458,0.00435
739.8466,0.00434
739.13861,0.00434
738.43062,0.00433
737.72264,0.00433
737.01465,0.00432
736.30666,0.00432
735.59867,0.00431
734.89069,0.00431
734.1827,0.00431
733.47471,0.0043
732.76672,0.0043
732.05874,0.0043
731.35075,0.0043
730.64276,0.00431
729.93478,0.00433
729.22679,0.00435
728.5188,0.00437
727.81081,0.0044
727.10283,0.00444
726.39484,0.00448
725.68685,0.00452
724.97887,0.00455
724.27088,0.00458
723.56289,0.0046
722.8549,0.00462
722.14692,0.00464
721.43893,0.00465
720.73094,0.00466
720.02296,0.00467
719.31497,0.00467
718.60698,0.00467
717.89899,0.00466
717.19101,0.00465
716.48302,0.00464
715.77503,0.00463
715.06705,0.00462
714.35906,0.0046
713.65107,0.00459
712.94308,0.00457
712.2351,0.00456
711.52711,0.00454
710.81912,0.00452
710.11114,0.00451
709.40315,0.00449
708.69516,0.00448
707.98717,0.00447
707.27919,0.00445
706.5712,0.00444
705.86321,0.00443
705.15523,0.00442
704.44724,0.00441
703.73925,0.0044
703.03126,0.00439
702.32328,0.00438
701.61529,0.00437
700.9073,0.00436
700.19931,0.00435
699.49133,0.00434
698.78334,0.00432
698.07535,0.00431
697.36737,0.00429
696.65938,0.00427
695.95139,0.00425
695.2434,0.00423
694.53542,0.00421
693.82743,0.00419
693.11944,0.00416
692.41146,0.00413
691.70347,0.0041
690.99548,0.00407
690.28749,0.00403
689.57951,0.004
688.87152,0.00396
688.16353,0.00392
687.45555,0.00388
686.74756,0.00384
686.03957,0.0038
685.33158,0.00376
684.6236,0.00372
683.91561,0.00368
683.20762,0.00364
682.49964,0.0036
681.79165,0.00356
681.08366,0.00352
680.37567,0.00349
679.66769,0.00345
678.9597,0.00341
678.25171,0.00337
677.54373,0.00334
676.83574,0.0033
676.12775,0.00325
675.41976,0.00321
674.71178,0.00317
674.00379,0.00312
673.2958,0.00307
672.58782,0.00302
671.87983,0.00297
671.17184,0.00292
670.46385,0.00287
669.75587,0.00282
669.04788,0.00277
668.33989,0.00273
667.6319,0.0027
666.92392,0.00267
666.21593,0.00264
665.50794,0.00262
664.79996,0.0026
664.09197,0.00258
663.38398,0.00257
662.67599,0.00255
661.96801,0.00252
661.26002,0.0025
660.55203,0.00247
659.84405,0.00244
659.13606,0.0024
658.42807,0.00236
657.72008,0.00232
657.0121,0.00226
656.30411,0.00221
655.59612,0.00215
654.88814,0.00208
654.18015,0.00201
653.47216,0.00194
652.76417,0.00186
652.05619,0.00177
651.3482,0.00168
650.64021,0.00159
649.93223,0.0015
649.22424,0.0014
648.51625,0.0013
647.80826,0.0012
647.10028,0.00109
646.39229,0.00099
645.6843,0.00088
644.97632,0.00077
644.26833,0.00067
643.56034,0.00056
642.85235,0.00046
642.14437,0.00036
641.43638,0.00026
640.72839,0.00016
640.02041,6e-05
639.31242,-3e-05
638.60443,-0.00012
637.89644,-0.00021
637.18846,-0.0003
636.48047,-0.00038
635.77248,-0.00046
635.06449,-0.00054
634.35651,-0.00062
633.64852,-0.00069
632.94053,-0.00076
632.23255,-0.00084
631.52456,-0.00091
630.81657,-0.00098
630.10858,-0.00105
629.4006,-0.00112
628.69261,-0.00118
627.98462,-0.00125
627.27664,-0.00132
626.56865,-0.00138
625.86066,-0.00144
625.15267,-0.0015
624.44469,-0.00155
623.7367,-0.0016
623.02871,-0.00165
622.32073,-0.0017
621.61274,-0.00175
620.90475,-0.0018
620.19676,-0.00187
619.48878,-0.00194
618.78079,-0.00202
618.0728,-0.00212
617.36482,-0.00223
616.65683,-0.00235
615.94884,-0.00248
615.24085,-0.00262
614.53287,-0.00277
613.82488,-0.00292
613.11689,-0.00307
612.40891,-0.00323
611.70092,-0.00337
610.99293,-0.00352
610.28494,-0.00365
609.57696,-0.00378
608.86897,-0.00389
608.16098,-0.004
607.453,-0.00409
606.74501,-0.00417
606.03702,-0.00423
605.32903,-0.00429
604.62105,-0.00434
603.91306,-0.00439
603.20507,-0.00443
602.49708,-0.00448
601.7891,-0.00453
601.08111,-0.00459
600.37312,-0.00466
599.66514,-0.00474
598.95715,-0.00484
598.24916,-0.00495
597.54117,-0.00507
596.83319,-0.00521
596.1252,-0.00536
595.41721,-0.00551
594.70923,-0.00567
594.00124,-0.00583
593.29325,-0.00599
592.58526,-0.00615
591.87728,-0.00631
591.16929,-0.00646
590.4613,-0.00661
589.75332,-0.00675
589.04533,-0.00688
588.33734,-0.007
587.62935,-0.00712
586.92137,-0.00723
586.21338,-0.00734
585.50539,-0.00745
584.79741,-0.00755
584.08942,-0.00765
583.38143,-0.00775
582.67344,-0.00786
581.96546,-0.00797
581.25747,-0.00809
580.54948,-0.00821
579.8415,-0.00834
579.13351,-0.00848
578.42552,-0.00863
577.71753,-0.00877
577.00955,-0.00893
576.30156,-0.00908
575.59357,-0.00923
574.88559,-0.00938
574.1776,-0.00952
573.46961,-0.00966
572.76162,-0.0098
572.05364,-0.00993
571.34565,-0.01006
570.63766,-0.01019
569.92967,-0.01031
569.22169,-0.01044
568.5137,-0.01057
567.80571,-0.01069
567.09773,-0.01082
566.38974,-0.01094
565.68175,-0.01106
564.97376,-0.01117
564.26578,-0.01128
563.55779,-0.01139
562.8498,-0.01149
562.14182,-0.01158
561.43383,-0.01168
560.72584,-0.01178
560.01785,-0.01187
559.30987,-0.01197
558.60188,-0.01207
557.89389,-0.01218
557.18591,-0.01229
556.47792,-0.0124
555.76993,-0.01251
555.06194,-0.01263
554.35396,-0.01274
553.64597,-0.01286
552.93798,-0.01298
552.23,-0.01309
551.52201,-0.01321
550.81402,-0.01332
550.10603,-0.01344
549.39805,-0.01356
548.69006,-0.01369
547.98207,-0.01382
547.27409,-0.01396
546.5661,-0.01411
545.85811,-0.01425
545.15012,-0.0144
544.44214,-0.01456
543.73415,-0.01471
543.02616,-0.01486
542.31818,-0.01501
541.61019,-0.01516
540.9022,-0.01531
540.19421,-0.01546
539.48623,-0.01561
538.77824,-0.01576
538.07025,-0.01592
537.36226,-0.01607
536.65428,-0.01622
535.94629,-0.01637
535.2383,-0.01651
534.53032,-0.01664
533.82233,-0.01675
533.11434,-0.01685
532.40635,-0.01694
531.69837,-0.01701
530.99038,-0.01708
530.28239,-0.01713
529.57441,-0.01719
528.86642,-0.01725
528.15843,-0.01731
527.45044,-0.01739
526.74246,-0.01749
526.03447,-0.01759
525.32648,-0.01771
524.6185,-0.01784
523.91051,-0.01798
523.20252,-0.01811
522.49453,-0.01825
521.78655,-0.01837
521.07856,-0.01848
520.37057,-0.01857
519.66259,-0.01865
518.9546,-0.01871
518.24661,-0.01876
517.53862,-0.0188
516.83064,-0.01883
516.12265,-0.01886
515.41466,-0.01888
514.70668,-0.0189
513.99869,-0.01893
513.2907,-0.01896
512.58271,-0.019
511.87473,-0.01905
511.16674,-0.01911
510.45875,-0.01919
509.75077,-0.01928
509.04278,-0.0194
508.33479,-0.01953
507.6268,-0.01969
506.91882,-0.01987
506.21083,-0.02007
505.50284,-0.02029
504.79485,-0.02052
504.08687,-0.02076
503.37888,-0.021
502.67089,-0.02124
501.96291,-0.02147
501.25492,-0.02169
500.54693,-0.0219
499.83894,-0.02208
499.13096,-0.02225
498.42297,-0.0224
497.71498,-0.02252
497.007,-0.02263
496.29901,-0.02272
495.59102,-0.02279
494.88303,-0.02285
494.17505,-0.0229
493.46706,-0.02294
492.75907,-0.02297
492.05109,-0.02301
491.3431,-0.02306
490.63511,-0.02311
489.92712,-0.02318
489.21914,-0.02327
488.51115,-0.02337
487.80316,-0.0235
487.09518,-0.02364
486.38719,-0.0238
485.6792,-0.02397
484.97121,-0.02414
484.26323,-0.02431
483.55524,-0.02446
482.84725,-0.02461
482.13927,-0.02473
481.43128,-0.02483
480.72329,-0.02491
480.0153,-0.02497
479.30732,-0.02501
478.59933,-0.02504
477.89134,-0.02508
477.18336,-0.02511
476.47537,-0.02517
475.76738,-0.02524
475.05939,-0.02535
474.35141,-0.02549
473.64342,-0.02567
472.93543,-0.02589
472.22744,-0.02614
471.51946,-0.02643
470.81147,-0.02675
470.10348,-0.02708
469.3955,-0.02741
468.68751,-0.02773
467.97952,-0.02802
467.27153,-0.02827
466.56355,-0.02848
465.85556,-0.02863
465.14757,-0.02873
464.43959,-0.02877
463.7316,-0.02875
463.02361,-0.02869
462.31562,-0.02859
461.60764,-0.02847
460.89965,-0.02835
460.19166,-0.02824
459.48368,-0.02816
458.77569,-0.02811
458.0677,-0.02812
457.35971,-0.02817
456.65173,-0.02827
455.94374,-0.02841
455.23575,-0.02858
454.52777,-0.02875
453.81978,-0.02892
453.11179,-0.02907
452.4038,-0.02918
451.69582,-0.02926
450.98783,-0.02928
450.27984,-0.02926
449.57186,-0.0292
448.86387,-0.02909
448.15588,-0.02895
447.44789,-0.02878
446.73991,-0.02859
446.03192,-0.02839
445.32393,-0.02818
444.61595,-0.02797
443.90796,-0.02776
443.19997,-0.02756
442.49198,-0.02737
441.784,-0.02719
441.07601,-0.02703
440.36802,-0.02688
439.66003,-0.02676
438.95205,-0.02666
438.24406,-0.0266
437.53607,-0.02657
436.82809,-0.02658
436.1201,-0.02663
435.41211,-0.02673
434.70412,-0.02686
433.99614,-0.02703
433.28815,-0.02723
432.58016,-0.02745
431.87218,-0.02769
431.16419,-0.02794
430.4562,-0.0282
429.74821,-0.02846
429.04023,-0.02872
428.33224,-0.02898
427.62425,-0.02925
426.91627,-0.02951
426.20828,-0.02978
425.50029,-0.03005
424.7923,-0.03034
424.08432,-0.03063
423.37633,-0.03092
422.66834,-0.03122
421.96036,-0.03152
421.25237,-0.03182
420.54438,-0.0321
419.83639,-0.03236
419.12841,-0.03261
418.42042,-0.03284
417.71243,-0.03304
417.00445,-0.03324
416.29646,-0.03342
415.58847,-0.03359
414.88048,-0.03377
414.1725,-0.03394
413.46451,-0.03413
412.75652,-0.03432
412.04854,-0.03451
411.34055,-0.03472
410.63256,-0.03492
409.92457,-0.03513
409.21659,-0.03533
408.5086,-0.03553
407.80061,-0.03571
407.09262,-0.03589
406.38464,-0.03604
405.67665,-0.03616
404.96866,-0.03627
404.26068,-0.03634
403.55269,-0.03637
402.8447,-0.03638
402.13671,-0.03635
401.42873,-0.03629
400.72074,-0.0362
400.01275,-0.0361
399.30477,-0.03599
398.59678,-0.03589
397.88879,-0.03581
397.1808,-0.03576
396.47282,-0.03574
395.76483,-0.03575
395.05684,-0.03579
394.34886,-0.03584
393.64087,-0.03588
392.93288,-0.03592
392.22489,-0.03594
391.51691,-0.03594
390.80892,-0.03591
390.10093,-0.03587
389.39295,-0.03581
388.68496,-0.03577
387.97697,-0.03574
387.26898,-0.03575
386.561,-0.03581
385.85301,-0.03594
385.14502,-0.03613
384.43704,-0.0364
383.72905,-0.03672
383.02106,-0.0371
382.31307,-0.03751
381.60509,-0.03795
380.8971,-0.03839
380.18911,-0.03882
379.48113,-0.03924
378.77314,-0.03964
378.06515,-0.04003
377.35716,-0.04041
376.64918,-0.04078
375.94119,-0.04115
375.2332,-0.03884
374.52521,-0.03894
