X(Numero de onda),Y(Abs)
3998.71156,-0.00264
3998.00357,-0.00263
3997.29558,-0.00263
3996.5876,-0.00262
3995.87961,-0.00261
3995.17162,-0.00261
3994.46363,-0.0026
3993.75565,-0.0026
3993.04766,-0.00259
3992.33967,-0.00258
3991.63169,-0.00258
3990.9237,-0.00257
3990.21571,-0.00257
3989.50772,-0.00257
3988.79974,-0.00256
3988.09175,-0.00256
3987.38376,-0.00255
3986.67578,-0.00255
3985.96779,-0.00255
3985.2598,-0.00254
3984.55181,-0.00254
3983.84383,-0.00254
3983.13584,-0.00254
3982.42785,-0.00254
3981.71987,-0.00254
3981.01188,-0.00254
3980.30389,-0.00254
3979.5959,-0.00254
3978.88792,-0.00254
3978.17993,-0.00253
3977.47194,-0.00253
3976.76396,-0.00253
3976.05597,-0.00253
3975.34798,-0.00253
3974.63999,-0.00253
3973.93201,-0.00253
3973.22402,-0.00253
3972.51603,-0.00252
3971.80805,-0.00252
3971.10006,-0.00252
3970.39207,-0.00252
3969.68408,-0.00252
3968.9761,-0.00252
3968.26811,-0.00252
3967.56012,-0.00252
3966.85213,-0.00251
3966.14415,-0.00251
3965.43616,-0.00251
3964.72817,-0.00251
3964.02019,-0.00251
3963.3122,-0.00251
3962.60421,-0.00251
3961.89622,-0.0025
3961.18824,-0.0025
3960.48025,-0.00249
3959.77226,-0.00249
3959.06428,-0.00248
3958.35629,-0.00247
3957.6483,-0.00246
3956.94031,-0.00246
3956.23233,-0.00245
3955.52434,-0.00244
3954.81635,-0.00243
3954.10837,-0.00242
3953.40038,-0.00241
3952.69239,-0.0024
3951.9844,-0.00239
3951.27642,-0.00238
3950.56843,-0.00238
3949.86044,-0.00237
3949.15246,-0.00236
3948.44447,-0.00235
3947.73648,-0.00235
3947.02849,-0.00234
3946.32051,-0.00234
3945.61252,-0.00233
3944.90453,-0.00233
3944.19655,-0.00232
3943.48856,-0.00232
3942.78057,-0.00232
3942.07258,-0.00231
3941.3646,-0.00231
3940.65661,-0.00231
3939.94862,-0.0023
3939.24064,-0.0023
3938.53265,-0.00229
3937.82466,-0.00228
3937.11667,-0.00228
3936.40869,-0.00227
3935.7007,-0.00226
3934.99271,-0.00225
3934.28472,-0.00224
3933.57674,-0.00223
3932.86875,-0.00222
3932.16076,-0.00221
3931.45278,-0.0022
3930.74479,-0.00219
3930.0368,-0.00218
3929.32881,-0.00216
3928.62083,-0.00215
3927.91284,-0.00214
3927.20485,-0.00213
3926.49687,-0.00212
3925.78888,-0.00211
3925.08089,-0.0021
3924.3729,-0.00209
3923.66492,-0.00208
3922.95693,-0.00207
3922.24894,-0.00206
3921.54096,-0.00205
3920.83297,-0.00205
3920.12498,-0.00204
3919.41699,-0.00204
3918.70901,-0.00203
3918.00102,-0.00202
3917.29303,-0.00202
3916.58505,-0.00201
3915.87706,-0.00201
3915.16907,-0.002
3914.46108,-0.00199
3913.7531,-0.00199
3913.04511,-0.00198
3912.33712,-0.00196
3911.62914,-0.00195
3910.92115,-0.00193
3910.21316,-0.00191
3909.50517,-0.00189
3908.79719,-0.00186
3908.0892,-0.00184
3907.38121,-0.00181
3906.67323,-0.00177
3905.96524,-0.00174
3905.25725,-0.0017
3904.54926,-0.00166
3903.84128,-0.00162
3903.13329,-0.00158
3902.4253,-0.00154
3901.71731,-0.00151
3901.00933,-0.00147
3900.30134,-0.00144
3899.59335,-0.00141
3898.88537,-0.00139
3898.17738,-0.00137
3897.46939,-0.00135
3896.7614,-0.00134
3896.05342,-0.00133
3895.34543,-0.00132
3894.63744,-0.00132
3893.92946,-0.00132
3893.22147,-0.00133
3892.51348,-0.00133
3891.80549,-0.00134
3891.09751,-0.00135
3890.38952,-0.00136
3889.68153,-0.00136
3888.97355,-0.00137
3888.26556,-0.00138
3887.55757,-0.00139
3886.84958,-0.0014
3886.1416,-0.0014
3885.43361,-0.00141
3884.72562,-0.00141
3884.01764,-0.00142
3883.30965,-0.00142
3882.60166,-0.00143
3881.89367,-0.00143
3881.18569,-0.00143
3880.4777,-0.00143
3879.76971,-0.00143
3879.06173,-0.00143
3878.35374,-0.00143
3877.64575,-0.00143
3876.93776,-0.00143
3876.22978,-0.00143
3875.52179,-0.00143
3874.8138,-0.00143
3874.10582,-0.00143
3873.39783,-0.00142
3872.68984,-0.00142
3871.98185,-0.00142
3871.27387,-0.00141
3870.56588,-0.00141
3869.85789,-0.0014
3869.1499,-0.0014
3868.44192,-0.00139
3867.73393,-0.00139
3867.02594,-0.00138
3866.31796,-0.00138
3865.60997,-0.00138
3864.90198,-0.00138
3864.19399,-0.00139
3863.48601,-0.00139
3862.77802,-0.0014
3862.07003,-0.0014
3861.36205,-0.00141
3860.65406,-0.00142
3859.94607,-0.00144
3859.23808,-0.00145
3858.5301,-0.00146
3857.82211,-0.00147
3857.11412,-0.00148
3856.40614,-0.00149
3855.69815,-0.0015
3854.99016,-0.0015
3854.28217,-0.0015
3853.57419,-0.00149
3852.8662,-0.00149
3852.15821,-0.00148
3851.45023,-0.00146
3850.74224,-0.00145
3850.03425,-0.00143
3849.32626,-0.00141
3848.61828,-0.0014
3847.91029,-0.00138
3847.2023,-0.00136
3846.49432,-0.00135
3845.78633,-0.00134
3845.07834,-0.00133
3844.37035,-0.00132
3843.66237,-0.00131
3842.95438,-0.0013
3842.24639,-0.0013
3841.53841,-0.00129
3840.83042,-0.00129
3840.12243,-0.00129
3839.41444,-0.00129
3838.70646,-0.00129
3837.99847,-0.00129
3837.29048,-0.00129
3836.58249,-0.0013
3835.87451,-0.00131
3835.16652,-0.00132
3834.45853,-0.00133
3833.75055,-0.00135
3833.04256,-0.00137
3832.33457,-0.00139
3831.62658,-0.00141
3830.9186,-0.00144
3830.21061,-0.00146
3829.50262,-0.00149
3828.79464,-0.00152
3828.08665,-0.00155
3827.37866,-0.00158
3826.67067,-0.00161
3825.96269,-0.00163
3825.2547,-0.00166
3824.54671,-0.00168
3823.83873,-0.00171
3823.13074,-0.00173
3822.42275,-0.00174
3821.71476,-0.00176
3821.00678,-0.00177
3820.29879,-0.00178
3819.5908,-0.00178
3818.88282,-0.00179
3818.17483,-0.00179
3817.46684,-0.00179
3816.75885,-0.00179
3816.05087,-0.00179
3815.34288,-0.00179
3814.63489,-0.00179
3813.92691,-0.00178
3813.21892,-0.00178
3812.51093,-0.00178
3811.80294,-0.00177
3811.09496,-0.00177
3810.38697,-0.00176
3809.67898,-0.00176
3808.971,-0.00175
3808.26301,-0.00174
3807.55502,-0.00173
3806.84703,-0.00172
3806.13905,-0.00171
3805.43106,-0.00169
3804.72307,-0.00168
3804.01508,-0.00167
3803.3071,-0.00166
3802.59911,-0.00165
3801.89112,-0.00165
3801.18314,-0.00165
3800.47515,-0.00165
3799.76716,-0.00166
3799.05917,-0.00167
3798.35119,-0.00168
3797.6432,-0.00171
3796.93521,-0.00173
3796.22723,-0.00176
3795.51924,-0.0018
3794.81125,-0.00183
3794.10326,-0.00187
3793.39528,-0.00191
3792.68729,-0.00196
3791.9793,-0.002
3791.27132,-0.00204
3790.56333,-0.00208
3789.85534,-0.00213
3789.14735,-0.00217
3788.43937,-0.0022
3787.73138,-0.00224
3787.02339,-0.00227
3786.31541,-0.0023
3785.60742,-0.00232
3784.89943,-0.00234
3784.19144,-0.00236
3783.48346,-0.00237
3782.77547,-0.00238
3782.06748,-0.00239
3781.3595,-0.00239
3780.65151,-0.00239
3779.94352,-0.00239
3779.23553,-0.00238
3778.52755,-0.00238
3777.81956,-0.00236
3777.11157,-0.00235
3776.40359,-0.00233
3775.6956,-0.00231
3774.98761,-0.00229
3774.27962,-0.00226
3773.57164,-0.00224
3772.86365,-0.00221
3772.15566,-0.00218
3771.44767,-0.00214
3770.73969,-0.00211
3770.0317,-0.00207
3769.32371,-0.00203
3768.61573,-0.00199
3767.90774,-0.00195
3767.19975,-0.0019
3766.49176,-0.00186
3765.78378,-0.00182
3765.07579,-0.00178
3764.3678,-0.00174
3763.65982,-0.0017
3762.95183,-0.00166
3762.24384,-0.00162
3761.53585,-0.00158
3760.82787,-0.00155
3760.11988,-0.00151
3759.41189,-0.00148
3758.70391,-0.00144
3757.99592,-0.00141
3757.28793,-0.00138
3756.57994,-0.00134
3755.87196,-0.00131
3755.16397,-0.00128
3754.45598,-0.00124
3753.748,-0.00121
3753.04001,-0.00118
3752.33202,-0.00114
3751.62403,-0.00111
3750.91605,-0.00107
3750.20806,-0.00104
3749.50007,-0.001
3748.79209,-0.00097
3748.0841,-0.00093
3747.37611,-0.0009
3746.66812,-0.00086
3745.96014,-0.00083
3745.25215,-0.00079
3744.54416,-0.00076
3743.83618,-0.00073
3743.12819,-0.0007
3742.4202,-0.00068
3741.71221,-0.00066
3741.00423,-0.00064
3740.29624,-0.00063
3739.58825,-0.00062
3738.88026,-0.00061
3738.17228,-0.00061
3737.46429,-0.00062
3736.7563,-0.00063
3736.04832,-0.00064
3735.34033,-0.00066
3734.63234,-0.00069
3733.92435,-0.00071
3733.21637,-0.00074
3732.50838,-0.00077
3731.80039,-0.00081
3731.09241,-0.00085
3730.38442,-0.00089
3729.67643,-0.00093
3728.96844,-0.00097
3728.26046,-0.00102
3727.55247,-0.00107
3726.84448,-0.00112
3726.1365,-0.00118
3725.42851,-0.00123
3724.72052,-0.00129
3724.01253,-0.00134
3723.30455,-0.0014
3722.59656,-0.00146
3721.88857,-0.00151
3721.18059,-0.00157
3720.4726,-0.00163
3719.76461,-0.00169
3719.05662,-0.00175
3718.34864,-0.00181
3717.64065,-0.00187
3716.93266,-0.00193
3716.22468,-0.00199
3715.51669,-0.00205
3714.8087,-0.0021
3714.10071,-0.00216
3713.39273,-0.00222
3712.68474,-0.00227
3711.97675,-0.00232
3711.26877,-0.00237
3710.56078,-0.00242
3709.85279,-0.00247
3709.1448,-0.00251
3708.43682,-0.00256
3707.72883,-0.0026
3707.02084,-0.00264
3706.31285,-0.00269
3705.60487,-0.00273
3704.89688,-0.00277
3704.18889,-0.00282
3703.48091,-0.00286
3702.77292,-0.00291
3702.06493,-0.00295
3701.35694,-0.00299
3700.64896,-0.00304
3699.94097,-0.00308
3699.23298,-0.00312
3698.525,-0.00316
3697.81701,-0.00321
3697.10902,-0.00325
3696.40103,-0.00329
3695.69305,-0.00333
3694.98506,-0.00337
3694.27707,-0.00341
3693.56909,-0.00345
3692.8611,-0.00348
3692.15311,-0.00352
3691.44512,-0.00356
3690.73714,-0.00359
3690.02915,-0.00362
3689.32116,-0.00365
3688.61318,-0.00367
3687.90519,-0.0037
3687.1972,-0.00372
3686.48921,-0.00375
3685.78123,-0.00377
3685.07324,-0.0038
3684.36525,-0.00383
3683.65727,-0.00386
3682.94928,-0.00389
3682.24129,-0.00393
3681.5333,-0.00397
3680.82532,-0.00401
3680.11733,-0.00405
3679.40934,-0.0041
3678.70136,-0.00415
3677.99337,-0.0042
3677.28538,-0.00425
3676.57739,-0.00431
3675.86941,-0.00436
3675.16142,-0.00442
3674.45343,-0.00448
3673.74544,-0.00454
3673.03746,-0.00461
3672.32947,-0.00468
3671.62148,-0.00475
3670.9135,-0.00483
3670.20551,-0.00491
3669.49752,-0.00499
3668.78953,-0.00507
3668.08155,-0.00516
3667.37356,-0.00525
3666.66557,-0.00534
3665.95759,-0.00544
3665.2496,-0.00553
3664.54161,-0.00563
3663.83362,-0.00572
3663.12564,-0.00582
3662.41765,-0.00591
3661.70966,-0.006
3661.00168,-0.00609
3660.29369,-0.00618
3659.5857,-0.00627
3658.87771,-0.00636
3658.16973,-0.00644
3657.46174,-0.00653
3656.75375,-0.00661
3656.04577,-0.00669
3655.33778,-0.00677
3654.62979,-0.00685
3653.9218,-0.00693
3653.21382,-0.00702
3652.50583,-0.0071
3651.79784,-0.00719
3651.08986,-0.00728
3650.38187,-0.00737
3649.67388,-0.00747
3648.96589,-0.00757
3648.25791,-0.00767
3647.54992,-0.00778
3646.84193,-0.00789
3646.13395,-0.008
3645.42596,-0.00812
3644.71797,-0.00824
3644.00998,-0.00837
3643.302,-0.00849
3642.59401,-0.00862
3641.88602,-0.00874
3641.17803,-0.00887
3640.47005,-0.00899
3639.76206,-0.00911
3639.05407,-0.00923
3638.34609,-0.00934
3637.6381,-0.00945
3636.93011,-0.00955
3636.22212,-0.00965
3635.51414,-0.00974
3634.80615,-0.00982
3634.09816,-0.00989
3633.39018,-0.00996
3632.68219,-0.01002
3631.9742,-0.01007
3631.26621,-0.01012
3630.55823,-0.01017
3629.85024,-0.0102
3629.14225,-0.01024
3628.43427,-0.01027
3627.72628,-0.0103
3627.01829,-0.01033
3626.3103,-0.01035
3625.60232,-0.01038
3624.89433,-0.01041
3624.18634,-0.01044
3623.47836,-0.01047
3622.77037,-0.0105
3622.06238,-0.01054
3621.35439,-0.01058
3620.64641,-0.01063
3619.93842,-0.01067
3619.23043,-0.01072
3618.52245,-0.01077
3617.81446,-0.01083
3617.10647,-0.01088
3616.39848,-0.01094
3615.6905,-0.011
3614.98251,-0.01106
3614.27452,-0.01112
3613.56654,-0.01118
3612.85855,-0.01125
3612.15056,-0.01131
3611.44257,-0.01138
3610.73459,-0.01145
3610.0266,-0.01151
3609.31861,-0.01158
3608.61063,-0.01164
3607.90264,-0.01171
3607.19465,-0.01177
3606.48666,-0.01183
3605.77868,-0.01189
3605.07069,-0.01194
3604.3627,-0.01199
3603.65471,-0.01204
3602.94673,-0.01209
3602.23874,-0.01213
3601.53075,-0.01217
3600.82277,-0.01221
3600.11478,-0.01224
3599.40679,-0.01228
3598.6988,-0.01231
3597.99082,-0.01234
3597.28283,-0.01236
3596.57484,-0.01239
3595.86686,-0.01241
3595.15887,-0.01244
3594.45088,-0.01246
3593.74289,-0.01249
3593.03491,-0.01252
3592.32692,-0.01254
3591.61893,-0.01257
3590.91095,-0.0126
3590.20296,-0.01263
3589.49497,-0.01266
3588.78698,-0.01269
3588.079,-0.01273
3587.37101,-0.01276
3586.66302,-0.0128
3585.95504,-0.01284
3585.24705,-0.01288
3584.53906,-0.01292
3583.83107,-0.01296
3583.12309,-0.013
3582.4151,-0.01304
3581.70711,-0.01308
3580.99913,-0.01312
3580.29114,-0.01316
3579.58315,-0.0132
3578.87516,-0.01324
3578.16718,-0.01327
3577.45919,-0.0133
3576.7512,-0.01332
3576.04322,-0.01334
3575.33523,-0.01335
3574.62724,-0.01336
3573.91925,-0.01337
3573.21127,-0.01337
3572.50328,-0.01336
3571.79529,-0.01336
3571.0873,-0.01335
3570.37932,-0.01333
3569.67133,-0.01332
3568.96334,-0.01331
3568.25536,-0.01329
3567.54737,-0.01328
3566.83938,-0.01327
3566.13139,-0.01326
3565.42341,-0.01326
3564.71542,-0.01326
3564.00743,-0.01327
3563.29945,-0.01328
3562.59146,-0.0133
3561.88347,-0.01332
3561.17548,-0.01335
3560.4675,-0.01338
3559.75951,-0.01342
3559.05152,-0.01345
3558.34354,-0.01349
3557.63555,-0.01354
3556.92756,-0.01358
3556.21957,-0.01362
3555.51159,-0.01366
3554.8036,-0.01369
3554.09561,-0.01373
3553.38763,-0.01375
3552.67964,-0.01378
3551.97165,-0.0138
3551.26366,-0.01382
3550.55568,-0.01384
3549.84769,-0.01385
3549.1397,-0.01386
3548.43172,-0.01386
3547.72373,-0.01387
3547.01574,-0.01387
3546.30775,-0.01388
3545.59977,-0.01388
3544.89178,-0.01389
3544.18379,-0.01389
3543.47581,-0.0139
3542.76782,-0.01391
3542.05983,-0.01392
3541.35184,-0.01393
3540.64386,-0.01395
3539.93587,-0.01397
3539.22788,-0.01398
3538.51989,-0.014
3537.81191,-0.01403
3537.10392,-0.01405
3536.39593,-0.01407
3535.68795,-0.0141
3534.97996,-0.01413
3534.27197,-0.01415
3533.56398,-0.01418
3532.856,-0.01421
3532.14801,-0.01424
3531.44002,-0.01427
3530.73204,-0.0143
3530.02405,-0.01433
3529.31606,-0.01436
3528.60807,-0.0144
3527.90009,-0.01443
3527.1921,-0.01446
3526.48411,-0.01449
3525.77613,-0.01452
3525.06814,-0.01455
3524.36015,-0.01459
3523.65216,-0.01462
3522.94418,-0.01465
3522.23619,-0.01468
3521.5282,-0.01471
3520.82022,-0.01474
3520.11223,-0.01477
3519.40424,-0.01479
3518.69625,-0.01482
3517.98827,-0.01484
3517.28028,-0.01487
3516.57229,-0.01489
3515.86431,-0.01491
3515.15632,-0.01493
3514.44833,-0.01495
3513.74034,-0.01497
3513.03236,-0.01499
3512.32437,-0.01501
3511.61638,-0.01503
3510.9084,-0.01504
3510.20041,-0.01506
3509.49242,-0.01508
3508.78443,-0.0151
3508.07645,-0.01512
3507.36846,-0.01515
3506.66047,-0.01517
3505.95248,-0.0152
3505.2445,-0.01523
3504.53651,-0.01526
3503.82852,-0.0153
3503.12054,-0.01533
3502.41255,-0.01537
3501.70456,-0.01542
3500.99657,-0.01546
3500.28859,-0.01551
3499.5806,-0.01555
3498.87261,-0.0156
3498.16463,-0.01565
3497.45664,-0.0157
3496.74865,-0.01575
3496.04066,-0.0158
3495.33268,-0.01585
3494.62469,-0.0159
3493.9167,-0.01594
3493.20872,-0.01599
3492.50073,-0.01603
3491.79274,-0.01608
3491.08475,-0.01612
3490.37677,-0.01616
3489.66878,-0.0162
3488.96079,-0.01624
3488.25281,-0.01628
3487.54482,-0.01633
3486.83683,-0.01637
3486.12884,-0.01641
3485.42086,-0.01645
3484.71287,-0.01649
3484.00488,-0.01652
3483.2969,-0.01656
3482.58891,-0.0166
3481.88092,-0.01664
3481.17293,-0.01668
3480.46495,-0.01672
3479.75696,-0.01676
3479.04897,-0.01679
3478.34099,-0.01683
3477.633,-0.01687
3476.92501,-0.0169
3476.21702,-0.01694
3475.50904,-0.01698
3474.80105,-0.01702
3474.09306,-0.01705
3473.38507,-0.01709
3472.67709,-0.01713
3471.9691,-0.01717
3471.26111,-0.0172
3470.55313,-0.01724
3469.84514,-0.01728
3469.13715,-0.01732
3468.42916,-0.01735
3467.72118,-0.01739
3467.01319,-0.01743
3466.3052,-0.01746
3465.59722,-0.0175
3464.88923,-0.01754
3464.18124,-0.01758
3463.47325,-0.01762
3462.76527,-0.01767
3462.05728,-0.01771
3461.34929,-0.01776
3460.64131,-0.01781
3459.93332,-0.01786
3459.22533,-0.01791
3458.51734,-0.01797
3457.80936,-0.01803
3457.10137,-0.01809
3456.39338,-0.01815
3455.6854,-0.01822
3454.97741,-0.01829
3454.26942,-0.01836
3453.56143,-0.01843
3452.85345,-0.0185
3452.14546,-0.01858
3451.43747,-0.01865
3450.72949,-0.01872
3450.0215,-0.01879
3449.31351,-0.01886
3448.60552,-0.01893
3447.89754,-0.01899
3447.18955,-0.01906
3446.48156,-0.01912
3445.77358,-0.01918
3445.06559,-0.01924
3444.3576,-0.0193
3443.64961,-0.01935
3442.94163,-0.01941
3442.23364,-0.01946
3441.52565,-0.01951
3440.81766,-0.01957
3440.10968,-0.01962
3439.40169,-0.01967
3438.6937,-0.01973
3437.98572,-0.01978
3437.27773,-0.01984
3436.56974,-0.01989
3435.86175,-0.01995
3435.15377,-0.02001
3434.44578,-0.02007
3433.73779,-0.02013
3433.02981,-0.02019
3432.32182,-0.02025
3431.61383,-0.02032
3430.90584,-0.02038
3430.19786,-0.02044
3429.48987,-0.0205
3428.78188,-0.02057
3428.0739,-0.02063
3427.36591,-0.02069
3426.65792,-0.02075
3425.94993,-0.0208
3425.24195,-0.02086
3424.53396,-0.02091
3423.82597,-0.02097
3423.11799,-0.02102
3422.41,-0.02106
3421.70201,-0.02111
3420.99402,-0.02116
3420.28604,-0.0212
3419.57805,-0.02125
3418.87006,-0.02129
3418.16208,-0.02133
3417.45409,-0.02137
3416.7461,-0.02141
3416.03811,-0.02145
3415.33013,-0.02149
3414.62214,-0.02153
3413.91415,-0.02158
3413.20617,-0.02162
3412.49818,-0.02166
3411.79019,-0.0217
3411.0822,-0.02175
3410.37422,-0.02179
3409.66623,-0.02184
3408.95824,-0.02188
3408.25025,-0.02193
3407.54227,-0.02198
3406.83428,-0.02202
3406.12629,-0.02207
3405.41831,-0.02212
3404.71032,-0.02217
3404.00233,-0.02222
3403.29434,-0.02226
3402.58636,-0.02231
3401.87837,-0.02236
3401.17038,-0.02241
3400.4624,-0.02245
3399.75441,-0.0225
3399.04642,-0.02254
3398.33843,-0.02258
3397.63045,-0.02262
3396.92246,-0.02266
3396.21447,-0.02269
3395.50649,-0.02273
3394.7985,-0.02276
3394.09051,-0.02279
3393.38252,-0.02282
3392.67454,-0.02285
3391.96655,-0.02288
3391.25856,-0.02291
3390.55058,-0.02294
3389.84259,-0.02297
3389.1346,-0.023
3388.42661,-0.02303
3387.71863,-0.02306
3387.01064,-0.02309
3386.30265,-0.02313
3385.59467,-0.02317
3384.88668,-0.0232
3384.17869,-0.02324
3383.4707,-0.02328
3382.76272,-0.02332
3382.05473,-0.02337
3381.34674,-0.02341
3380.63876,-0.02345
3379.93077,-0.02349
3379.22278,-0.02353
3378.51479,-0.02357
3377.80681,-0.02361
3377.09882,-0.02365
3376.39083,-0.02368
3375.68284,-0.02372
3374.97486,-0.02375
3374.26687,-0.02379
3373.55888,-0.02383
3372.8509,-0.02386
3372.14291,-0.0239
3371.43492,-0.02393
3370.72693,-0.02397
3370.01895,-0.02401
3369.31096,-0.02405
3368.60297,-0.02409
3367.89499,-0.02414
3367.187,-0.02418
3366.47901,-0.02423
3365.77102,-0.02427
3365.06304,-0.02432
3364.35505,-0.02436
3363.64706,-0.0244
3362.93908,-0.02445
3362.23109,-0.02449
3361.5231,-0.02452
3360.81511,-0.02456
3360.10713,-0.02459
3359.39914,-0.02462
3358.69115,-0.02464
3357.98317,-0.02466
3357.27518,-0.02468
3356.56719,-0.02469
3355.8592,-0.0247
3355.15122,-0.02471
3354.44323,-0.02471
3353.73524,-0.02471
3353.02726,-0.02471
3352.31927,-0.0247
3351.61128,-0.0247
3350.90329,-0.02469
3350.19531,-0.02469
3349.48732,-0.02468
3348.77933,-0.02468
3348.07135,-0.02468
3347.36336,-0.02467
3346.65537,-0.02467
3345.94738,-0.02468
3345.2394,-0.02468
3344.53141,-0.02469
3343.82342,-0.02469
3343.11543,-0.0247
3342.40745,-0.02472
3341.69946,-0.02473
3340.99147,-0.02475
3340.28349,-0.02477
3339.5755,-0.02478
3338.86751,-0.0248
3338.15952,-0.02482
3337.45154,-0.02484
3336.74355,-0.02485
3336.03556,-0.02487
3335.32758,-0.02489
3334.61959,-0.0249
3333.9116,-0.02491
3333.20361,-0.02492
3332.49563,-0.02493
3331.78764,-0.02494
3331.07965,-0.02495
3330.37167,-0.02495
3329.66368,-0.02496
3328.95569,-0.02496
3328.2477,-0.02496
3327.53972,-0.02496
3326.83173,-0.02496
3326.12374,-0.02495
3325.41576,-0.02495
3324.70777,-0.02494
3323.99978,-0.02493
3323.29179,-0.02492
3322.58381,-0.02491
3321.87582,-0.02489
3321.16783,-0.02488
3320.45985,-0.02486
3319.75186,-0.02484
3319.04387,-0.02482
3318.33588,-0.02479
3317.6279,-0.02477
3316.91991,-0.02474
3316.21192,-0.02471
3315.50394,-0.02469
3314.79595,-0.02466
3314.08796,-0.02463
3313.37997,-0.0246
3312.67199,-0.02457
3311.964,-0.02454
3311.25601,-0.02451
3310.54802,-0.02449
3309.84004,-0.02446
3309.13205,-0.02444
3308.42406,-0.02441
3307.71608,-0.02439
3307.00809,-0.02437
3306.3001,-0.02435
3305.59211,-0.02433
3304.88413,-0.02431
3304.17614,-0.02429
3303.46815,-0.02427
3302.76017,-0.02425
3302.05218,-0.02423
3301.34419,-0.02421
3300.6362,-0.02419
3299.92822,-0.02417
3299.22023,-0.02415
3298.51224,-0.02414
3297.80426,-0.02412
3297.09627,-0.02411
3296.38828,-0.02409
3295.68029,-0.02408
3294.97231,-0.02406
3294.26432,-0.02405
3293.55633,-0.02404
3292.84835,-0.02403
3292.14036,-0.02401
3291.43237,-0.024
3290.72438,-0.02399
3290.0164,-0.02398
3289.30841,-0.02396
3288.60042,-0.02395
3287.89244,-0.02394
3287.18445,-0.02392
3286.47646,-0.02391
3285.76847,-0.02389
3285.06049,-0.02388
3284.3525,-0.02386
3283.64451,-0.02384
3282.93653,-0.02383
3282.22854,-0.02381
3281.52055,-0.0238
3280.81256,-0.02378
3280.10458,-0.02377
3279.39659,-0.02376
3278.6886,-0.02374
3277.98061,-0.02373
3277.27263,-0.02372
3276.56464,-0.02371
3275.85665,-0.0237
3275.14867,-0.02369
3274.44068,-0.02368
3273.73269,-0.02367
3273.0247,-0.02366
3272.31672,-0.02365
3271.60873,-0.02364
3270.90074,-0.02362
3270.19276,-0.02361
3269.48477,-0.0236
3268.77678,-0.02358
3268.06879,-0.02357
3267.36081,-0.02355
3266.65282,-0.02354
3265.94483,-0.02352
3265.23685,-0.0235
3264.52886,-0.02349
3263.82087,-0.02347
3263.11288,-0.02345
3262.4049,-0.02343
3261.69691,-0.02341
3260.98892,-0.0234
3260.28094,-0.02338
3259.57295,-0.02337
3258.86496,-0.02336
3258.15697,-0.02335
3257.44899,-0.02334
3256.741,-0.02333
3256.03301,-0.02333
3255.32503,-0.02333
3254.61704,-0.02333
3253.90905,-0.02334
3253.20106,-0.02335
3252.49308,-0.02336
3251.78509,-0.02337
3251.0771,-0.02339
3250.36912,-0.02341
3249.66113,-0.02343
3248.95314,-0.02345
3248.24515,-0.02348
3247.53717,-0.02351
3246.82918,-0.02353
3246.12119,-0.02356
3245.4132,-0.02359
3244.70522,-0.02362
3243.99723,-0.02366
3243.28924,-0.02369
3242.58126,-0.02372
3241.87327,-0.02375
3241.16528,-0.02378
3240.45729,-0.02381
3239.74931,-0.02384
3239.04132,-0.02387
3238.33333,-0.0239
3237.62535,-0.02392
3236.91736,-0.02394
3236.20937,-0.02396
3235.50138,-0.02398
3234.7934,-0.024
3234.08541,-0.02401
3233.37742,-0.02402
3232.66944,-0.02403
3231.96145,-0.02404
3231.25346,-0.02405
3230.54547,-0.02405
3229.83749,-0.02405
3229.1295,-0.02405
3228.42151,-0.02405
3227.71353,-0.02405
3227.00554,-0.02405
3226.29755,-0.02404
3225.58956,-0.02404
3224.88158,-0.02403
3224.17359,-0.02402
3223.4656,-0.02401
3222.75762,-0.024
3222.04963,-0.02398
3221.34164,-0.02397
3220.63365,-0.02395
3219.92567,-0.02393
3219.21768,-0.02392
3218.50969,-0.0239
3217.80171,-0.02387
3217.09372,-0.02385
3216.38573,-0.02383
3215.67774,-0.0238
3214.96976,-0.02378
3214.26177,-0.02376
3213.55378,-0.02373
3212.84579,-0.02371
3212.13781,-0.02368
3211.42982,-0.02366
3210.72183,-0.02364
3210.01385,-0.02361
3209.30586,-0.02359
3208.59787,-0.02357
3207.88988,-0.02355
3207.1819,-0.02353
3206.47391,-0.02351
3205.76592,-0.02349
3205.05794,-0.02347
3204.34995,-0.02345
3203.64196,-0.02342
3202.93397,-0.0234
3202.22599,-0.02337
3201.518,-0.02334
3200.81001,-0.02331
3200.10203,-0.02327
3199.39404,-0.02324
3198.68605,-0.0232
3197.97806,-0.02316
3197.27008,-0.02312
3196.56209,-0.02307
3195.8541,-0.02303
3195.14612,-0.02298
3194.43813,-0.02293
3193.73014,-0.02288
3193.02215,-0.02283
3192.31417,-0.02277
3191.60618,-0.02272
3190.89819,-0.02266
3190.19021,-0.0226
3189.48222,-0.02254
3188.77423,-0.02247
3188.06624,-0.02241
3187.35826,-0.02234
3186.65027,-0.02227
3185.94228,-0.02219
3185.2343,-0.02211
3184.52631,-0.02203
3183.81832,-0.02195
3183.11033,-0.02186
3182.40235,-0.02177
3181.69436,-0.02168
3180.98637,-0.02159
3180.27838,-0.0215
3179.5704,-0.0214
3178.86241,-0.02131
3178.15442,-0.02122
3177.44644,-0.02113
3176.73845,-0.02104
3176.03046,-0.02096
3175.32247,-0.02088
3174.61449,-0.0208
3173.9065,-0.02073
3173.19851,-0.02066
3172.49053,-0.0206
3171.78254,-0.02054
3171.07455,-0.02048
3170.36656,-0.02042
3169.65858,-0.02037
3168.95059,-0.02032
3168.2426,-0.02027
3167.53462,-0.02021
3166.82663,-0.02016
3166.11864,-0.02011
3165.41065,-0.02006
3164.70267,-0.02001
3163.99468,-0.01995
3163.28669,-0.01989
3162.57871,-0.01983
3161.87072,-0.01976
3161.16273,-0.0197
3160.45474,-0.01963
3159.74676,-0.01955
3159.03877,-0.01948
3158.33078,-0.0194
3157.6228,-0.01932
3156.91481,-0.01924
3156.20682,-0.01916
3155.49883,-0.01908
3154.79085,-0.01899
3154.08286,-0.0189
3153.37487,-0.01881
3152.66689,-0.01872
3151.9589,-0.01863
3151.25091,-0.01854
3150.54292,-0.01845
3149.83494,-0.01835
3149.12695,-0.01825
3148.41896,-0.01815
3147.71097,-0.01805
3147.00299,-0.01795
3146.295,-0.01785
3145.58701,-0.01774
3144.87903,-0.01764
3144.17104,-0.01753
3143.46305,-0.01742
3142.75506,-0.01731
3142.04708,-0.0172
3141.33909,-0.01708
3140.6311,-0.01697
3139.92312,-0.01686
3139.21513,-0.01674
3138.50714,-0.01663
3137.79915,-0.01651
3137.09117,-0.0164
3136.38318,-0.01629
3135.67519,-0.01618
3134.96721,-0.01607
3134.25922,-0.01597
3133.55123,-0.01586
3132.84324,-0.01576
3132.13526,-0.01567
3131.42727,-0.01557
3130.71928,-0.01548
3130.0113,-0.01539
3129.30331,-0.0153
3128.59532,-0.01521
3127.88733,-0.01513
3127.17935,-0.01504
3126.47136,-0.01496
3125.76337,-0.01487
3125.05539,-0.01479
3124.3474,-0.01471
3123.63941,-0.01462
3122.93142,-0.01454
3122.22344,-0.01446
3121.51545,-0.01438
3120.80746,-0.01429
3120.09948,-0.01421
3119.39149,-0.01413
3118.6835,-0.01405
3117.97551,-0.01396
3117.26753,-0.01388
3116.55954,-0.0138
3115.85155,-0.01372
3115.14356,-0.01364
3114.43558,-0.01355
3113.72759,-0.01347
3113.0196,-0.01338
3112.31162,-0.0133
3111.60363,-0.01321
3110.89564,-0.01312
3110.18765,-0.01303
3109.47967,-0.01294
3108.77168,-0.01285
3108.06369,-0.01276
3107.35571,-0.01266
3106.64772,-0.01257
3105.93973,-0.01247
3105.23174,-0.01238
3104.52376,-0.01228
3103.81577,-0.01218
3103.10778,-0.01209
3102.3998,-0.01199
3101.69181,-0.0119
3100.98382,-0.0118
3100.27583,-0.01171
3099.56785,-0.01162
3098.85986,-0.01153
3098.15187,-0.01144
3097.44389,-0.01136
3096.7359,-0.01127
3096.02791,-0.01119
3095.31992,-0.01111
3094.61194,-0.01103
3093.90395,-0.01095
3093.19596,-0.01088
3092.48798,-0.0108
3091.77999,-0.01073
3091.072,-0.01066
3090.36401,-0.01059
3089.65603,-0.01052
3088.94804,-0.01045
3088.24005,-0.01038
3087.53207,-0.01031
3086.82408,-0.01024
3086.11609,-0.01018
3085.4081,-0.01011
3084.70012,-0.01004
3083.99213,-0.00997
3083.28414,-0.0099
3082.57615,-0.00983
3081.86817,-0.00976
3081.16018,-0.00969
3080.45219,-0.00962
3079.74421,-0.00954
3079.03622,-0.00947
3078.32823,-0.0094
3077.62024,-0.00932
3076.91226,-0.00925
3076.20427,-0.00917
3075.49628,-0.0091
3074.7883,-0.00902
3074.08031,-0.00895
3073.37232,-0.00887
3072.66433,-0.0088
3071.95635,-0.00873
3071.24836,-0.00865
3070.54037,-0.00858
3069.83239,-0.00851
3069.1244,-0.00844
3068.41641,-0.00837
3067.70842,-0.0083
3067.00044,-0.00823
3066.29245,-0.00816
3065.58446,-0.00809
3064.87648,-0.00802
3064.16849,-0.00796
3063.4605,-0.00789
3062.75251,-0.00783
3062.04453,-0.00777
3061.33654,-0.0077
3060.62855,-0.00764
3059.92057,-0.00758
3059.21258,-0.00752
3058.50459,-0.00746
3057.7966,-0.0074
3057.08862,-0.00734
3056.38063,-0.00728
3055.67264,-0.00722
3054.96466,-0.00716
3054.25667,-0.0071
3053.54868,-0.00704
3052.84069,-0.00698
3052.13271,-0.00692
3051.42472,-0.00686
3050.71673,-0.0068
3050.00874,-0.00674
3049.30076,-0.00668
3048.59277,-0.00662
3047.88478,-0.00656
3047.1768,-0.0065
3046.46881,-0.00644
3045.76082,-0.00638
3045.05283,-0.00632
3044.34485,-0.00626
3043.63686,-0.0062
3042.92887,-0.00614
3042.22089,-0.00608
3041.5129,-0.00602
3040.80491,-0.00595
3040.09692,-0.00589
3039.38894,-0.00582
3038.68095,-0.00576
3037.97296,-0.00569
3037.26498,-0.00562
3036.55699,-0.00555
3035.849,-0.00549
3035.14101,-0.00542
3034.43303,-0.00535
3033.72504,-0.00528
3033.01705,-0.00521
3032.30907,-0.00514
3031.60108,-0.00507
3030.89309,-0.005
3030.1851,-0.00493
3029.47712,-0.00486
3028.76913,-0.0048
3028.06114,-0.00473
3027.35316,-0.00467
3026.64517,-0.00461
3025.93718,-0.00455
3025.22919,-0.00448
3024.52121,-0.00442
3023.81322,-0.00436
3023.10523,-0.0043
3022.39725,-0.00423
3021.68926,-0.00416
3020.98127,-0.0041
3020.27328,-0.00403
3019.5653,-0.00395
3018.85731,-0.00388
3018.14932,-0.00379
3017.44133,-0.00371
3016.73335,-0.00362
3016.02536,-0.00352
3015.31737,-0.00342
3014.60939,-0.00332
3013.9014,-0.00321
3013.19341,-0.00309
3012.48542,-0.00296
3011.77744,-0.00283
3011.06945,-0.00268
3010.36146,-0.00253
3009.65348,-0.00237
3008.94549,-0.0022
3008.2375,-0.00202
3007.52951,-0.00183
3006.82153,-0.00163
3006.11354,-0.00142
3005.40555,-0.00119
3004.69757,-0.00095
3003.98958,-0.00069
3003.28159,-0.00042
3002.5736,-0.00013
3001.86562,0.00017
3001.15763,0.0005
3000.44964,0.00084
2999.74166,0.0012
2999.03367,0.00158
2998.32568,0.00199
2997.61769,0.00242
2996.90971,0.00287
2996.20172,0.00335
2995.49373,0.00385
2994.78575,0.00438
2994.07776,0.00494
2993.36977,0.00552
2992.66178,0.00612
2991.9538,0.00674
2991.24581,0.00737
2990.53782,0.00801
2989.82984,0.00864
2989.12185,0.00927
2988.41386,0.00989
2987.70587,0.01048
2986.99789,0.01104
2986.2899,0.01156
2985.58191,0.01203
2984.87392,0.01245
2984.16594,0.0128
2983.45795,0.01309
2982.74996,0.01331
2982.04198,0.01346
2981.33399,0.01354
2980.626,0.01355
2979.91801,0.01349
2979.21003,0.01337
2978.50204,0.01319
2977.79405,0.01295
2977.08607,0.01266
2976.37808,0.01233
2975.67009,0.01196
2974.9621,0.01157
2974.25412,0.01115
2973.54613,0.01072
2972.83814,0.01028
2972.13016,0.00984
2971.42217,0.0094
2970.71418,0.00898
2970.00619,0.00856
2969.29821,0.00816
2968.59022,0.00779
2967.88223,0.00743
2967.17425,0.0071
2966.46626,0.0068
2965.75827,0.00652
2965.05028,0.00626
2964.3423,0.00603
2963.63431,0.00582
2962.92632,0.00564
2962.21834,0.00548
2961.51035,0.00534
2960.80236,0.00523
2960.09437,0.00513
2959.38639,0.00506
2958.6784,0.005
2957.97041,0.00496
2957.26243,0.00494
2956.55444,0.00493
2955.84645,0.00494
2955.13846,0.00496
2954.43048,0.00499
2953.72249,0.00503
2953.0145,0.00507
2952.30651,0.00512
2951.59853,0.00517
2950.89054,0.00523
2950.18255,0.00529
2949.47457,0.00536
2948.76658,0.00542
2948.05859,0.00549
2947.3506,0.00555
2946.64262,0.00562
2945.93463,0.00569
2945.22664,0.00575
2944.51866,0.00581
2943.81067,0.00586
2943.10268,0.00591
2942.39469,0.00596
2941.68671,0.006
2940.97872,0.00603
2940.27073,0.00606
2939.56275,0.00608
2938.85476,0.0061
2938.14677,0.00611
2937.43878,0.00612
2936.7308,0.00612
2936.02281,0.00613
2935.31482,0.00613
2934.60684,0.00614
2933.89885,0.00614
2933.19086,0.00615
2932.48287,0.00615
2931.77489,0.00615
2931.0669,0.00615
2930.35891,0.00615
2929.65093,0.00615
2928.94294,0.00614
2928.23495,0.00613
2927.52696,0.00612
2926.81898,0.00611
2926.11099,0.0061
2925.403,0.00609
2924.69502,0.00608
2923.98703,0.00608
2923.27904,0.00608
2922.57105,0.00609
2921.86307,0.00611
2921.15508,0.00614
2920.44709,0.00619
2919.7391,0.00624
2919.03112,0.00631
2918.32313,0.00638
2917.61514,0.00648
2916.90716,0.00658
2916.19917,0.0067
2915.49118,0.00682
2914.78319,0.00696
2914.07521,0.0071
2913.36722,0.00725
2912.65923,0.0074
2911.95125,0.00755
2911.24326,0.0077
2910.53527,0.00784
2909.82728,0.00798
2909.1193,0.0081
2908.41131,0.00822
2907.70332,0.00832
2906.99534,0.00841
2906.28735,0.00849
2905.57936,0.00854
2904.87137,0.00859
2904.16339,0.00861
2903.4554,0.00863
2902.74741,0.00863
2902.03943,0.00861
2901.33144,0.00858
2900.62345,0.00855
2899.91546,0.0085
2899.20748,0.00844
2898.49949,0.00838
2897.7915,0.00831
2897.08352,0.00824
2896.37553,0.00817
2895.66754,0.0081
2894.95955,0.00802
2894.25157,0.00795
2893.54358,0.00788
2892.83559,0.00781
2892.12761,0.00775
2891.41962,0.00769
2890.71163,0.00763
2890.00364,0.00758
2889.29566,0.00753
2888.58767,0.00748
2887.87968,0.00743
2887.17169,0.00738
2886.46371,0.00733
2885.75572,0.00727
2885.04773,0.00721
2884.33975,0.00715
2883.63176,0.00708
2882.92377,0.00701
2882.21578,0.00693
2881.5078,0.00684
2880.79981,0.00675
2880.09182,0.00666
2879.38384,0.00656
2878.67585,0.00647
2877.96786,0.00637
2877.25987,0.00626
2876.55189,0.00616
2875.8439,0.00606
2875.13591,0.00595
2874.42793,0.00585
2873.71994,0.00575
2873.01195,0.00564
2872.30396,0.00554
2871.59598,0.00544
2870.88799,0.00534
2870.18,0.00524
2869.47202,0.00515
2868.76403,0.00506
2868.05604,0.00498
2867.34805,0.0049
2866.64007,0.00483
2865.93208,0.00476
2865.22409,0.00469
2864.51611,0.00464
2863.80812,0.00458
2863.10013,0.00453
2862.39214,0.00448
2861.68416,0.00443
2860.97617,0.00438
2860.26818,0.00433
2859.5602,0.00429
2858.85221,0.00424
2858.14422,0.00419
2857.43623,0.00415
2856.72825,0.0041
2856.02026,0.00405
2855.31227,0.00401
2854.60428,0.00396
2853.8963,0.00391
2853.18831,0.00387
2852.48032,0.00382
2851.77234,0.00378
2851.06435,0.00373
2850.35636,0.00369
2849.64837,0.00365
2848.94039,0.00361
2848.2324,0.00357
2847.52441,0.00354
2846.81643,0.00351
2846.10844,0.00348
2845.40045,0.00345
2844.69246,0.00343
2843.98448,0.00341
2843.27649,0.00339
2842.5685,0.00337
2841.86052,0.00336
2841.15253,0.00334
2840.44454,0.00333
2839.73655,0.00331
2839.02857,0.00329
2838.32058,0.00328
2837.61259,0.00326
2836.90461,0.00325
2836.19662,0.00323
2835.48863,0.00321
2834.78064,0.0032
2834.07266,0.00318
2833.36467,0.00317
2832.65668,0.00315
2831.9487,0.00314
2831.24071,0.00312
2830.53272,0.0031
2829.82473,0.00308
2829.11675,0.00306
2828.40876,0.00304
2827.70077,0.00302
2826.99279,0.00299
2826.2848,0.00296
2825.57681,0.00294
2824.86882,0.00291
2824.16084,0.00288
2823.45285,0.00285
2822.74486,0.00283
2822.03687,0.0028
2821.32889,0.00278
2820.6209,0.00276
2819.91291,0.00273
2819.20493,0.00271
2818.49694,0.00269
2817.78895,0.00267
2817.08096,0.00265
2816.37298,0.00263
2815.66499,0.00261
2814.957,0.00258
2814.24902,0.00256
2813.54103,0.00254
2812.83304,0.00251
2812.12505,0.00249
2811.41707,0.00246
2810.70908,0.00244
2810.00109,0.00241
2809.29311,0.00238
2808.58512,0.00235
2807.87713,0.00232
2807.16914,0.00229
2806.46116,0.00226
2805.75317,0.00222
2805.04518,0.00219
2804.3372,0.00215
2803.62921,0.00211
2802.92122,0.00208
2802.21323,0.00204
2801.50525,0.00201
2800.79726,0.00197
2800.08927,0.00194
2799.38129,0.00192
2798.6733,0.00189
2797.96531,0.00187
2797.25732,0.00185
2796.54934,0.00183
2795.84135,0.00181
2795.13336,0.0018
2794.42538,0.00178
2793.71739,0.00177
2793.0094,0.00175
2792.30141,0.00174
2791.59343,0.00172
2790.88544,0.0017
2790.17745,0.00168
2789.46946,0.00167
2788.76148,0.00165
2788.05349,0.00163
2787.3455,0.00161
2786.63752,0.0016
2785.92953,0.00158
2785.22154,0.00157
2784.51355,0.00155
2783.80557,0.00154
2783.09758,0.00153
2782.38959,0.00152
2781.68161,0.00152
2780.97362,0.00151
2780.26563,0.00151
2779.55764,0.00151
2778.84966,0.00151
2778.14167,0.00151
2777.43368,0.00151
2776.7257,0.00152
2776.01771,0.00152
2775.30972,0.00152
2774.60173,0.00152
2773.89375,0.00152
2773.18576,0.00152
2772.47777,0.00152
2771.76979,0.00152
2771.0618,0.00151
2770.35381,0.0015
2769.64582,0.00149
2768.93784,0.00148
2768.22985,0.00147
2767.52186,0.00146
2766.81388,0.00145
2766.10589,0.00143
2765.3979,0.00142
2764.68991,0.00141
2763.98193,0.0014
2763.27394,0.00139
2762.56595,0.00138
2761.85797,0.00138
2761.14998,0.00137
2760.44199,0.00137
2759.734,0.00137
2759.02602,0.00138
2758.31803,0.00138
2757.61004,0.00139
2756.90205,0.00139
2756.19407,0.0014
2755.48608,0.00141
2754.77809,0.00142
2754.07011,0.00142
2753.36212,0.00142
2752.65413,0.00142
2751.94614,0.00142
2751.23816,0.00141
2750.53017,0.0014
2749.82218,0.00139
2749.1142,0.00138
2748.40621,0.00137
2747.69822,0.00135
2746.99023,0.00134
2746.28225,0.00134
2745.57426,0.00133
2744.86627,0.00133
2744.15829,0.00133
2743.4503,0.00133
2742.74231,0.00133
2742.03432,0.00134
2741.32634,0.00135
2740.61835,0.00135
2739.91036,0.00136
2739.20238,0.00136
2738.49439,0.00136
2737.7864,0.00137
2737.07841,0.00137
2736.37043,0.00137
2735.66244,0.00136
2734.95445,0.00136
2734.24647,0.00136
2733.53848,0.00135
2732.83049,0.00134
2732.1225,0.00134
2731.41452,0.00133
2730.70653,0.00132
2729.99854,0.00131
2729.29056,0.0013
2728.58257,0.00129
2727.87458,0.00127
2727.16659,0.00126
2726.45861,0.00124
2725.75062,0.00123
2725.04263,0.00121
2724.33464,0.00119
2723.62666,0.00117
2722.91867,0.00116
2722.21068,0.00114
2721.5027,0.00112
2720.79471,0.0011
2720.08672,0.00108
2719.37873,0.00107
2718.67075,0.00105
2717.96276,0.00104
2717.25477,0.00103
2716.54679,0.00101
2715.8388,0.001
2715.13081,0.00099
2714.42282,0.00098
2713.71484,0.00097
2713.00685,0.00096
2712.29886,0.00095
2711.59088,0.00094
2710.88289,0.00094
2710.1749,0.00093
2709.46691,0.00092
2708.75893,0.00091
2708.05094,0.0009
2707.34295,0.00089
2706.63497,0.00088
2705.92698,0.00088
2705.21899,0.00087
2704.511,0.00086
2703.80302,0.00086
2703.09503,0.00085
2702.38704,0.00085
2701.67906,0.00084
2700.97107,0.00084
2700.26308,0.00084
2699.55509,0.00083
2698.84711,0.00083
2698.13912,0.00082
2697.43113,0.00082
2696.72315,0.00081
2696.01516,0.00081
2695.30717,0.0008
2694.59918,0.0008
2693.8912,0.00079
2693.18321,0.00079
2692.47522,0.00078
2691.76723,0.00078
2691.05925,0.00078
2690.35126,0.00078
2689.64327,0.00078
2688.93529,0.00077
2688.2273,0.00077
2687.51931,0.00077
2686.81132,0.00077
2686.10334,0.00077
2685.39535,0.00076
2684.68736,0.00076
2683.97938,0.00075
2683.27139,0.00074
2682.5634,0.00073
2681.85541,0.00072
2681.14743,0.00071
2680.43944,0.00069
2679.73145,0.00068
2679.02347,0.00067
2678.31548,0.00066
2677.60749,0.00065
2676.8995,0.00063
2676.19152,0.00062
2675.48353,0.00061
2674.77554,0.0006
2674.06756,0.0006
2673.35957,0.00059
2672.65158,0.00058
2671.94359,0.00057
2671.23561,0.00056
2670.52762,0.00055
2669.81963,0.00054
2669.11165,0.00053
2668.40366,0.00052
2667.69567,0.00051
2666.98768,0.00051
2666.2797,0.0005
2665.57171,0.0005
2664.86372,0.00049
2664.15574,0.00049
2663.44775,0.00048
2662.73976,0.00048
2662.03177,0.00047
2661.32379,0.00046
2660.6158,0.00046
2659.90781,0.00045
2659.19982,0.00044
2658.49184,0.00043
2657.78385,0.00042
2657.07586,0.00041
2656.36788,0.0004
2655.65989,0.00039
2654.9519,0.00038
2654.24391,0.00037
2653.53593,0.00035
2652.82794,0.00034
2652.11995,0.00033
2651.41197,0.00032
2650.70398,0.00031
2649.99599,0.0003
2649.288,0.00029
2648.58002,0.00027
2647.87203,0.00026
2647.16404,0.00025
2646.45606,0.00023
2645.74807,0.00022
2645.04008,0.00021
2644.33209,0.0002
2643.62411,0.00018
2642.91612,0.00017
2642.20813,0.00017
2641.50015,0.00016
2640.79216,0.00015
2640.08417,0.00015
2639.37618,0.00015
2638.6682,0.00015
2637.96021,0.00016
2637.25222,0.00016
2636.54424,0.00017
2635.83625,0.00018
2635.12826,0.00019
2634.42027,0.00019
2633.71229,0.0002
2633.0043,0.00021
2632.29631,0.00021
2631.58833,0.00021
2630.88034,0.00021
2630.17235,0.00021
2629.46436,0.00021
2628.75638,0.0002
2628.04839,0.00019
2627.3404,0.00019
2626.63241,0.00018
2625.92443,0.00017
2625.21644,0.00015
2624.50845,0.00014
2623.80047,0.00013
2623.09248,0.00012
2622.38449,0.00011
2621.6765,0.00009
2620.96852,0.00008
2620.26053,0.00007
2619.55254,0.00006
2618.84456,0.00005
2618.13657,0.00003
2617.42858,0.00002
2616.72059,0.00001
2616.01261,0
2615.30462,-0.00001
2614.59663,-0.00001
2613.88865,-0.00002
2613.18066,-0.00002
2612.47267,-0.00003
2611.76468,-0.00003
2611.0567,-0.00002
2610.34871,-0.00002
2609.64072,-0.00001
2608.93274,0
2608.22475,0.00001
2607.51676,0.00002
2606.80877,0.00004
2606.10079,0.00004
2605.3928,0.00005
2604.68481,0.00005
2603.97683,0.00005
2603.26884,0.00004
2602.56085,0.00002
2601.85286,0
2601.14488,-0.00002
2600.43689,-0.00005
2599.7289,-0.00007
2599.02092,-0.0001
2598.31293,-0.00012
2597.60494,-0.00014
2596.89695,-0.00015
2596.18897,-0.00016
2595.48098,-0.00016
2594.77299,-0.00016
2594.065,-0.00015
2593.35702,-0.00013
2592.64903,-0.00011
2591.94104,-0.0001
2591.23306,-0.00008
2590.52507,-0.00006
2589.81708,-0.00005
2589.10909,-0.00003
2588.40111,-0.00002
2587.69312,-0.00002
2586.98513,-0.00002
2586.27715,-0.00002
2585.56916,-0.00002
2584.86117,-0.00003
2584.15318,-0.00003
2583.4452,-0.00004
2582.73721,-0.00005
2582.02922,-0.00006
2581.32124,-0.00007
2580.61325,-0.00007
2579.90526,-0.00008
2579.19727,-0.00008
2578.48929,-0.00009
2577.7813,-0.00009
2577.07331,-0.00009
2576.36533,-0.00009
2575.65734,-0.00009
2574.94935,-0.0001
2574.24136,-0.0001
2573.53338,-0.00011
2572.82539,-0.00012
2572.1174,-0.00013
2571.40942,-0.00014
2570.70143,-0.00016
2569.99344,-0.00018
2569.28545,-0.0002
2568.57747,-0.00022
2567.86948,-0.00024
2567.16149,-0.00026
2566.45351,-0.00028
2565.74552,-0.00029
2565.03753,-0.00029
2564.32954,-0.00029
2563.62156,-0.00028
2562.91357,-0.00027
2562.20558,-0.00025
2561.49759,-0.00023
2560.78961,-0.0002
2560.08162,-0.00017
2559.37363,-0.00014
2558.66565,-0.00012
2557.95766,-0.00009
2557.24967,-0.00007
2556.54168,-0.00005
2555.8337,-0.00004
2555.12571,-0.00002
2554.41772,-0.00001
2553.70974,0
2553.00175,0
2552.29376,0.00001
2551.58577,0.00002
2550.87779,0.00002
2550.1698,0.00003
2549.46181,0.00004
2548.75383,0.00004
2548.04584,0.00005
2547.33785,0.00005
2546.62986,0.00005
2545.92188,0.00005
2545.21389,0.00005
2544.5059,0.00005
2543.79792,0.00005
2543.08993,0.00005
2542.38194,0.00005
2541.67395,0.00005
2540.96597,0.00005
2540.25798,0.00005
2539.54999,0.00005
2538.84201,0.00006
2538.13402,0.00006
2537.42603,0.00006
2536.71804,0.00005
2536.01006,0.00005
2535.30207,0.00004
2534.59408,0.00003
2533.8861,0.00002
2533.17811,0.00001
2532.47012,-0.00001
2531.76213,-0.00003
2531.05415,-0.00004
2530.34616,-0.00006
2529.63817,-0.00008
2528.93018,-0.00009
2528.2222,-0.00011
2527.51421,-0.00012
2526.80622,-0.00013
2526.09824,-0.00014
2525.39025,-0.00015
2524.68226,-0.00016
2523.97427,-0.00017
2523.26629,-0.00017
2522.5583,-0.00017
2521.85031,-0.00017
2521.14233,-0.00017
2520.43434,-0.00017
2519.72635,-0.00016
2519.01836,-0.00016
2518.31038,-0.00016
2517.60239,-0.00015
2516.8944,-0.00015
2516.18642,-0.00015
2515.47843,-0.00015
2514.77044,-0.00015
2514.06245,-0.00015
2513.35447,-0.00015
2512.64648,-0.00015
2511.93849,-0.00016
2511.23051,-0.00016
2510.52252,-0.00017
2509.81453,-0.00017
2509.10654,-0.00018
2508.39856,-0.00019
2507.69057,-0.0002
2506.98258,-0.00021
2506.2746,-0.00022
2505.56661,-0.00023
2504.85862,-0.00024
2504.15063,-0.00025
2503.44265,-0.00027
2502.73466,-0.00027
2502.02667,-0.00028
2501.31869,-0.00029
2500.6107,-0.0003
2499.90271,-0.0003
2499.19472,-0.0003
2498.48674,-0.0003
2497.77875,-0.0003
2497.07076,-0.0003
2496.36277,-0.0003
2495.65479,-0.00029
2494.9468,-0.00028
2494.23881,-0.00028
2493.53083,-0.00027
2492.82284,-0.00026
2492.11485,-0.00026
2491.40686,-0.00025
2490.69888,-0.00025
2489.99089,-0.00024
2489.2829,-0.00024
2488.57492,-0.00024
2487.86693,-0.00024
2487.15894,-0.00024
2486.45095,-0.00024
2485.74297,-0.00024
2485.03498,-0.00024
2484.32699,-0.00024
2483.61901,-0.00023
2482.91102,-0.00023
2482.20303,-0.00023
2481.49504,-0.00023
2480.78706,-0.00022
2480.07907,-0.00022
2479.37108,-0.00023
2478.6631,-0.00023
2477.95511,-0.00024
2477.24712,-0.00025
2476.53913,-0.00026
2475.83115,-0.00028
2475.12316,-0.00029
2474.41517,-0.00031
2473.70719,-0.00032
2472.9992,-0.00034
2472.29121,-0.00035
2471.58322,-0.00036
2470.87524,-0.00037
2470.16725,-0.00038
2469.45926,-0.00039
2468.75128,-0.00039
2468.04329,-0.0004
2467.3353,-0.00041
2466.62731,-0.00042
2465.91933,-0.00043
2465.21134,-0.00044
2464.50335,-0.00046
2463.79536,-0.00047
2463.08738,-0.00049
2462.37939,-0.00051
2461.6714,-0.00053
2460.96342,-0.00055
2460.25543,-0.00057
2459.54744,-0.00059
2458.83945,-0.00061
2458.13147,-0.00063
2457.42348,-0.00064
2456.71549,-0.00065
2456.00751,-0.00065
2455.29952,-0.00065
2454.59153,-0.00064
2453.88354,-0.00063
2453.17556,-0.00061
2452.46757,-0.0006
2451.75958,-0.00058
2451.0516,-0.00057
2450.34361,-0.00056
2449.63562,-0.00055
2448.92763,-0.00055
2448.21965,-0.00055
2447.51166,-0.00056
2446.80367,-0.00057
2446.09569,-0.00059
2445.3877,-0.00061
2444.67971,-0.00062
2443.97172,-0.00064
2443.26374,-0.00066
2442.55575,-0.00067
2441.84776,-0.00068
2441.13978,-0.00069
2440.43179,-0.00069
2439.7238,-0.0007
2439.01581,-0.0007
2438.30783,-0.0007
2437.59984,-0.0007
2436.89185,-0.0007
2436.18387,-0.0007
2435.47588,-0.0007
2434.76789,-0.0007
2434.0599,-0.00071
2433.35192,-0.00071
2432.64393,-0.00071
2431.93594,-0.00071
2431.22795,-0.00072
2430.51997,-0.00071
2429.81198,-0.00071
2429.10399,-0.00071
2428.39601,-0.0007
2427.68802,-0.0007
2426.98003,-0.00069
2426.27204,-0.00068
2425.56406,-0.00068
2424.85607,-0.00068
2424.14808,-0.00068
2423.4401,-0.00068
2422.73211,-0.00069
2422.02412,-0.00069
2421.31613,-0.00071
2420.60815,-0.00072
2419.90016,-0.00073
2419.19217,-0.00074
2418.48419,-0.00075
2417.7762,-0.00075
2417.06821,-0.00075
2416.36022,-0.00075
2415.65224,-0.00074
2414.94425,-0.00072
2414.23626,-0.00071
2413.52828,-0.00068
2412.82029,-0.00066
2412.1123,-0.00064
2411.40431,-0.00062
2410.69633,-0.0006
2409.98834,-0.00059
2409.28035,-0.00058
2408.57237,-0.00058
2407.86438,-0.00058
2407.15639,-0.0006
2406.4484,-0.00062
2405.74042,-0.00064
2405.03243,-0.00067
2404.32444,-0.00071
2403.61646,-0.00074
2402.90847,-0.00077
2402.20048,-0.0008
2401.49249,-0.00083
2400.78451,-0.00085
2400.07652,-0.00086
2399.36853,-0.00087
2398.66054,-0.00087
2397.95256,-0.00087
2397.24457,-0.00087
2396.53658,-0.00086
2395.8286,-0.00085
2395.12061,-0.00084
2394.41262,-0.00083
2393.70463,-0.00082
2392.99665,-0.0008
2392.28866,-0.00078
2391.58067,-0.00076
2390.87269,-0.00075
2390.1647,-0.00073
2389.45671,-0.00071
2388.74872,-0.00069
2388.04074,-0.00066
2387.33275,-0.00064
2386.62476,-0.00062
2385.91678,-0.0006
2385.20879,-0.00058
2384.5008,-0.00056
2383.79281,-0.00054
2383.08483,-0.00052
2382.37684,-0.0005
2381.66885,-0.00048
2380.96087,-0.00047
2380.25288,-0.00045
2379.54489,-0.00044
2378.8369,-0.00043
2378.12892,-0.00042
2377.42093,-0.00042
2376.71294,-0.00042
2376.00496,-0.00043
2375.29697,-0.00044
2374.58898,-0.00045
2373.88099,-0.00047
2373.17301,-0.00049
2372.46502,-0.00052
2371.75703,-0.00055
2371.04905,-0.00059
2370.34106,-0.00063
2369.63307,-0.00067
2368.92508,-0.00071
2368.2171,-0.00076
2367.50911,-0.00081
2366.80112,-0.00085
2366.09313,-0.00089
2365.38515,-0.00093
2364.67716,-0.00097
2363.96917,-0.001
2363.26119,-0.00102
2362.5532,-0.00104
2361.84521,-0.00106
2361.13722,-0.00106
2360.42924,-0.00106
2359.72125,-0.00105
2359.01326,-0.00104
2358.30528,-0.00101
2357.59729,-0.00099
2356.8893,-0.00095
2356.18131,-0.00092
2355.47333,-0.00087
2354.76534,-0.00083
2354.05735,-0.00078
2353.34937,-0.00074
2352.64138,-0.00069
2351.93339,-0.00065
2351.2254,-0.0006
2350.51742,-0.00057
2349.80943,-0.00053
2349.10144,-0.0005
2348.39346,-0.00048
2347.68547,-0.00045
2346.97748,-0.00044
2346.26949,-0.00043
2345.56151,-0.00042
2344.85352,-0.00042
2344.14553,-0.00043
2343.43755,-0.00043
2342.72956,-0.00044
2342.02157,-0.00045
2341.31358,-0.00046
2340.6056,-0.00048
2339.89761,-0.00049
2339.18962,-0.00051
2338.48164,-0.00053
2337.77365,-0.00055
2337.06566,-0.00056
2336.35767,-0.00058
2335.64969,-0.0006
2334.9417,-0.00061
2334.23371,-0.00062
2333.52572,-0.00063
2332.81774,-0.00064
2332.10975,-0.00065
2331.40176,-0.00065
2330.69378,-0.00065
2329.98579,-0.00065
2329.2778,-0.00065
2328.56981,-0.00064
2327.86183,-0.00063
2327.15384,-0.00062
2326.44585,-0.00061
2325.73787,-0.0006
2325.02988,-0.00059
2324.32189,-0.00057
2323.6139,-0.00056
2322.90592,-0.00054
2322.19793,-0.00052
2321.48994,-0.00051
2320.78196,-0.00049
2320.07397,-0.00047
2319.36598,-0.00045
2318.65799,-0.00044
2317.95001,-0.00042
2317.24202,-0.0004
2316.53403,-0.00039
2315.82605,-0.00037
2315.11806,-0.00036
2314.41007,-0.00035
2313.70208,-0.00034
2312.9941,-0.00033
2312.28611,-0.00033
2311.57812,-0.00033
2310.87014,-0.00033
2310.16215,-0.00034
2309.45416,-0.00034
2308.74617,-0.00035
2308.03819,-0.00036
2307.3302,-0.00038
2306.62221,-0.00039
2305.91423,-0.00041
2305.20624,-0.00043
2304.49825,-0.00045
2303.79026,-0.00047
2303.08228,-0.0005
2302.37429,-0.00052
2301.6663,-0.00054
2300.95831,-0.00057
2300.25033,-0.0006
2299.54234,-0.00062
2298.83435,-0.00065
2298.12637,-0.00068
2297.41838,-0.00071
2296.71039,-0.00074
2296.0024,-0.00077
2295.29442,-0.00081
2294.58643,-0.00084
2293.87844,-0.00088
2293.17046,-0.00092
2292.46247,-0.00096
2291.75448,-0.001
2291.04649,-0.00104
2290.33851,-0.00108
2289.63052,-0.00112
2288.92253,-0.00116
2288.21455,-0.00121
2287.50656,-0.00125
2286.79857,-0.00129
2286.09058,-0.00133
2285.3826,-0.00137
2284.67461,-0.00141
2283.96662,-0.00145
2283.25864,-0.00149
2282.55065,-0.00152
2281.84266,-0.00155
2281.13467,-0.00158
2280.42669,-0.00161
2279.7187,-0.00163
2279.01071,-0.00165
2278.30273,-0.00167
2277.59474,-0.00168
2276.88675,-0.00169
2276.17876,-0.00169
2275.47078,-0.0017
2274.76279,-0.0017
2274.0548,-0.00169
2273.34682,-0.00169
2272.63883,-0.00168
2271.93084,-0.00166
2271.22285,-0.00165
2270.51487,-0.00163
2269.80688,-0.00161
2269.09889,-0.00158
2268.3909,-0.00155
2267.68292,-0.00152
2266.97493,-0.00149
2266.26694,-0.00146
2265.55896,-0.00142
2264.85097,-0.00138
2264.14298,-0.00135
2263.43499,-0.00131
2262.72701,-0.00127
2262.01902,-0.00124
2261.31103,-0.0012
2260.60305,-0.00117
2259.89506,-0.00114
2259.18707,-0.00111
2258.47908,-0.00108
2257.7711,-0.00106
2257.06311,-0.00104
2256.35512,-0.00103
2255.64714,-0.00102
2254.93915,-0.00102
2254.23116,-0.00102
2253.52317,-0.00103
2252.81519,-0.00104
2252.1072,-0.00106
2251.39921,-0.00108
2250.69123,-0.00112
2249.98324,-0.00116
2249.27525,-0.00121
2248.56726,-0.00126
2247.85928,-0.00132
2247.15129,-0.00137
2246.4433,-0.00143
2245.73532,-0.00149
2245.02733,-0.00153
2244.31934,-0.00158
2243.61135,-0.00161
2242.90337,-0.00163
2242.19538,-0.00164
2241.48739,-0.00164
2240.77941,-0.00163
2240.07142,-0.00161
2239.36343,-0.00158
2238.65544,-0.00154
2237.94746,-0.00149
2237.23947,-0.00144
2236.53148,-0.00138
2235.82349,-0.00133
2235.11551,-0.00127
2234.40752,-0.00121
2233.69953,-0.00115
2232.99155,-0.0011
2232.28356,-0.00105
2231.57557,-0.00101
2230.86758,-0.00098
2230.1596,-0.00095
2229.45161,-0.00093
2228.74362,-0.00092
2228.03564,-0.00091
2227.32765,-0.00091
2226.61966,-0.00091
2225.91167,-0.00091
2225.20369,-0.00092
2224.4957,-0.00093
2223.78771,-0.00094
2223.07973,-0.00095
2222.37174,-0.00097
2221.66375,-0.00099
2220.95576,-0.00101
2220.24778,-0.00104
2219.53979,-0.00107
2218.8318,-0.0011
2218.12382,-0.00113
2217.41583,-0.00116
2216.70784,-0.00117
2215.99985,-0.00118
2215.29187,-0.00118
2214.58388,-0.00117
2213.87589,-0.00115
2213.16791,-0.00111
2212.45992,-0.00107
2211.75193,-0.00102
2211.04394,-0.00096
2210.33596,-0.00091
2209.62797,-0.00085
2208.91998,-0.00081
2208.212,-0.00078
2207.50401,-0.00076
2206.79602,-0.00075
2206.08803,-0.00077
2205.38005,-0.0008
2204.67206,-0.00085
2203.96407,-0.00092
2203.25608,-0.001
2202.5481,-0.00108
2201.84011,-0.00117
2201.13212,-0.00126
2200.42414,-0.00134
2199.71615,-0.00141
2199.00816,-0.00147
2198.30017,-0.00153
2197.59219,-0.00157
2196.8842,-0.0016
2196.17621,-0.00162
2195.46823,-0.00163
2194.76024,-0.00165
2194.05225,-0.00166
2193.34426,-0.00167
2192.63628,-0.00168
2191.92829,-0.0017
2191.2203,-0.00171
2190.51232,-0.00173
2189.80433,-0.00175
2189.09634,-0.00176
2188.38835,-0.00177
2187.68037,-0.00177
2186.97238,-0.00176
2186.26439,-0.00175
2185.55641,-0.00173
2184.84842,-0.0017
2184.14043,-0.00167
2183.43244,-0.00164
2182.72446,-0.0016
2182.01647,-0.00157
2181.30848,-0.00154
2180.6005,-0.00151
2179.89251,-0.00148
2179.18452,-0.00146
2178.47653,-0.00145
2177.76855,-0.00144
2177.06056,-0.00143
2176.35257,-0.00143
2175.64459,-0.00144
2174.9366,-0.00146
2174.22861,-0.00148
2173.52062,-0.00152
2172.81264,-0.00157
2172.10465,-0.00162
2171.39666,-0.00168
2170.68867,-0.00174
2169.98069,-0.0018
2169.2727,-0.00186
2168.56471,-0.0019
2167.85673,-0.00194
2167.14874,-0.00196
2166.44075,-0.00195
2165.73276,-0.00193
2165.02478,-0.00188
2164.31679,-0.0018
2163.6088,-0.00171
2162.90082,-0.00159
2162.19283,-0.00146
2161.48484,-0.00133
2160.77685,-0.0012
2160.06887,-0.00107
2159.36088,-0.00096
2158.65289,-0.00088
2157.94491,-0.00081
2157.23692,-0.00077
2156.52893,-0.00076
2155.82094,-0.00077
2155.11296,-0.00079
2154.40497,-0.00084
2153.69698,-0.00089
2152.989,-0.00096
2152.28101,-0.00102
2151.57302,-0.00109
2150.86503,-0.00116
2150.15705,-0.00123
2149.44906,-0.00129
2148.74107,-0.00136
2148.03309,-0.00142
2147.3251,-0.00148
2146.61711,-0.00154
2145.90912,-0.0016
2145.20114,-0.00166
2144.49315,-0.00172
2143.78516,-0.00177
2143.07718,-0.00182
2142.36919,-0.00186
2141.6612,-0.00189
2140.95321,-0.0019
2140.24523,-0.00191
2139.53724,-0.0019
2138.82925,-0.00187
2138.12126,-0.00184
2137.41328,-0.00179
2136.70529,-0.00174
2135.9973,-0.00169
2135.28932,-0.00163
2134.58133,-0.00158
2133.87334,-0.00153
2133.16535,-0.0015
2132.45737,-0.00147
2131.74938,-0.00146
2131.04139,-0.00146
2130.33341,-0.00148
2129.62542,-0.0015
2128.91743,-0.00154
2128.20944,-0.00158
2127.50146,-0.00163
2126.79347,-0.00168
2126.08548,-0.00173
2125.3775,-0.00177
2124.66951,-0.00182
2123.96152,-0.00186
2123.25353,-0.00189
2122.54555,-0.00191
2121.83756,-0.00193
2121.12957,-0.00195
2120.42159,-0.00196
2119.7136,-0.00197
2119.00561,-0.00197
2118.29762,-0.00197
2117.58964,-0.00197
2116.88165,-0.00198
2116.17366,-0.00198
2115.46568,-0.00199
2114.75769,-0.00201
2114.0497,-0.00203
2113.34171,-0.00205
2112.63373,-0.00208
2111.92574,-0.00211
2111.21775,-0.00214
2110.50977,-0.00218
2109.80178,-0.00221
2109.09379,-0.00224
2108.3858,-0.00227
2107.67782,-0.00229
2106.96983,-0.0023
2106.26184,-0.00231
2105.55385,-0.0023
2104.84587,-0.0023
2104.13788,-0.00228
2103.42989,-0.00227
2102.72191,-0.00226
2102.01392,-0.00224
2101.30593,-0.00224
2100.59794,-0.00223
2099.88996,-0.00224
2099.18197,-0.00225
2098.47398,-0.00226
2097.766,-0.00228
2097.05801,-0.0023
2096.35002,-0.00232
2095.64203,-0.00234
2094.93405,-0.00237
2094.22606,-0.00239
2093.51807,-0.00241
2092.81009,-0.00244
2092.1021,-0.00246
2091.39411,-0.00247
2090.68612,-0.00249
2089.97814,-0.0025
2089.27015,-0.00251
2088.56216,-0.00251
2087.85418,-0.00251
2087.14619,-0.00251
2086.4382,-0.00251
2085.73021,-0.0025
2085.02223,-0.00249
2084.31424,-0.00248
2083.60625,-0.00246
2082.89827,-0.00245
2082.19028,-0.00243
2081.48229,-0.00242
2080.7743,-0.0024
2080.06632,-0.00238
2079.35833,-0.00237
2078.65034,-0.00236
2077.94236,-0.00234
2077.23437,-0.00233
2076.52638,-0.00232
2075.81839,-0.00232
2075.11041,-0.00231
2074.40242,-0.0023
2073.69443,-0.0023
2072.98644,-0.00229
2072.27846,-0.00229
2071.57047,-0.00229
2070.86248,-0.00229
2070.1545,-0.00229
2069.44651,-0.00229
2068.73852,-0.00229
2068.03053,-0.00229
2067.32255,-0.00229
2066.61456,-0.0023
2065.90657,-0.0023
2065.19859,-0.00231
2064.4906,-0.00232
2063.78261,-0.00233
2063.07462,-0.00234
2062.36664,-0.00235
2061.65865,-0.00237
2060.95066,-0.00238
2060.24268,-0.0024
2059.53469,-0.00241
2058.8267,-0.00243
2058.11871,-0.00245
2057.41073,-0.00247
2056.70274,-0.00248
2055.99475,-0.0025
2055.28677,-0.00252
2054.57878,-0.00253
2053.87079,-0.00255
2053.1628,-0.00256
2052.45482,-0.00257
2051.74683,-0.00258
2051.03884,-0.00259
2050.33086,-0.0026
2049.62287,-0.0026
2048.91488,-0.00261
2048.20689,-0.00261
2047.49891,-0.00261
2046.79092,-0.00261
2046.08293,-0.00261
2045.37495,-0.0026
2044.66696,-0.0026
2043.95897,-0.00259
2043.25098,-0.00259
2042.543,-0.00258
2041.83501,-0.00257
2041.12702,-0.00256
2040.41903,-0.00256
2039.71105,-0.00255
2039.00306,-0.00254
2038.29507,-0.00253
2037.58709,-0.00253
2036.8791,-0.00252
2036.17111,-0.00251
2035.46312,-0.0025
2034.75514,-0.00249
2034.04715,-0.00248
2033.33916,-0.00247
2032.63118,-0.00246
2031.92319,-0.00245
2031.2152,-0.00243
2030.50721,-0.00241
2029.79923,-0.00239
2029.09124,-0.00237
2028.38325,-0.00234
2027.67527,-0.00232
2026.96728,-0.00229
2026.25929,-0.00227
2025.5513,-0.00224
2024.84332,-0.00222
2024.13533,-0.0022
2023.42734,-0.00218
2022.71936,-0.00216
2022.01137,-0.00215
2021.30338,-0.00214
2020.59539,-0.00213
2019.88741,-0.00212
2019.17942,-0.00212
2018.47143,-0.00212
2017.76345,-0.00212
2017.05546,-0.00212
2016.34747,-0.00212
2015.63948,-0.00212
2014.9315,-0.00211
2014.22351,-0.00211
2013.51552,-0.0021
2012.80754,-0.00209
2012.09955,-0.00208
2011.39156,-0.00207
2010.68357,-0.00205
2009.97559,-0.00203
2009.2676,-0.00201
2008.55961,-0.00199
2007.85162,-0.00197
2007.14364,-0.00196
2006.43565,-0.00194
2005.72766,-0.00192
2005.01968,-0.00191
2004.31169,-0.0019
2003.6037,-0.00189
2002.89571,-0.00189
2002.18773,-0.00189
2001.47974,-0.00189
2000.77175,-0.0019
2000.06377,-0.00191
1999.35578,-0.00192
1998.64779,-0.00193
1997.9398,-0.00195
1997.23182,-0.00197
1996.52383,-0.00199
1995.81584,-0.00201
1995.10786,-0.00202
1994.39987,-0.00204
1993.69188,-0.00205
1992.98389,-0.00206
1992.27591,-0.00207
1991.56792,-0.00207
1990.85993,-0.00207
1990.15195,-0.00206
1989.44396,-0.00205
1988.73597,-0.00203
1988.02798,-0.00201
1987.32,-0.00199
1986.61201,-0.00196
1985.90402,-0.00193
1985.19604,-0.0019
1984.48805,-0.00187
1983.78006,-0.00184
1983.07207,-0.00181
1982.36409,-0.00177
1981.6561,-0.00174
1980.94811,-0.00172
1980.24013,-0.00169
1979.53214,-0.00167
1978.82415,-0.00165
1978.11616,-0.00163
1977.40818,-0.00161
1976.70019,-0.0016
1975.9922,-0.00159
1975.28421,-0.00159
1974.57623,-0.00158
1973.86824,-0.00158
1973.16025,-0.00158
1972.45227,-0.00159
1971.74428,-0.00159
1971.03629,-0.0016
1970.3283,-0.00161
1969.62032,-0.00162
1968.91233,-0.00163
1968.20434,-0.00164
1967.49636,-0.00165
1966.78837,-0.00166
1966.08038,-0.00167
1965.37239,-0.00168
1964.66441,-0.00169
1963.95642,-0.0017
1963.24843,-0.00171
1962.54045,-0.00172
1961.83246,-0.00172
1961.12447,-0.00172
1960.41648,-0.00172
1959.7085,-0.00172
1959.00051,-0.00172
1958.29252,-0.00171
1957.58454,-0.00171
1956.87655,-0.0017
1956.16856,-0.00168
1955.46057,-0.00167
1954.75259,-0.00165
1954.0446,-0.00163
1953.33661,-0.0016
1952.62863,-0.00158
1951.92064,-0.00155
1951.21265,-0.00152
1950.50466,-0.00149
1949.79668,-0.00146
1949.08869,-0.00144
1948.3807,-0.00141
1947.67272,-0.00138
1946.96473,-0.00135
1946.25674,-0.00133
1945.54875,-0.0013
1944.84077,-0.00128
1944.13278,-0.00126
1943.42479,-0.00125
1942.7168,-0.00123
1942.00882,-0.00122
1941.30083,-0.00121
1940.59284,-0.00121
1939.88486,-0.0012
1939.17687,-0.0012
1938.46888,-0.0012
1937.76089,-0.0012
1937.05291,-0.00119
1936.34492,-0.00119
1935.63693,-0.00119
1934.92895,-0.00118
1934.22096,-0.00118
1933.51297,-0.00117
1932.80498,-0.00116
1932.097,-0.00114
1931.38901,-0.00113
1930.68102,-0.00111
1929.97304,-0.00109
1929.26505,-0.00107
1928.55706,-0.00105
1927.84907,-0.00102
1927.14109,-0.001
1926.4331,-0.00098
1925.72511,-0.00096
1925.01713,-0.00094
1924.30914,-0.00092
1923.60115,-0.0009
1922.89316,-0.00088
1922.18518,-0.00087
1921.47719,-0.00085
1920.7692,-0.00084
1920.06122,-0.00083
1919.35323,-0.00082
1918.64524,-0.00081
1917.93725,-0.00081
1917.22927,-0.0008
1916.52128,-0.00079
1915.81329,-0.00079
1915.10531,-0.00078
1914.39732,-0.00078
1913.68933,-0.00078
1912.98134,-0.00077
1912.27336,-0.00077
1911.56537,-0.00077
1910.85738,-0.00077
1910.14939,-0.00077
1909.44141,-0.00078
1908.73342,-0.00078
1908.02543,-0.00079
1907.31745,-0.00079
1906.60946,-0.0008
1905.90147,-0.00081
1905.19348,-0.00082
1904.4855,-0.00083
1903.77751,-0.00084
1903.06952,-0.00085
1902.36154,-0.00086
1901.65355,-0.00088
1900.94556,-0.00089
1900.23757,-0.0009
1899.52959,-0.00092
1898.8216,-0.00093
1898.11361,-0.00094
1897.40563,-0.00095
1896.69764,-0.00096
1895.98965,-0.00097
1895.28166,-0.00098
1894.57368,-0.00099
1893.86569,-0.001
1893.1577,-0.001
1892.44972,-0.00101
1891.74173,-0.00102
1891.03374,-0.00102
1890.32575,-0.00103
1889.61777,-0.00104
1888.90978,-0.00104
1888.20179,-0.00105
1887.49381,-0.00105
1886.78582,-0.00106
1886.07783,-0.00106
1885.36984,-0.00106
1884.66186,-0.00107
1883.95387,-0.00107
1883.24588,-0.00107
1882.5379,-0.00107
1881.82991,-0.00106
1881.12192,-0.00106
1880.41393,-0.00106
1879.70595,-0.00105
1878.99796,-0.00105
1878.28997,-0.00104
1877.58198,-0.00103
1876.874,-0.00102
1876.16601,-0.00102
1875.45802,-0.00101
1874.75004,-0.00101
1874.04205,-0.00101
1873.33406,-0.00101
1872.62607,-0.00101
1871.91809,-0.00101
1871.2101,-0.00102
1870.50211,-0.00103
1869.79413,-0.00104
1869.08614,-0.00105
1868.37815,-0.00107
1867.67016,-0.00108
1866.96218,-0.0011
1866.25419,-0.00111
1865.5462,-0.00113
1864.83822,-0.00114
1864.13023,-0.00116
1863.42224,-0.00117
1862.71425,-0.00118
1862.00627,-0.0012
1861.29828,-0.0012
1860.59029,-0.00121
1859.88231,-0.00121
1859.17432,-0.00121
1858.46633,-0.00121
1857.75834,-0.0012
1857.05036,-0.00119
1856.34237,-0.00118
1855.63438,-0.00117
1854.9264,-0.00115
1854.21841,-0.00113
1853.51042,-0.0011
1852.80243,-0.00108
1852.09445,-0.00105
1851.38646,-0.00103
1850.67847,-0.001
1849.97049,-0.00098
1849.2625,-0.00095
1848.55451,-0.00093
1847.84652,-0.00091
1847.13854,-0.0009
1846.43055,-0.00088
1845.72256,-0.00087
1845.01457,-0.00087
1844.30659,-0.00086
1843.5986,-0.00086
1842.89061,-0.00086
1842.18263,-0.00086
1841.47464,-0.00087
1840.76665,-0.00088
1840.05866,-0.00089
1839.35068,-0.0009
1838.64269,-0.00091
1837.9347,-0.00092
1837.22672,-0.00093
1836.51873,-0.00094
1835.81074,-0.00095
1835.10275,-0.00096
1834.39477,-0.00096
1833.68678,-0.00097
1832.97879,-0.00097
1832.27081,-0.00097
1831.56282,-0.00097
1830.85483,-0.00097
1830.14684,-0.00097
1829.43886,-0.00096
1828.73087,-0.00096
1828.02288,-0.00095
1827.3149,-0.00095
1826.60691,-0.00094
1825.89892,-0.00094
1825.19093,-0.00093
1824.48295,-0.00093
1823.77496,-0.00093
1823.06697,-0.00093
1822.35899,-0.00093
1821.651,-0.00094
1820.94301,-0.00094
1820.23502,-0.00094
1819.52704,-0.00094
1818.81905,-0.00095
1818.11106,-0.00095
1817.40308,-0.00095
1816.69509,-0.00095
1815.9871,-0.00095
1815.27911,-0.00095
1814.57113,-0.00095
1813.86314,-0.00095
1813.15515,-0.00094
1812.44716,-0.00094
1811.73918,-0.00093
1811.03119,-0.00092
1810.3232,-0.00091
1809.61522,-0.00089
1808.90723,-0.00088
1808.19924,-0.00086
1807.49125,-0.00084
1806.78327,-0.00082
1806.07528,-0.0008
1805.36729,-0.00078
1804.65931,-0.00076
1803.95132,-0.00074
1803.24333,-0.00072
1802.53534,-0.0007
1801.82736,-0.00068
1801.11937,-0.00066
1800.41138,-0.00064
1799.7034,-0.00062
1798.99541,-0.0006
1798.28742,-0.00058
1797.57943,-0.00057
1796.87145,-0.00056
1796.16346,-0.00055
1795.45547,-0.00054
1794.74749,-0.00054
1794.0395,-0.00053
1793.33151,-0.00053
1792.62352,-0.00053
1791.91554,-0.00054
1791.20755,-0.00054
1790.49956,-0.00055
1789.79158,-0.00056
1789.08359,-0.00056
1788.3756,-0.00057
1787.66761,-0.00058
1786.95963,-0.00059
1786.25164,-0.0006
1785.54365,-0.00061
1784.83567,-0.00062
1784.12768,-0.00062
1783.41969,-0.00063
1782.7117,-0.00064
1782.00372,-0.00064
1781.29573,-0.00064
1780.58774,-0.00064
1779.87976,-0.00065
1779.17177,-0.00065
1778.46378,-0.00065
1777.75579,-0.00065
1777.04781,-0.00065
1776.33982,-0.00065
1775.63183,-0.00065
1774.92384,-0.00066
1774.21586,-0.00066
1773.50787,-0.00066
1772.79988,-0.00066
1772.0919,-0.00067
1771.38391,-0.00067
1770.67592,-0.00067
1769.96793,-0.00067
1769.25995,-0.00067
1768.55196,-0.00066
1767.84397,-0.00066
1767.13599,-0.00065
1766.428,-0.00065
1765.72001,-0.00064
1765.01202,-0.00063
1764.30404,-0.00061
1763.59605,-0.00059
1762.88806,-0.00057
1762.18008,-0.00055
1761.47209,-0.00052
1760.7641,-0.00049
1760.05611,-0.00045
1759.34813,-0.00041
1758.64014,-0.00037
1757.93215,-0.00033
1757.22417,-0.00028
1756.51618,-0.00023
1755.80819,-0.00018
1755.1002,-0.00013
1754.39222,-0.00007
1753.68423,-0.00002
1752.97624,0.00003
1752.26826,0.00008
1751.56027,0.00013
1750.85228,0.00017
1750.14429,0.00022
1749.43631,0.00026
1748.72832,0.0003
1748.02033,0.00033
1747.31235,0.00036
1746.60436,0.00039
1745.89637,0.00041
1745.18838,0.00043
1744.4804,0.00045
1743.77241,0.00046
1743.06442,0.00047
1742.35643,0.00048
1741.64845,0.00048
1740.94046,0.00048
1740.23247,0.00048
1739.52449,0.00047
1738.8165,0.00047
1738.10851,0.00046
1737.40052,0.00046
1736.69254,0.00045
1735.98455,0.00044
1735.27656,0.00043
1734.56858,0.00042
1733.86059,0.0004
1733.1526,0.00039
1732.44461,0.00038
1731.73663,0.00036
1731.02864,0.00035
1730.32065,0.00033
1729.61267,0.00032
1728.90468,0.0003
1728.19669,0.00028
1727.4887,0.00026
1726.78072,0.00024
1726.07273,0.00022
1725.36474,0.00019
1724.65676,0.00017
1723.94877,0.00015
1723.24078,0.00013
1722.53279,0.00011
1721.82481,0.00009
1721.11682,0.00007
1720.40883,0.00005
1719.70085,0.00004
1718.99286,0.00002
1718.28487,0.00001
1717.57688,0
1716.8689,-0.00001
1716.16091,-0.00002
1715.45292,-0.00002
1714.74494,-0.00003
1714.03695,-0.00004
1713.32896,-0.00005
1712.62097,-0.00007
1711.91299,-0.00009
1711.205,-0.00011
1710.49701,-0.00013
1709.78902,-0.00016
1709.08104,-0.00019
1708.37305,-0.00022
1707.66506,-0.00026
1706.95708,-0.00029
1706.24909,-0.00033
1705.5411,-0.00037
1704.83311,-0.00042
1704.12513,-0.00046
1703.41714,-0.0005
1702.70915,-0.00054
1702.00117,-0.00058
1701.29318,-0.00062
1700.58519,-0.00066
1699.8772,-0.0007
1699.16922,-0.00074
1698.46123,-0.00078
1697.75324,-0.00081
1697.04526,-0.00085
1696.33727,-0.00088
1695.62928,-0.00092
1694.92129,-0.00095
1694.21331,-0.00099
1693.50532,-0.00103
1692.79733,-0.00107
1692.08935,-0.00112
1691.38136,-0.00116
1690.67337,-0.00121
1689.96538,-0.00126
1689.2574,-0.00132
1688.54941,-0.00138
1687.84142,-0.00144
1687.13344,-0.0015
1686.42545,-0.00157
1685.71746,-0.00163
1685.00947,-0.0017
1684.30149,-0.00177
1683.5935,-0.00185
1682.88551,-0.00192
1682.17753,-0.002
1681.46954,-0.00208
1680.76155,-0.00217
1680.05356,-0.00226
1679.34558,-0.00236
1678.63759,-0.00246
1677.9296,-0.00257
1677.22161,-0.00268
1676.51363,-0.00281
1675.80564,-0.00293
1675.09765,-0.00306
1674.38967,-0.0032
1673.68168,-0.00334
1672.97369,-0.00348
1672.2657,-0.00363
1671.55772,-0.00377
1670.84973,-0.00392
1670.14174,-0.00407
1669.43376,-0.00422
1668.72577,-0.00437
1668.01778,-0.00452
1667.30979,-0.00468
1666.60181,-0.00483
1665.89382,-0.00499
1665.18583,-0.00514
1664.47785,-0.0053
1663.76986,-0.00546
1663.06187,-0.00563
1662.35388,-0.00579
1661.6459,-0.00596
1660.93791,-0.00613
1660.22992,-0.00631
1659.52194,-0.0065
1658.81395,-0.00669
1658.10596,-0.00688
1657.39797,-0.00708
1656.68999,-0.00729
1655.982,-0.0075
1655.27401,-0.00772
1654.56603,-0.00795
1653.85804,-0.00818
1653.15005,-0.00841
1652.44206,-0.00866
1651.73408,-0.0089
1651.02609,-0.00916
1650.3181,-0.00942
1649.61012,-0.00968
1648.90213,-0.00995
1648.19414,-0.01022
1647.48615,-0.0105
1646.77817,-0.01078
1646.07018,-0.01107
1645.36219,-0.01135
1644.6542,-0.01165
1643.94622,-0.01194
1643.23823,-0.01224
1642.53024,-0.01253
1641.82226,-0.01283
1641.11427,-0.01313
1640.40628,-0.01342
1639.69829,-0.01372
1638.99031,-0.01401
1638.28232,-0.01429
1637.57433,-0.01457
1636.86635,-0.01484
1636.15836,-0.0151
1635.45037,-0.01535
1634.74238,-0.01558
1634.0344,-0.01581
1633.32641,-0.01602
1632.61842,-0.01621
1631.91044,-0.01639
1631.20245,-0.01655
1630.49446,-0.0167
1629.78647,-0.01684
1629.07849,-0.01696
1628.3705,-0.01706
1627.66251,-0.01715
1626.95453,-0.01722
1626.24654,-0.01728
1625.53855,-0.01732
1624.83056,-0.01734
1624.12258,-0.01735
1623.41459,-0.01735
1622.7066,-0.01733
1621.99862,-0.0173
1621.29063,-0.01725
1620.58264,-0.0172
1619.87465,-0.01712
1619.16667,-0.01704
1618.45868,-0.01694
1617.75069,-0.01684
1617.04271,-0.01672
1616.33472,-0.0166
1615.62673,-0.01646
1614.91874,-0.01632
1614.21076,-0.01617
1613.50277,-0.01601
1612.79478,-0.01585
1612.08679,-0.01568
1611.37881,-0.01551
1610.67082,-0.01533
1609.96283,-0.01516
1609.25485,-0.01498
1608.54686,-0.01479
1607.83887,-0.01461
1607.13088,-0.01442
1606.4229,-0.01424
1605.71491,-0.01405
1605.00692,-0.01386
1604.29894,-0.01367
1603.59095,-0.01348
1602.88296,-0.01329
1602.17497,-0.0131
1601.46699,-0.01291
1600.759,-0.01272
1600.05101,-0.01254
1599.34303,-0.01235
1598.63504,-0.01216
1597.92705,-0.01198
1597.21906,-0.0118
1596.51108,-0.01162
1595.80309,-0.01144
1595.0951,-0.01126
1594.38712,-0.01109
1593.67913,-0.01092
1592.97114,-0.01076
1592.26315,-0.01059
1591.55517,-0.01043
1590.84718,-0.01027
1590.13919,-0.01012
1589.43121,-0.00997
1588.72322,-0.00982
1588.01523,-0.00967
1587.30724,-0.00953
1586.59926,-0.00939
1585.89127,-0.00925
1585.18328,-0.00911
1584.4753,-0.00898
1583.76731,-0.00884
1583.05932,-0.00871
1582.35133,-0.00858
1581.64335,-0.00845
1580.93536,-0.00832
1580.22737,-0.0082
1579.51938,-0.00807
1578.8114,-0.00795
1578.10341,-0.00782
1577.39542,-0.0077
1576.68744,-0.00758
1575.97945,-0.00746
1575.27146,-0.00735
1574.56347,-0.00724
1573.85549,-0.00713
1573.1475,-0.00702
1572.43951,-0.00691
1571.73153,-0.00681
1571.02354,-0.00671
1570.31555,-0.00662
1569.60756,-0.00653
1568.89958,-0.00644
1568.19159,-0.00635
1567.4836,-0.00626
1566.77562,-0.00618
1566.06763,-0.0061
1565.35964,-0.00601
1564.65165,-0.00593
1563.94367,-0.00585
1563.23568,-0.00577
1562.52769,-0.00568
1561.81971,-0.00559
1561.11172,-0.0055
1560.40373,-0.0054
1559.69574,-0.0053
1558.98776,-0.0052
1558.27977,-0.00509
1557.57178,-0.00498
1556.8638,-0.00486
1556.15581,-0.00475
1555.44782,-0.00463
1554.73983,-0.00451
1554.03185,-0.0044
1553.32386,-0.00429
1552.61587,-0.00419
1551.90789,-0.00409
1551.1999,-0.004
1550.49191,-0.00392
1549.78392,-0.00384
1549.07594,-0.00377
1548.36795,-0.0037
1547.65996,-0.00365
1546.95197,-0.00359
1546.24399,-0.00354
1545.536,-0.0035
1544.82801,-0.00345
1544.12003,-0.00341
1543.41204,-0.00337
1542.70405,-0.00333
1541.99606,-0.0033
1541.28808,-0.00325
1540.58009,-0.00321
1539.8721,-0.00317
1539.16412,-0.00312
1538.45613,-0.00308
1537.74814,-0.00303
1537.04015,-0.00298
1536.33217,-0.00293
1535.62418,-0.00288
1534.91619,-0.00282
1534.20821,-0.00277
1533.50022,-0.00271
1532.79223,-0.00265
1532.08424,-0.00259
1531.37626,-0.00253
1530.66827,-0.00247
1529.96028,-0.0024
1529.2523,-0.00234
1528.54431,-0.00227
1527.83632,-0.0022
1527.12833,-0.00213
1526.42035,-0.00206
1525.71236,-0.00198
1525.00437,-0.00191
1524.29639,-0.00183
1523.5884,-0.00176
1522.88041,-0.00168
1522.17242,-0.00161
1521.46444,-0.00153
1520.75645,-0.00146
1520.04846,-0.00139
1519.34048,-0.00133
1518.63249,-0.00126
1517.9245,-0.00121
1517.21651,-0.00115
1516.50853,-0.00111
1515.80054,-0.00107
1515.09255,-0.00104
1514.38456,-0.00101
1513.67658,-0.00099
1512.96859,-0.00098
1512.2606,-0.00098
1511.55262,-0.00099
1510.84463,-0.001
1510.13664,-0.00101
1509.42865,-0.00103
1508.72067,-0.00105
1508.01268,-0.00107
1507.30469,-0.00109
1506.59671,-0.00111
1505.88872,-0.00113
1505.18073,-0.00115
1504.47274,-0.00116
1503.76476,-0.00117
1503.05677,-0.00118
1502.34878,-0.00118
1501.6408,-0.00118
1500.93281,-0.00117
1500.22482,-0.00116
1499.51683,-0.00114
1498.80885,-0.00111
1498.10086,-0.00108
1497.39287,-0.00104
1496.68489,-0.00099
1495.9769,-0.00094
1495.26891,-0.00088
1494.56092,-0.00081
1493.85294,-0.00075
1493.14495,-0.00067
1492.43696,-0.0006
1491.72898,-0.00052
1491.02099,-0.00045
1490.313,-0.00037
1489.60501,-0.00029
1488.89703,-0.00021
1488.18904,-0.00014
1487.48105,-0.00006
1486.77307,0.00001
1486.06508,0.00008
1485.35709,0.00015
1484.6491,0.00021
1483.94112,0.00027
1483.23313,0.00034
1482.52514,0.0004
1481.81715,0.00046
1481.10917,0.00051
1480.40118,0.00057
1479.69319,0.00064
1478.98521,0.0007
1478.27722,0.00077
1477.56923,0.00084
1476.86124,0.00092
1476.15326,0.001
1475.44527,0.00109
1474.73728,0.00119
1474.0293,0.0013
1473.32131,0.00142
1472.61332,0.00154
1471.90533,0.00168
1471.19735,0.00183
1470.48936,0.00199
1469.78137,0.00216
1469.07339,0.00234
1468.3654,0.00253
1467.65741,0.00274
1466.94942,0.00295
1466.24144,0.00317
1465.53345,0.0034
1464.82546,0.00364
1464.11748,0.00389
1463.40949,0.00414
1462.7015,0.0044
1461.99351,0.00465
1461.28553,0.00491
1460.57754,0.00516
1459.86955,0.00541
1459.16157,0.00565
1458.45358,0.00587
1457.74559,0.00608
1457.0376,0.00627
1456.32962,0.00645
1455.62163,0.0066
1454.91364,0.00673
1454.20566,0.00683
1453.49767,0.00691
1452.78968,0.00697
1452.08169,0.007
1451.37371,0.007
1450.66572,0.00699
1449.95773,0.00696
1449.24974,0.00691
1448.54176,0.00686
1447.83377,0.00679
1447.12578,0.00671
1446.4178,0.00664
1445.70981,0.00656
1445.00182,0.00649
1444.29383,0.00642
1443.58585,0.00637
1442.87786,0.00632
1442.16987,0.00628
1441.46189,0.00626
1440.7539,0.00626
1440.04591,0.00626
1439.33792,0.00629
1438.62994,0.00633
1437.92195,0.00639
1437.21396,0.00646
1436.50598,0.00654
1435.79799,0.00664
1435.09,0.00676
1434.38201,0.00688
1433.67403,0.00701
1432.96604,0.00716
1432.25805,0.0073
1431.55007,0.00746
1430.84208,0.00761
1430.13409,0.00777
1429.4261,0.00793
1428.71812,0.00809
1428.01013,0.00824
1427.30214,0.0084
1426.59416,0.00855
1425.88617,0.0087
1425.17818,0.00884
1424.47019,0.00898
1423.76221,0.00911
1423.05422,0.00923
1422.34623,0.00935
1421.63825,0.00946
1420.93026,0.00956
1420.22227,0.00965
1419.51428,0.00974
1418.8063,0.00982
1418.09831,0.00988
1417.39032,0.00994
1416.68233,0.00999
1415.97435,0.01003
1415.26636,0.01007
1414.55837,0.01009
1413.85039,0.01011
1413.1424,0.01012
1412.43441,0.01012
1411.72642,0.01012
1411.01844,0.01011
1410.31045,0.0101
1409.60246,0.01008
1408.89448,0.01006
1408.18649,0.01005
1407.4785,0.01003
1406.77051,0.01001
1406.06253,0.00999
1405.35454,0.00997
1404.64655,0.00996
1403.93857,0.00995
1403.23058,0.00994
1402.52259,0.00993
1401.8146,0.00992
1401.10662,0.00992
1400.39863,0.00992
1399.69064,0.00993
1398.98266,0.00993
1398.27467,0.00994
1397.56668,0.00995
1396.85869,0.00996
1396.15071,0.00998
1395.44272,0.00999
1394.73473,0.01
1394.02675,0.01001
1393.31876,0.01002
1392.61077,0.01003
1391.90278,0.01003
1391.1948,0.01002
1390.48681,0.01002
1389.77882,0.01
1389.07084,0.00998
1388.36285,0.00996
1387.65486,0.00992
1386.94687,0.00988
1386.23889,0.00982
1385.5309,0.00976
1384.82291,0.00969
1384.11492,0.00961
1383.40694,0.00952
1382.69895,0.00941
1381.99096,0.0093
1381.28298,0.00918
1380.57499,0.00904
1379.867,0.0089
1379.15901,0.00874
1378.45103,0.00858
1377.74304,0.00841
1377.03505,0.00823
1376.32707,0.00805
1375.61908,0.00787
1374.91109,0.00768
1374.2031,0.00748
1373.49512,0.00729
1372.78713,0.0071
1372.07914,0.00691
1371.37116,0.00673
1370.66317,0.00655
1369.95518,0.00637
1369.24719,0.0062
1368.53921,0.00604
1367.83122,0.00589
1367.12323,0.00574
1366.41525,0.0056
1365.70726,0.00548
1364.99927,0.00536
1364.29128,0.00525
1363.5833,0.00515
1362.87531,0.00506
1362.16732,0.00498
1361.45934,0.00491
1360.75135,0.00485
1360.04336,0.00479
1359.33537,0.00475
1358.62739,0.00471
1357.9194,0.00468
1357.21141,0.00466
1356.50343,0.00465
1355.79544,0.00465
1355.08745,0.00465
1354.37946,0.00466
1353.67148,0.00468
1352.96349,0.0047
1352.2555,0.00473
1351.54751,0.00477
1350.83953,0.00482
1350.13154,0.00487
1349.42355,0.00493
1348.71557,0.00499
1348.00758,0.00506
1347.29959,0.00513
1346.5916,0.0052
1345.88362,0.00528
1345.17563,0.00536
1344.46764,0.00544
1343.75966,0.00553
1343.05167,0.00561
1342.34368,0.00569
1341.63569,0.00577
1340.92771,0.00584
1340.21972,0.00591
1339.51173,0.00598
1338.80375,0.00605
1338.09576,0.00611
1337.38777,0.00616
1336.67978,0.00621
1335.9718,0.00625
1335.26381,0.00629
1334.55582,0.00632
1333.84784,0.00635
1333.13985,0.00637
1332.43186,0.00639
1331.72387,0.00641
1331.01589,0.00642
1330.3079,0.00643
1329.59991,0.00643
1328.89193,0.00644
1328.18394,0.00644
1327.47595,0.00644
1326.76796,0.00644
1326.05998,0.00643
1325.35199,0.00642
1324.644,0.00642
1323.93602,0.00641
1323.22803,0.00639
1322.52004,0.00638
1321.81205,0.00636
1321.10407,0.00634
1320.39608,0.00631
1319.68809,0.00629
1318.9801,0.00626
1318.27212,0.00622
1317.56413,0.00618
1316.85614,0.00614
1316.14816,0.00609
1315.44017,0.00604
1314.73218,0.00599
1314.02419,0.00593
1313.31621,0.00587
1312.60822,0.00581
1311.90023,0.00574
1311.19225,0.00567
1310.48426,0.0056
1309.77627,0.00553
1309.06828,0.00546
1308.3603,0.00539
1307.65231,0.00532
1306.94432,0.00525
1306.23634,0.00518
1305.52835,0.00512
1304.82036,0.00505
1304.11237,0.00499
1303.40439,0.00493
1302.6964,0.00487
1301.98841,0.00482
1301.28043,0.00477
1300.57244,0.00472
1299.86445,0.00468
1299.15646,0.00464
1298.44848,0.00461
1297.74049,0.00458
1297.0325,0.00455
1296.32452,0.00453
1295.61653,0.00451
1294.90854,0.0045
1294.20055,0.0045
1293.49257,0.00449
1292.78458,0.0045
1292.07659,0.0045
1291.36861,0.00452
1290.66062,0.00453
1289.95263,0.00455
1289.24464,0.00458
1288.53666,0.00461
1287.82867,0.00464
1287.12068,0.00468
1286.41269,0.00472
1285.70471,0.00476
1284.99672,0.00481
1284.28873,0.00485
1283.58075,0.0049
1282.87276,0.00494
1282.16477,0.00499
1281.45678,0.00503
1280.7488,0.00507
1280.04081,0.00511
1279.33282,0.00515
1278.62484,0.00518
1277.91685,0.0052
1277.20886,0.00522
1276.50087,0.00523
1275.79289,0.00523
1275.0849,0.00522
1274.37691,0.00521
1273.66893,0.00519
1272.96094,0.00515
1272.25295,0.00511
1271.54496,0.00506
1270.83698,0.005
1270.12899,0.00493
1269.421,0.00485
1268.71302,0.00476
1268.00503,0.00467
1267.29704,0.00457
1266.58905,0.00447
1265.88107,0.00436
1265.17308,0.00425
1264.46509,0.00414
1263.75711,0.00403
1263.04912,0.00391
1262.34113,0.0038
1261.63314,0.00369
1260.92516,0.00358
1260.21717,0.00347
1259.50918,0.00337
1258.8012,0.00327
1258.09321,0.00317
1257.38522,0.00308
1256.67723,0.00299
1255.96925,0.00291
1255.26126,0.00284
1254.55327,0.00277
1253.84528,0.0027
1253.1373,0.00264
1252.42931,0.00259
1251.72132,0.00253
1251.01334,0.00249
1250.30535,0.00244
1249.59736,0.0024
1248.88937,0.00237
1248.18139,0.00233
1247.4734,0.0023
1246.76541,0.00227
1246.05743,0.00224
1245.34944,0.00221
1244.64145,0.00219
1243.93346,0.00216
1243.22548,0.00214
1242.51749,0.00212
1241.8095,0.00209
1241.10152,0.00207
1240.39353,0.00205
1239.68554,0.00203
1238.97755,0.00201
1238.26957,0.00198
1237.56158,0.00196
1236.85359,0.00194
1236.14561,0.00192
1235.43762,0.00189
1234.72963,0.00187
1234.02164,0.00185
1233.31366,0.00183
1232.60567,0.0018
1231.89768,0.00178
1231.1897,0.00176
1230.48171,0.00174
1229.77372,0.00171
1229.06573,0.00169
1228.35775,0.00167
1227.64976,0.00165
1226.94177,0.00163
1226.23379,0.00161
1225.5258,0.00159
1224.81781,0.00158
1224.10982,0.00156
1223.40184,0.00154
1222.69385,0.00153
1221.98586,0.00151
1221.27787,0.0015
1220.56989,0.00149
1219.8619,0.00148
1219.15391,0.00146
1218.44593,0.00145
1217.73794,0.00144
1217.02995,0.00142
1216.32196,0.00141
1215.61398,0.00139
1214.90599,0.00138
1214.198,0.00136
1213.49002,0.00134
1212.78203,0.00132
1212.07404,0.0013
1211.36605,0.00128
1210.65807,0.00126
1209.95008,0.00123
1209.24209,0.00121
1208.53411,0.00118
1207.82612,0.00115
1207.11813,0.00113
1206.41014,0.0011
1205.70216,0.00107
1204.99417,0.00104
1204.28618,0.00101
1203.5782,0.00098
1202.87021,0.00096
1202.16222,0.00093
1201.45423,0.0009
1200.74625,0.00088
1200.03826,0.00085
1199.33027,0.00083
1198.62229,0.00081
1197.9143,0.00079
1197.20631,0.00077
1196.49832,0.00075
1195.79034,0.00073
1195.08235,0.00071
1194.37436,0.0007
1193.66638,0.00068
1192.95839,0.00067
1192.2504,0.00066
1191.54241,0.00064
1190.83443,0.00064
1190.12644,0.00063
1189.41845,0.00062
1188.71046,0.00061
1188.00248,0.00061
1187.29449,0.0006
1186.5865,0.00059
1185.87852,0.00059
1185.17053,0.00059
1184.46254,0.00058
1183.75455,0.00058
1183.04657,0.00058
1182.33858,0.00058
1181.63059,0.00059
1180.92261,0.00059
1180.21462,0.0006
1179.50663,0.00061
1178.79864,0.00063
1178.09066,0.00065
1177.38267,0.00066
1176.67468,0.00068
1175.9667,0.0007
1175.25871,0.00073
1174.55072,0.00075
1173.84273,0.00077
1173.13475,0.00079
1172.42676,0.00081
1171.71877,0.00083
1171.01079,0.00086
1170.3028,0.00088
1169.59481,0.00091
1168.88682,0.00095
1168.17884,0.00098
1167.47085,0.00102
1166.76286,0.00107
1166.05488,0.00111
1165.34689,0.00116
1164.6389,0.00121
1163.93091,0.00126
1163.22293,0.00131
1162.51494,0.00136
1161.80695,0.00141
1161.09897,0.00146
1160.39098,0.00151
1159.68299,0.00155
1158.975,0.00159
1158.26702,0.00164
1157.55903,0.00168
1156.85104,0.00171
1156.14305,0.00175
1155.43507,0.00178
1154.72708,0.00181
1154.01909,0.00184
1153.31111,0.00186
1152.60312,0.00188
1151.89513,0.0019
1151.18714,0.00192
1150.47916,0.00193
1149.77117,0.00195
1149.06318,0.00196
1148.3552,0.00198
1147.64721,0.002
1146.93922,0.00202
1146.23123,0.00205
1145.52325,0.00208
1144.81526,0.00212
1144.10727,0.00216
1143.39929,0.00221
1142.6913,0.00226
1141.98331,0.00231
1141.27532,0.00237
1140.56734,0.00244
1139.85935,0.0025
1139.15136,0.00257
1138.44338,0.00264
1137.73539,0.00271
1137.0274,0.00278
1136.31941,0.00286
1135.61143,0.00293
1134.90344,0.00301
1134.19545,0.00308
1133.48747,0.00316
1132.77948,0.00324
1132.07149,0.00332
1131.3635,0.0034
1130.65552,0.00349
1129.94753,0.00357
1129.23954,0.00366
1128.53156,0.00375
1127.82357,0.00383
1127.11558,0.00392
1126.40759,0.00401
1125.69961,0.00409
1124.99162,0.00417
1124.28363,0.00426
1123.57564,0.00434
1122.86766,0.00441
1122.15967,0.00449
1121.45168,0.00457
1120.7437,0.00464
1120.03571,0.00471
1119.32772,0.00478
1118.61973,0.00485
1117.91175,0.00492
1117.20376,0.00499
1116.49577,0.00506
1115.78779,0.00513
1115.0798,0.00521
1114.37181,0.00529
1113.66382,0.00537
1112.95584,0.00546
1112.24785,0.00556
1111.53986,0.00566
1110.83188,0.00577
1110.12389,0.00589
1109.4159,0.00602
1108.70791,0.00616
1107.99993,0.00631
1107.29194,0.00647
1106.58395,0.00666
1105.87597,0.00686
1105.16798,0.00709
1104.45999,0.00734
1103.752,0.00762
1103.04402,0.00793
1102.33603,0.00827
1101.62804,0.00866
1100.92006,0.00909
1100.21207,0.00957
1099.50408,0.01009
1098.79609,0.01066
1098.08811,0.01128
1097.38012,0.01195
1096.67213,0.01267
1095.96415,0.01343
1095.25616,0.01423
1094.54817,0.01506
1093.84018,0.01591
1093.1322,0.01678
1092.42421,0.01764
1091.71622,0.0185
1091.00823,0.01933
1090.30025,0.02013
1089.59226,0.02088
1088.88427,0.02156
1088.17629,0.02216
1087.4683,0.02268
1086.76031,0.02311
1086.05232,0.02344
1085.34434,0.02366
1084.63635,0.02377
1083.92836,0.02378
1083.22038,0.0237
1082.51239,0.02351
1081.8044,0.02324
1081.09641,0.02289
1080.38843,0.02247
1079.68044,0.022
1078.97245,0.02148
1078.26447,0.02092
1077.55648,0.02034
1076.84849,0.01975
1076.1405,0.01916
1075.43252,0.01857
1074.72453,0.01799
1074.01654,0.01744
1073.30856,0.01691
1072.60057,0.01642
1071.89258,0.01596
1071.18459,0.01554
1070.47661,0.01517
1069.76862,0.01485
1069.06063,0.01458
1068.35265,0.01436
1067.64466,0.01421
1066.93667,0.01412
1066.22868,0.01411
1065.5207,0.01416
1064.81271,0.0143
1064.10472,0.01454
1063.39674,0.01486
1062.68875,0.0153
1061.98076,0.01586
1061.27277,0.01655
1060.56479,0.01739
1059.8568,0.01839
1059.14881,0.01956
1058.44082,0.02093
1057.73284,0.0225
1057.02485,0.02428
1056.31686,0.02629
1055.60888,0.02852
1054.90089,0.03098
1054.1929,0.03365
1053.48491,0.03652
1052.77693,0.03955
1052.06894,0.04271
1051.36095,0.04594
1050.65297,0.04918
1049.94498,0.05236
1049.23699,0.0554
1048.529,0.05823
1047.82102,0.06076
1047.11303,0.06292
1046.40504,0.06464
1045.69706,0.06588
1044.98907,0.06659
1044.28108,0.06675
1043.57309,0.06638
1042.86511,0.06549
1042.15712,0.06412
1041.44913,0.06232
1040.74115,0.06016
1040.03316,0.0577
1039.32517,0.05503
1038.61718,0.0522
1037.9092,0.0493
1037.20121,0.04639
1036.49322,0.0435
1035.78524,0.0407
1035.07725,0.03802
1034.36926,0.03547
1033.66127,0.03308
1032.95329,0.03085
1032.2453,0.02878
1031.53731,0.02688
1030.82933,0.02513
1030.12134,0.02353
1029.41335,0.02206
1028.70536,0.02072
1027.99738,0.01949
1027.28939,0.01836
1026.5814,0.01733
1025.87341,0.01637
1025.16543,0.01549
1024.45744,0.01467
1023.74945,0.01391
1023.04147,0.0132
1022.33348,0.01254
1021.62549,0.01193
1020.9175,0.01135
1020.20952,0.01082
1019.50153,0.01031
1018.79354,0.00984
1018.08556,0.0094
1017.37757,0.00898
1016.66958,0.00859
1015.96159,0.00822
1015.25361,0.00787
1014.54562,0.00754
1013.83763,0.00723
1013.12965,0.00693
1012.42166,0.00665
1011.71367,0.00637
1011.00568,0.00611
1010.2977,0.00586
1009.58971,0.00563
1008.88172,0.0054
1008.17374,0.00519
1007.46575,0.005
1006.75776,0.00481
1006.04977,0.00464
1005.34179,0.00449
1004.6338,0.00435
1003.92581,0.00423
1003.21783,0.00412
1002.50984,0.00402
1001.80185,0.00394
1001.09386,0.00387
1000.38588,0.0038
999.67789,0.00374
998.9699,0.00369
998.26192,0.00364
997.55393,0.00359
996.84594,0.00354
996.13795,0.00348
995.42997,0.00342
994.72198,0.00335
994.01399,0.00328
993.306,0.0032
992.59802,0.00312
991.89003,0.00303
991.18204,0.00293
990.47406,0.00283
989.76607,0.00272
989.05808,0.00261
988.35009,0.0025
987.64211,0.00239
986.93412,0.00228
986.22613,0.00217
985.51815,0.00207
984.81016,0.00196
984.10217,0.00186
983.39418,0.00177
982.6862,0.00168
981.97821,0.00159
981.27022,0.0015
980.56224,0.00142
979.85425,0.00134
979.14626,0.00126
978.43827,0.00119
977.73029,0.00111
977.0223,0.00104
976.31431,0.00097
975.60633,0.0009
974.89834,0.00083
974.19035,0.00076
973.48236,0.00069
972.77438,0.00062
972.06639,0.00056
971.3584,0.00049
970.65042,0.00043
969.94243,0.00037
969.23444,0.00032
968.52645,0.00026
967.81847,0.00021
967.11048,0.00016
966.40249,0.00012
965.69451,0.00007
964.98652,0.00003
964.27853,-0.00001
963.57054,-0.00005
962.86256,-0.00009
962.15457,-0.00012
961.44658,-0.00016
960.73859,-0.00019
960.03061,-0.00022
959.32262,-0.00025
958.61463,-0.00029
957.90665,-0.00032
957.19866,-0.00035
956.49067,-0.00038
955.78268,-0.0004
955.0747,-0.00043
954.36671,-0.00046
953.65872,-0.00048
952.95074,-0.00051
952.24275,-0.00053
951.53476,-0.00054
950.82677,-0.00056
950.11879,-0.00057
949.4108,-0.00058
948.70281,-0.00058
947.99483,-0.00058
947.28684,-0.00058
946.57885,-0.00058
945.87086,-0.00057
945.16288,-0.00056
944.45489,-0.00055
943.7469,-0.00054
943.03892,-0.00052
942.33093,-0.00051
941.62294,-0.00049
940.91495,-0.00048
940.20697,-0.00046
939.49898,-0.00045
938.79099,-0.00044
938.08301,-0.00043
937.37502,-0.00042
936.66703,-0.00041
935.95904,-0.00041
935.25106,-0.00042
934.54307,-0.00042
933.83508,-0.00044
933.1271,-0.00045
932.41911,-0.00048
931.71112,-0.0005
931.00313,-0.00053
930.29515,-0.00056
929.58716,-0.00059
928.87917,-0.00063
928.17118,-0.00065
927.4632,-0.00068
926.75521,-0.0007
926.04722,-0.00072
925.33924,-0.00074
924.63125,-0.00075
923.92326,-0.00076
923.21527,-0.00076
922.50729,-0.00077
921.7993,-0.00078
921.09131,-0.00078
920.38333,-0.0008
919.67534,-0.00081
918.96735,-0.00083
918.25936,-0.00085
917.55138,-0.00088
916.84339,-0.00092
916.1354,-0.00095
915.42742,-0.00099
914.71943,-0.00103
914.01144,-0.00107
913.30345,-0.00111
912.59547,-0.00114
911.88748,-0.00118
911.17949,-0.00121
910.47151,-0.00123
909.76352,-0.00126
909.05553,-0.00127
908.34754,-0.00129
907.63956,-0.0013
906.93157,-0.0013
906.22358,-0.00131
905.5156,-0.0013
904.80761,-0.0013
904.09962,-0.00128
903.39163,-0.00127
902.68365,-0.00124
901.97566,-0.00121
901.26767,-0.00118
900.55969,-0.00113
899.8517,-0.00107
899.14371,-0.001
898.43572,-0.00091
897.72774,-0.0008
897.01975,-0.00068
896.31176,-0.00053
895.60377,-0.00036
894.89579,-0.00016
894.1878,0.00008
893.47981,0.00035
892.77183,0.00066
892.06384,0.00103
891.35585,0.00144
890.64786,0.00191
889.93988,0.00244
889.23189,0.00304
888.5239,0.00371
887.81592,0.00444
887.10793,0.00525
886.39994,0.00611
885.69195,0.00703
884.98397,0.008
884.27598,0.00898
883.56799,0.00998
882.86001,0.01095
882.15202,0.01189
881.44403,0.01276
880.73604,0.01353
880.02806,0.01419
879.32007,0.01472
878.61208,0.01509
877.9041,0.01529
877.19611,0.01533
876.48812,0.0152
875.78013,0.0149
875.07215,0.01446
874.36416,0.0139
873.65617,0.01322
872.94819,0.01247
872.2402,0.01165
871.53221,0.01081
870.82422,0.00996
870.11624,0.00912
869.40825,0.0083
868.70026,0.00753
867.99228,0.00681
867.28429,0.00615
866.5763,0.00555
865.86831,0.00501
865.16033,0.00452
864.45234,0.00409
863.74435,0.00371
863.03636,0.00337
862.32838,0.00307
861.62039,0.0028
860.9124,0.00257
860.20442,0.00236
859.49643,0.00217
858.78844,0.00201
858.08045,0.00186
857.37247,0.00173
856.66448,0.00161
855.95649,0.00151
855.24851,0.00142
854.54052,0.00134
853.83253,0.00127
853.12454,0.00121
852.41656,0.00115
851.70857,0.0011
851.00058,0.00105
850.2926,0.00101
849.58461,0.00097
848.87662,0.00093
848.16863,0.00089
847.46065,0.00086
846.75266,0.00082
846.04467,0.00078
845.33669,0.00074
844.6287,0.0007
843.92071,0.00065
843.21272,0.00061
842.50474,0.00056
841.79675,0.00051
841.08876,0.00046
840.38078,0.00041
839.67279,0.00037
838.9648,0.00032
838.25681,0.00029
837.54883,0.00026
836.84084,0.00024
836.13285,0.00023
835.42487,0.00023
834.71688,0.00023
834.00889,0.00024
833.3009,0.00026
832.59292,0.00028
831.88493,0.0003
831.17694,0.00033
830.46895,0.00035
829.76097,0.00037
829.05298,0.00038
828.34499,0.0004
827.63701,0.00041
826.92902,0.00041
826.22103,0.00042
825.51304,0.00042
824.80506,0.00043
824.09707,0.00043
823.38908,0.00045
822.6811,0.00046
821.97311,0.00048
821.26512,0.00051
820.55713,0.00055
819.84915,0.0006
819.14116,0.00065
818.43317,0.00071
817.72519,0.00078
817.0172,0.00085
816.30921,0.00093
815.60122,0.00101
814.89324,0.00109
814.18525,0.00118
813.47726,0.00126
812.76928,0.00134
812.06129,0.00142
811.3533,0.00149
810.64531,0.00155
809.93733,0.00161
809.22934,0.00166
808.52135,0.0017
807.81337,0.00174
807.10538,0.00176
806.39739,0.00178
805.6894,0.0018
804.98142,0.00181
804.27343,0.00181
803.56544,0.00182
802.85746,0.00183
802.14947,0.00184
801.44148,0.00185
800.73349,0.00187
800.02551,0.00189
799.31752,0.00192
798.60953,0.00194
797.90154,0.00197
797.19356,0.00199
796.48557,0.00201
795.77758,0.00203
795.0696,0.00205
794.36161,0.00205
793.65362,0.00206
792.94563,0.00206
792.23765,0.00206
791.52966,0.00206
790.82167,0.00207
790.11369,0.00208
789.4057,0.0021
788.69771,0.00212
787.98972,0.00215
787.28174,0.00219
786.57375,0.00223
785.86576,0.00227
785.15778,0.00231
784.44979,0.00236
783.7418,0.0024
783.03381,0.00244
782.32583,0.00248
781.61784,0.00251
780.90985,0.00255
780.20187,0.00258
779.49388,0.0026
778.78589,0.00263
778.0779,0.00266
777.36992,0.00268
776.66193,0.0027
775.95394,0.00272
775.24596,0.00275
774.53797,0.00277
773.82998,0.00278
773.12199,0.0028
772.41401,0.00282
771.70602,0.00284
770.99803,0.00287
770.29005,0.00289
769.58206,0.00292
768.87407,0.00295
768.16608,0.00298
767.4581,0.00301
766.75011,0.00304
766.04212,0.00307
765.33413,0.0031
764.62615,0.00313
763.91816,0.00315
763.21017,0.00317
762.50219,0.00319
761.7942,0.0032
761.08621,0.00321
760.37822,0.00322
759.67024,0.00323
758.96225,0.00323
758.25426,0.00324
757.54628,0.00326
756.83829,0.00327
756.1303,0.00328
755.42231,0.0033
754.71433,0.00331
754.00634,0.00332
753.29835,0.00334
752.59037,0.00334
751.88238,0.00335
751.17439,0.00335
750.4664,0.00335
749.75842,0.00334
749.05043,0.00334
748.34244,0.00334
747.63446,0.00333
746.92647,0.00333
746.21848,0.00334
745.51049,0.00334
744.80251,0.00335
744.09452,0.00337
743.38653,0.00338
742.67855,0.0034
741.97056,0.00341
741.26257,0.00343
740.55458,0.00344
739.8466,0.00345
739.13861,0.00346
738.43062,0.00347
737.72264,0.00348
737.01465,0.00348
736.30666,0.00349
735.59867,0.0035
734.89069,0.00352
734.1827,0.00354
733.47471,0.00357
732.76672,0.0036
732.05874,0.00364
731.35075,0.00369
730.64276,0.00374
729.93478,0.00379
729.22679,0.00384
728.5188,0.00389
727.81081,0.00394
727.10283,0.00397
726.39484,0.004
725.68685,0.00402
724.97887,0.00403
724.27088,0.00403
723.56289,0.00402
722.8549,0.00401
722.14692,0.00399
721.43893,0.00397
720.73094,0.00394
720.02296,0.00391
719.31497,0.00387
718.60698,0.00384
717.89899,0.00381
717.19101,0.00377
716.48302,0.00374
715.77503,0.00371
715.06705,0.00368
714.35906,0.00365
713.65107,0.00363
712.94308,0.00361
712.2351,0.00359
711.52711,0.00358
710.81912,0.00356
710.11114,0.00355
709.40315,0.00355
708.69516,0.00354
707.98717,0.00354
707.27919,0.00354
706.5712,0.00354
705.86321,0.00354
705.15523,0.00354
704.44724,0.00354
703.73925,0.00355
703.03126,0.00355
702.32328,0.00355
701.61529,0.00355
700.9073,0.00355
700.19931,0.00356
699.49133,0.00355
698.78334,0.00355
698.07535,0.00355
697.36737,0.00354
696.65938,0.00354
695.95139,0.00353
695.2434,0.00351
694.53542,0.0035
693.82743,0.00348
693.11944,0.00346
692.41146,0.00344
691.70347,0.00341
690.99548,0.00338
690.28749,0.00335
689.57951,0.00331
688.87152,0.00327
688.16353,0.00322
687.45555,0.00318
686.74756,0.00313
686.03957,0.00307
685.33158,0.00302
684.6236,0.00296
683.91561,0.0029
683.20762,0.00284
682.49964,0.00277
681.79165,0.00271
681.08366,0.00264
680.37567,0.00257
679.66769,0.0025
678.9597,0.00243
678.25171,0.00236
677.54373,0.00229
676.83574,0.00222
676.12775,0.00215
675.41976,0.00208
674.71178,0.00201
674.00379,0.00194
673.2958,0.00187
672.58782,0.00181
671.87983,0.00174
671.17184,0.00168
670.46385,0.00162
669.75587,0.00157
669.04788,0.00152
668.33989,0.00148
667.6319,0.00144
666.92392,0.00141
666.21593,0.00139
665.50794,0.00136
664.79996,0.00134
664.09197,0.00133
663.38398,0.00131
662.67599,0.0013
661.96801,0.00128
661.26002,0.00127
660.55203,0.00125
659.84405,0.00122
659.13606,0.0012
658.42807,0.00116
657.72008,0.00112
657.0121,0.00108
656.30411,0.00102
655.59612,0.00096
654.88814,0.0009
654.18015,0.00083
653.47216,0.00075
652.76417,0.00066
652.05619,0.00057
651.3482,0.00048
650.64021,0.00039
649.93223,0.00029
649.22424,0.00019
648.51625,0.00009
647.80826,-0.00001
647.10028,-0.0001
646.39229,-0.00019
645.6843,-0.00028
644.97632,-0.00037
644.26833,-0.00045
643.56034,-0.00052
642.85235,-0.0006
642.14437,-0.00066
641.43638,-0.00073
640.72839,-0.00079
640.02041,-0.00085
639.31242,-0.0009
638.60443,-0.00096
637.89644,-0.00101
637.18846,-0.00107
636.48047,-0.00112
635.77248,-0.00117
635.06449,-0.00123
634.35651,-0.00129
633.64852,-0.00134
632.94053,-0.0014
632.23255,-0.00146
631.52456,-0.00153
630.81657,-0.00159
630.10858,-0.00166
629.4006,-0.00172
628.69261,-0.00179
627.98462,-0.00186
627.27664,-0.00193
626.56865,-0.002
625.86066,-0.00207
625.15267,-0.00214
624.44469,-0.00221
623.7367,-0.00229
623.02871,-0.00237
622.32073,-0.00245
621.61274,-0.00254
620.90475,-0.00263
620.19676,-0.00272
619.48878,-0.00283
618.78079,-0.00294
618.0728,-0.00306
617.36482,-0.00318
616.65683,-0.00332
615.94884,-0.00347
615.24085,-0.00364
614.53287,-0.00381
613.82488,-0.00399
613.11689,-0.00418
612.40891,-0.00438
611.70092,-0.00458
610.99293,-0.00478
610.28494,-0.00498
609.57696,-0.00517
608.86897,-0.00536
608.16098,-0.00553
607.453,-0.0057
606.74501,-0.00584
606.03702,-0.00598
605.32903,-0.00609
604.62105,-0.00619
603.91306,-0.00628
603.20507,-0.00635
602.49708,-0.00641
601.7891,-0.00645
601.08111,-0.00649
600.37312,-0.00652
599.66514,-0.00655
598.95715,-0.00658
598.24916,-0.00661
597.54117,-0.00665
596.83319,-0.0067
596.1252,-0.00675
595.41721,-0.00681
594.70923,-0.00689
594.00124,-0.00698
593.29325,-0.00707
592.58526,-0.00718
591.87728,-0.00729
591.16929,-0.00741
590.4613,-0.00754
589.75332,-0.00767
589.04533,-0.0078
588.33734,-0.00794
587.62935,-0.00808
586.92137,-0.00822
586.21338,-0.00837
585.50539,-0.00853
584.79741,-0.0087
584.08942,-0.00888
583.38143,-0.00908
582.67344,-0.00928
581.96546,-0.0095
581.25747,-0.00973
580.54948,-0.00997
579.8415,-0.0102
579.13351,-0.01042
578.42552,-0.01064
577.71753,-0.01083
577.00955,-0.01099
576.30156,-0.01112
575.59357,-0.01122
574.88559,-0.01129
574.1776,-0.01133
573.46961,-0.01133
572.76162,-0.01133
572.05364,-0.0113
571.34565,-0.01128
570.63766,-0.01127
569.92967,-0.01127
569.22169,-0.01129
568.5137,-0.01133
567.80571,-0.01141
567.09773,-0.01151
566.38974,-0.01163
565.68175,-0.01178
564.97376,-0.01194
564.26578,-0.01212
563.55779,-0.0123
562.8498,-0.01248
562.14182,-0.01266
561.43383,-0.01284
560.72584,-0.01302
560.01785,-0.01319
559.30987,-0.01336
558.60188,-0.01353
557.89389,-0.01369
557.18591,-0.01386
556.47792,-0.01402
555.76993,-0.01417
555.06194,-0.01431
554.35396,-0.01444
553.64597,-0.01456
552.93798,-0.01466
552.23,-0.01475
551.52201,-0.01482
550.81402,-0.01487
550.10603,-0.01492
549.39805,-0.01497
548.69006,-0.01502
547.98207,-0.01508
547.27409,-0.01516
546.5661,-0.01527
545.85811,-0.0154
545.15012,-0.01555
544.44214,-0.01573
543.73415,-0.01593
543.02616,-0.01614
542.31818,-0.01635
541.61019,-0.01656
540.9022,-0.01676
540.19421,-0.01693
539.48623,-0.01709
538.77824,-0.01721
538.07025,-0.01731
537.36226,-0.01737
536.65428,-0.01742
535.94629,-0.01744
535.2383,-0.01746
534.53032,-0.01747
533.82233,-0.01748
533.11434,-0.01751
532.40635,-0.01755
531.69837,-0.01762
530.99038,-0.01772
530.28239,-0.01784
529.57441,-0.01799
528.86642,-0.01816
528.15843,-0.01836
527.45044,-0.01856
526.74246,-0.01876
526.03447,-0.01896
525.32648,-0.01914
524.6185,-0.0193
523.91051,-0.01943
523.20252,-0.01953
522.49453,-0.01959
521.78655,-0.01962
521.07856,-0.01961
520.37057,-0.01958
519.66259,-0.01953
518.9546,-0.01948
518.24661,-0.01942
517.53862,-0.01937
516.83064,-0.01935
516.12265,-0.01934
515.41466,-0.01937
514.70668,-0.01942
513.99869,-0.0195
513.2907,-0.0196
512.58271,-0.01971
511.87473,-0.01984
511.16674,-0.01997
510.45875,-0.02009
509.75077,-0.02021
509.04278,-0.02033
508.33479,-0.02043
507.6268,-0.02053
506.91882,-0.02063
506.21083,-0.02073
505.50284,-0.02084
504.79485,-0.02097
504.08687,-0.02112
503.37888,-0.02129
502.67089,-0.0215
501.96291,-0.02173
501.25492,-0.02199
500.54693,-0.02226
499.83894,-0.02255
499.13096,-0.02283
498.42297,-0.02311
497.71498,-0.02337
497.007,-0.0236
496.29901,-0.02381
495.59102,-0.02398
494.88303,-0.02412
494.17505,-0.02422
493.46706,-0.02429
492.75907,-0.02434
492.05109,-0.02437
491.3431,-0.02438
490.63511,-0.02439
489.92712,-0.02439
489.21914,-0.0244
488.51115,-0.02442
487.80316,-0.02445
487.09518,-0.0245
486.38719,-0.02456
485.6792,-0.02465
484.97121,-0.02474
484.26323,-0.02485
483.55524,-0.02497
482.84725,-0.02509
482.13927,-0.02522
481.43128,-0.02535
480.72329,-0.02548
480.0153,-0.02561
479.30732,-0.02574
478.59933,-0.02588
477.89134,-0.02602
477.18336,-0.02616
476.47537,-0.02632
475.76738,-0.0265
475.05939,-0.0267
474.35141,-0.02692
473.64342,-0.02716
472.93543,-0.02743
472.22744,-0.0277
471.51946,-0.02799
470.81147,-0.02827
470.10348,-0.02854
469.3955,-0.02878
468.68751,-0.02899
467.97952,-0.02916
467.27153,-0.02927
466.56355,-0.02934
465.85556,-0.02935
465.14757,-0.02931
464.43959,-0.02923
463.7316,-0.02912
463.02361,-0.02899
462.31562,-0.02886
461.60764,-0.02874
460.89965,-0.02864
460.19166,-0.02859
459.48368,-0.02861
458.77569,-0.02869
458.0677,-0.02885
457.35971,-0.02908
456.65173,-0.02939
455.94374,-0.02975
455.23575,-0.03015
454.52777,-0.03058
453.81978,-0.031
453.11179,-0.03141
452.4038,-0.03178
451.69582,-0.03209
450.98783,-0.03234
450.27984,-0.03252
449.57186,-0.03261
448.86387,-0.03263
448.15588,-0.03256
447.44789,-0.03241
446.73991,-0.03219
446.03192,-0.0319
445.32393,-0.03155
444.61595,-0.03114
443.90796,-0.03068
443.19997,-0.03018
442.49198,-0.02965
441.784,-0.0291
441.07601,-0.02853
440.36802,-0.02798
439.66003,-0.02744
438.95205,-0.02693
438.24406,-0.02646
437.53607,-0.02606
436.82809,-0.02573
436.1201,-0.02548
435.41211,-0.02533
434.70412,-0.02526
433.99614,-0.02529
433.28815,-0.02541
432.58016,-0.0256
431.87218,-0.02586
431.16419,-0.02617
430.4562,-0.02652
429.74821,-0.02688
429.04023,-0.02724
428.33224,-0.02759
427.62425,-0.0279
426.91627,-0.02817
426.20828,-0.0284
425.50029,-0.02856
424.7923,-0.02867
424.08432,-0.02873
423.37633,-0.02874
422.66834,-0.02872
421.96036,-0.02868
421.25237,-0.02865
420.54438,-0.02865
419.83639,-0.02869
419.12841,-0.0288
418.42042,-0.02899
417.71243,-0.02926
417.00445,-0.02961
416.29646,-0.03002
415.58847,-0.03048
414.88048,-0.03098
414.1725,-0.03149
413.46451,-0.032
412.75652,-0.03249
412.04854,-0.03294
411.34055,-0.03336
410.63256,-0.03373
409.92457,-0.03406
409.21659,-0.03433
408.5086,-0.03456
407.80061,-0.03475
407.09262,-0.0349
406.38464,-0.03502
405.67665,-0.03512
404.96866,-0.03518
404.26068,-0.03522
403.55269,-0.03524
402.8447,-0.03522
402.13671,-0.03518
401.42873,-0.0351
400.72074,-0.035
400.01275,-0.03487
399.30477,-0.03472
398.59678,-0.03456
397.88879,-0.0344
397.1808,-0.03426
396.47282,-0.03414
395.76483,-0.03407
395.05684,-0.03404
394.34886,-0.03406
393.64087,-0.03413
392.93288,-0.03423
392.22489,-0.03437
391.51691,-0.03454
390.80892,-0.03473
390.10093,-0.03495
389.39295,-0.03519
388.68496,-0.03545
387.97697,-0.03573
387.26898,-0.03604
386.561,-0.03637
385.85301,-0.03671
385.14502,-0.03705
384.43704,-0.03739
383.72905,-0.0377
383.02106,-0.03797
382.31307,-0.03819
381.60509,-0.03834
380.8971,-0.03842
380.18911,-0.0384
379.48113,-0.0383
378.77314,-0.03813
378.06515,-0.03789
377.35716,-0.0376
376.64918,-0.03731
375.94119,-0.03703
375.2332,-0.03679
374.52521,-0.03659
