X(Numero de onda),Y(Abs)
3998.71156,-0.00373
3998.00357,-0.00372
3997.29558,-0.00371
3996.5876,-0.00371
3995.87961,-0.0037
3995.17162,-0.0037
3994.46363,-0.00369
3993.75565,-0.00369
3993.04766,-0.00368
3992.33967,-0.00368
3991.63169,-0.00367
3990.9237,-0.00367
3990.21571,-0.00367
3989.50772,-0.00366
3988.79974,-0.00366
3988.09175,-0.00366
3987.38376,-0.00365
3986.67578,-0.00365
3985.96779,-0.00365
3985.2598,-0.00365
3984.55181,-0.00364
3983.84383,-0.00364
3983.13584,-0.00364
3982.42785,-0.00364
3981.71987,-0.00363
3981.01188,-0.00363
3980.30389,-0.00362
3979.5959,-0.00362
3978.88792,-0.00361
3978.17993,-0.00361
3977.47194,-0.0036
3976.76396,-0.00359
3976.05597,-0.00359
3975.34798,-0.00358
3974.63999,-0.00357
3973.93201,-0.00356
3973.22402,-0.00355
3972.51603,-0.00354
3971.80805,-0.00353
3971.10006,-0.00352
3970.39207,-0.00351
3969.68408,-0.0035
3968.9761,-0.00348
3968.26811,-0.00347
3967.56012,-0.00346
3966.85213,-0.00345
3966.14415,-0.00344
3965.43616,-0.00343
3964.72817,-0.00342
3964.02019,-0.00341
3963.3122,-0.0034
3962.60421,-0.00339
3961.89622,-0.00338
3961.18824,-0.00337
3960.48025,-0.00336
3959.77226,-0.00335
3959.06428,-0.00333
3958.35629,-0.00332
3957.6483,-0.00331
3956.94031,-0.0033
3956.23233,-0.00329
3955.52434,-0.00328
3954.81635,-0.00327
3954.10837,-0.00326
3953.40038,-0.00325
3952.69239,-0.00324
3951.9844,-0.00323
3951.27642,-0.00322
3950.56843,-0.00322
3949.86044,-0.00321
3949.15246,-0.0032
3948.44447,-0.00319
3947.73648,-0.00318
3947.02849,-0.00317
3946.32051,-0.00316
3945.61252,-0.00315
3944.90453,-0.00314
3944.19655,-0.00313
3943.48856,-0.00312
3942.78057,-0.00311
3942.07258,-0.0031
3941.3646,-0.00309
3940.65661,-0.00307
3939.94862,-0.00305
3939.24064,-0.00304
3938.53265,-0.00302
3937.82466,-0.003
3937.11667,-0.00298
3936.40869,-0.00296
3935.7007,-0.00294
3934.99271,-0.00292
3934.28472,-0.00289
3933.57674,-0.00287
3932.86875,-0.00284
3932.16076,-0.00282
3931.45278,-0.0028
3930.74479,-0.00277
3930.0368,-0.00275
3929.32881,-0.00273
3928.62083,-0.00271
3927.91284,-0.00269
3927.20485,-0.00267
3926.49687,-0.00266
3925.78888,-0.00265
3925.08089,-0.00263
3924.3729,-0.00262
3923.66492,-0.00262
3922.95693,-0.00261
3922.24894,-0.0026
3921.54096,-0.0026
3920.83297,-0.0026
3920.12498,-0.0026
3919.41699,-0.00259
3918.70901,-0.00259
3918.00102,-0.00259
3917.29303,-0.00259
3916.58505,-0.00259
3915.87706,-0.00258
3915.16907,-0.00258
3914.46108,-0.00257
3913.7531,-0.00256
3913.04511,-0.00255
3912.33712,-0.00254
3911.62914,-0.00252
3910.92115,-0.0025
3910.21316,-0.00248
3909.50517,-0.00245
3908.79719,-0.00242
3908.0892,-0.00239
3907.38121,-0.00235
3906.67323,-0.00231
3905.96524,-0.00227
3905.25725,-0.00223
3904.54926,-0.00219
3903.84128,-0.00214
3903.13329,-0.0021
3902.4253,-0.00205
3901.71731,-0.00201
3901.00933,-0.00197
3900.30134,-0.00193
3899.59335,-0.0019
3898.88537,-0.00188
3898.17738,-0.00185
3897.46939,-0.00184
3896.7614,-0.00183
3896.05342,-0.00182
3895.34543,-0.00182
3894.63744,-0.00182
3893.92946,-0.00182
3893.22147,-0.00183
3892.51348,-0.00184
3891.80549,-0.00185
3891.09751,-0.00186
3890.38952,-0.00187
3889.68153,-0.00188
3888.97355,-0.00189
3888.26556,-0.0019
3887.55757,-0.00191
3886.84958,-0.00191
3886.1416,-0.00192
3885.43361,-0.00193
3884.72562,-0.00193
3884.01764,-0.00194
3883.30965,-0.00194
3882.60166,-0.00194
3881.89367,-0.00194
3881.18569,-0.00194
3880.4777,-0.00194
3879.76971,-0.00193
3879.06173,-0.00192
3878.35374,-0.00191
3877.64575,-0.0019
3876.93776,-0.00188
3876.22978,-0.00187
3875.52179,-0.00185
3874.8138,-0.00183
3874.10582,-0.00181
3873.39783,-0.00179
3872.68984,-0.00177
3871.98185,-0.00174
3871.27387,-0.00172
3870.56588,-0.0017
3869.85789,-0.00168
3869.1499,-0.00165
3868.44192,-0.00164
3867.73393,-0.00162
3867.02594,-0.00161
3866.31796,-0.0016
3865.60997,-0.0016
3864.90198,-0.00159
3864.19399,-0.0016
3863.48601,-0.0016
3862.77802,-0.00161
3862.07003,-0.00163
3861.36205,-0.00165
3860.65406,-0.00167
3859.94607,-0.00169
3859.23808,-0.00171
3858.5301,-0.00174
3857.82211,-0.00176
3857.11412,-0.00178
3856.40614,-0.0018
3855.69815,-0.00182
3854.99016,-0.00184
3854.28217,-0.00185
3853.57419,-0.00185
3852.8662,-0.00185
3852.15821,-0.00185
3851.45023,-0.00184
3850.74224,-0.00183
3850.03425,-0.00182
3849.32626,-0.00181
3848.61828,-0.0018
3847.91029,-0.0018
3847.2023,-0.00179
3846.49432,-0.00179
3845.78633,-0.00179
3845.07834,-0.00179
3844.37035,-0.00179
3843.66237,-0.0018
3842.95438,-0.0018
3842.24639,-0.00181
3841.53841,-0.00182
3840.83042,-0.00183
3840.12243,-0.00184
3839.41444,-0.00185
3838.70646,-0.00186
3837.99847,-0.00187
3837.29048,-0.00188
3836.58249,-0.00189
3835.87451,-0.00191
3835.16652,-0.00192
3834.45853,-0.00194
3833.75055,-0.00196
3833.04256,-0.00198
3832.33457,-0.002
3831.62658,-0.00202
3830.9186,-0.00204
3830.21061,-0.00207
3829.50262,-0.00209
3828.79464,-0.00211
3828.08665,-0.00214
3827.37866,-0.00216
3826.67067,-0.00218
3825.96269,-0.0022
3825.2547,-0.00222
3824.54671,-0.00223
3823.83873,-0.00225
3823.13074,-0.00226
3822.42275,-0.00227
3821.71476,-0.00227
3821.00678,-0.00228
3820.29879,-0.00228
3819.5908,-0.00228
3818.88282,-0.00228
3818.17483,-0.00228
3817.46684,-0.00228
3816.75885,-0.00228
3816.05087,-0.00227
3815.34288,-0.00227
3814.63489,-0.00227
3813.92691,-0.00227
3813.21892,-0.00227
3812.51093,-0.00227
3811.80294,-0.00227
3811.09496,-0.00227
3810.38697,-0.00227
3809.67898,-0.00227
3808.971,-0.00226
3808.26301,-0.00226
3807.55502,-0.00225
3806.84703,-0.00225
3806.13905,-0.00224
3805.43106,-0.00223
3804.72307,-0.00222
3804.01508,-0.00221
3803.3071,-0.00221
3802.59911,-0.0022
3801.89112,-0.0022
3801.18314,-0.0022
3800.47515,-0.0022
3799.76716,-0.00221
3799.05917,-0.00222
3798.35119,-0.00224
3797.6432,-0.00226
3796.93521,-0.00229
3796.22723,-0.00232
3795.51924,-0.00236
3794.81125,-0.0024
3794.10326,-0.00244
3793.39528,-0.00249
3792.68729,-0.00253
3791.9793,-0.00258
3791.27132,-0.00263
3790.56333,-0.00268
3789.85534,-0.00272
3789.14735,-0.00277
3788.43937,-0.00281
3787.73138,-0.00285
3787.02339,-0.00289
3786.31541,-0.00293
3785.60742,-0.00297
3784.89943,-0.003
3784.19144,-0.00302
3783.48346,-0.00305
3782.77547,-0.00307
3782.06748,-0.00309
3781.3595,-0.00311
3780.65151,-0.00312
3779.94352,-0.00313
3779.23553,-0.00314
3778.52755,-0.00314
3777.81956,-0.00314
3777.11157,-0.00314
3776.40359,-0.00313
3775.6956,-0.00313
3774.98761,-0.00311
3774.27962,-0.0031
3773.57164,-0.00308
3772.86365,-0.00306
3772.15566,-0.00304
3771.44767,-0.00301
3770.73969,-0.00298
3770.0317,-0.00295
3769.32371,-0.00291
3768.61573,-0.00287
3767.90774,-0.00283
3767.19975,-0.00278
3766.49176,-0.00274
3765.78378,-0.00269
3765.07579,-0.00263
3764.3678,-0.00258
3763.65982,-0.00252
3762.95183,-0.00246
3762.24384,-0.0024
3761.53585,-0.00234
3760.82787,-0.00227
3760.11988,-0.00221
3759.41189,-0.00213
3758.70391,-0.00206
3757.99592,-0.00198
3757.28793,-0.0019
3756.57994,-0.00182
3755.87196,-0.00173
3755.16397,-0.00164
3754.45598,-0.00155
3753.748,-0.00145
3753.04001,-0.00136
3752.33202,-0.00126
3751.62403,-0.00116
3750.91605,-0.00107
3750.20806,-0.00097
3749.50007,-0.00088
3748.79209,-0.00079
3748.0841,-0.00071
3747.37611,-0.00063
3746.66812,-0.00055
3745.96014,-0.00048
3745.25215,-0.00042
3744.54416,-0.00036
3743.83618,-0.00031
3743.12819,-0.00026
3742.4202,-0.00023
3741.71221,-0.0002
3741.00423,-0.00018
3740.29624,-0.00017
3739.58825,-0.00017
3738.88026,-0.00018
3738.17228,-0.00019
3737.46429,-0.00021
3736.7563,-0.00024
3736.04832,-0.00027
3735.34033,-0.00031
3734.63234,-0.00036
3733.92435,-0.00041
3733.21637,-0.00046
3732.50838,-0.00051
3731.80039,-0.00058
3731.09241,-0.00064
3730.38442,-0.00071
3729.67643,-0.00078
3728.96844,-0.00085
3728.26046,-0.00093
3727.55247,-0.00101
3726.84448,-0.00109
3726.1365,-0.00117
3725.42851,-0.00126
3724.72052,-0.00134
3724.01253,-0.00143
3723.30455,-0.00151
3722.59656,-0.0016
3721.88857,-0.00168
3721.18059,-0.00176
3720.4726,-0.00184
3719.76461,-0.00192
3719.05662,-0.00199
3718.34864,-0.00207
3717.64065,-0.00214
3716.93266,-0.00221
3716.22468,-0.00228
3715.51669,-0.00235
3714.8087,-0.00241
3714.10071,-0.00247
3713.39273,-0.00253
3712.68474,-0.00259
3711.97675,-0.00264
3711.26877,-0.0027
3710.56078,-0.00275
3709.85279,-0.0028
3709.1448,-0.00285
3708.43682,-0.0029
3707.72883,-0.00294
3707.02084,-0.003
3706.31285,-0.00305
3705.60487,-0.0031
3704.89688,-0.00315
3704.18889,-0.00321
3703.48091,-0.00326
3702.77292,-0.00332
3702.06493,-0.00337
3701.35694,-0.00342
3700.64896,-0.00347
3699.94097,-0.00352
3699.23298,-0.00356
3698.525,-0.0036
3697.81701,-0.00364
3697.10902,-0.00368
3696.40103,-0.00371
3695.69305,-0.00374
3694.98506,-0.00377
3694.27707,-0.0038
3693.56909,-0.00382
3692.8611,-0.00384
3692.15311,-0.00387
3691.44512,-0.00388
3690.73714,-0.0039
3690.02915,-0.00392
3689.32116,-0.00393
3688.61318,-0.00394
3687.90519,-0.00396
3687.1972,-0.00397
3686.48921,-0.00398
3685.78123,-0.004
3685.07324,-0.00402
3684.36525,-0.00405
3683.65727,-0.00408
3682.94928,-0.00411
3682.24129,-0.00415
3681.5333,-0.00419
3680.82532,-0.00423
3680.11733,-0.00428
3679.40934,-0.00433
3678.70136,-0.00438
3677.99337,-0.00444
3677.28538,-0.0045
3676.57739,-0.00455
3675.86941,-0.00461
3675.16142,-0.00468
3674.45343,-0.00474
3673.74544,-0.00481
3673.03746,-0.00488
3672.32947,-0.00496
3671.62148,-0.00503
3670.9135,-0.00512
3670.20551,-0.0052
3669.49752,-0.00529
3668.78953,-0.00538
3668.08155,-0.00548
3667.37356,-0.00557
3666.66557,-0.00567
3665.95759,-0.00576
3665.2496,-0.00586
3664.54161,-0.00595
3663.83362,-0.00605
3663.12564,-0.00614
3662.41765,-0.00623
3661.70966,-0.00631
3661.00168,-0.0064
3660.29369,-0.00647
3659.5857,-0.00655
3658.87771,-0.00662
3658.16973,-0.00669
3657.46174,-0.00676
3656.75375,-0.00682
3656.04577,-0.00689
3655.33778,-0.00695
3654.62979,-0.00702
3653.9218,-0.00708
3653.21382,-0.00715
3652.50583,-0.00722
3651.79784,-0.0073
3651.08986,-0.00738
3650.38187,-0.00747
3649.67388,-0.00756
3648.96589,-0.00766
3648.25791,-0.00776
3647.54992,-0.00787
3646.84193,-0.00798
3646.13395,-0.0081
3645.42596,-0.00823
3644.71797,-0.00836
3644.00998,-0.0085
3643.302,-0.00864
3642.59401,-0.00878
3641.88602,-0.00892
3641.17803,-0.00906
3640.47005,-0.0092
3639.76206,-0.00934
3639.05407,-0.00947
3638.34609,-0.00959
3637.6381,-0.00971
3636.93011,-0.00982
3636.22212,-0.00992
3635.51414,-0.01001
3634.80615,-0.01009
3634.09816,-0.01016
3633.39018,-0.01022
3632.68219,-0.01027
3631.9742,-0.01031
3631.26621,-0.01034
3630.55823,-0.01036
3629.85024,-0.01038
3629.14225,-0.01039
3628.43427,-0.0104
3627.72628,-0.01041
3627.01829,-0.01041
3626.3103,-0.01041
3625.60232,-0.01042
3624.89433,-0.01042
3624.18634,-0.01043
3623.47836,-0.01044
3622.77037,-0.01046
3622.06238,-0.01048
3621.35439,-0.0105
3620.64641,-0.01052
3619.93842,-0.01055
3619.23043,-0.01058
3618.52245,-0.01061
3617.81446,-0.01064
3617.10647,-0.01068
3616.39848,-0.01072
3615.6905,-0.01076
3614.98251,-0.0108
3614.27452,-0.01084
3613.56654,-0.01089
3612.85855,-0.01095
3612.15056,-0.011
3611.44257,-0.01106
3610.73459,-0.01112
3610.0266,-0.01118
3609.31861,-0.01125
3608.61063,-0.01132
3607.90264,-0.01139
3607.19465,-0.01146
3606.48666,-0.01153
3605.77868,-0.0116
3605.07069,-0.01167
3604.3627,-0.01174
3603.65471,-0.0118
3602.94673,-0.01187
3602.23874,-0.01193
3601.53075,-0.01199
3600.82277,-0.01205
3600.11478,-0.0121
3599.40679,-0.01215
3598.6988,-0.0122
3597.99082,-0.01224
3597.28283,-0.01229
3596.57484,-0.01233
3595.86686,-0.01237
3595.15887,-0.01241
3594.45088,-0.01245
3593.74289,-0.01249
3593.03491,-0.01253
3592.32692,-0.01257
3591.61893,-0.01261
3590.91095,-0.01266
3590.20296,-0.0127
3589.49497,-0.01275
3588.78698,-0.0128
3588.079,-0.01286
3587.37101,-0.01291
3586.66302,-0.01297
3585.95504,-0.01302
3585.24705,-0.01308
3584.53906,-0.01314
3583.83107,-0.0132
3583.12309,-0.01325
3582.4151,-0.01331
3581.70711,-0.01336
3580.99913,-0.01341
3580.29114,-0.01345
3579.58315,-0.01349
3578.87516,-0.01353
3578.16718,-0.01356
3577.45919,-0.01358
3576.7512,-0.01359
3576.04322,-0.0136
3575.33523,-0.01361
3574.62724,-0.0136
3573.91925,-0.01359
3573.21127,-0.01358
3572.50328,-0.01357
3571.79529,-0.01355
3571.0873,-0.01353
3570.37932,-0.01351
3569.67133,-0.01349
3568.96334,-0.01347
3568.25536,-0.01345
3567.54737,-0.01344
3566.83938,-0.01344
3566.13139,-0.01343
3565.42341,-0.01344
3564.71542,-0.01345
3564.00743,-0.01347
3563.29945,-0.01349
3562.59146,-0.01352
3561.88347,-0.01355
3561.17548,-0.01359
3560.4675,-0.01363
3559.75951,-0.01367
3559.05152,-0.01372
3558.34354,-0.01376
3557.63555,-0.01381
3556.92756,-0.01385
3556.21957,-0.01389
3555.51159,-0.01392
3554.8036,-0.01395
3554.09561,-0.01398
3553.38763,-0.01401
3552.67964,-0.01403
3551.97165,-0.01404
3551.26366,-0.01406
3550.55568,-0.01407
3549.84769,-0.01408
3549.1397,-0.01409
3548.43172,-0.0141
3547.72373,-0.01412
3547.01574,-0.01413
3546.30775,-0.01414
3545.59977,-0.01416
3544.89178,-0.01418
3544.18379,-0.01421
3543.47581,-0.01423
3542.76782,-0.01427
3542.05983,-0.0143
3541.35184,-0.01433
3540.64386,-0.01437
3539.93587,-0.01441
3539.22788,-0.01445
3538.51989,-0.01449
3537.81191,-0.01453
3537.10392,-0.01457
3536.39593,-0.01461
3535.68795,-0.01464
3534.97996,-0.01468
3534.27197,-0.01471
3533.56398,-0.01473
3532.856,-0.01476
3532.14801,-0.01478
3531.44002,-0.0148
3530.73204,-0.01482
3530.02405,-0.01483
3529.31606,-0.01485
3528.60807,-0.01486
3527.90009,-0.01488
3527.1921,-0.01489
3526.48411,-0.0149
3525.77613,-0.01492
3525.06814,-0.01493
3524.36015,-0.01495
3523.65216,-0.01497
3522.94418,-0.01499
3522.23619,-0.01501
3521.5282,-0.01503
3520.82022,-0.01506
3520.11223,-0.01508
3519.40424,-0.01511
3518.69625,-0.01514
3517.98827,-0.01516
3517.28028,-0.01519
3516.57229,-0.01522
3515.86431,-0.01525
3515.15632,-0.01528
3514.44833,-0.01531
3513.74034,-0.01533
3513.03236,-0.01536
3512.32437,-0.01539
3511.61638,-0.01541
3510.9084,-0.01544
3510.20041,-0.01547
3509.49242,-0.0155
3508.78443,-0.01552
3508.07645,-0.01556
3507.36846,-0.01559
3506.66047,-0.01562
3505.95248,-0.01566
3505.2445,-0.0157
3504.53651,-0.01574
3503.82852,-0.01579
3503.12054,-0.01583
3502.41255,-0.01588
3501.70456,-0.01593
3500.99657,-0.01599
3500.28859,-0.01604
3499.5806,-0.01609
3498.87261,-0.01615
3498.16463,-0.01621
3497.45664,-0.01626
3496.74865,-0.01632
3496.04066,-0.01638
3495.33268,-0.01643
3494.62469,-0.01649
3493.9167,-0.01654
3493.20872,-0.0166
3492.50073,-0.01665
3491.79274,-0.0167
3491.08475,-0.01675
3490.37677,-0.0168
3489.66878,-0.01685
3488.96079,-0.0169
3488.25281,-0.01695
3487.54482,-0.017
3486.83683,-0.01705
3486.12884,-0.0171
3485.42086,-0.01715
3484.71287,-0.01719
3484.00488,-0.01724
3483.2969,-0.01729
3482.58891,-0.01733
3481.88092,-0.01738
3481.17293,-0.01742
3480.46495,-0.01746
3479.75696,-0.01751
3479.04897,-0.01755
3478.34099,-0.01759
3477.633,-0.01763
3476.92501,-0.01766
3476.21702,-0.0177
3475.50904,-0.01774
3474.80105,-0.01777
3474.09306,-0.01781
3473.38507,-0.01784
3472.67709,-0.01787
3471.9691,-0.01791
3471.26111,-0.01794
3470.55313,-0.01797
3469.84514,-0.018
3469.13715,-0.01803
3468.42916,-0.01806
3467.72118,-0.01809
3467.01319,-0.01813
3466.3052,-0.01816
3465.59722,-0.0182
3464.88923,-0.01823
3464.18124,-0.01827
3463.47325,-0.01831
3462.76527,-0.01836
3462.05728,-0.0184
3461.34929,-0.01845
3460.64131,-0.0185
3459.93332,-0.01855
3459.22533,-0.0186
3458.51734,-0.01866
3457.80936,-0.01871
3457.10137,-0.01877
3456.39338,-0.01883
3455.6854,-0.01888
3454.97741,-0.01894
3454.26942,-0.01899
3453.56143,-0.01905
3452.85345,-0.0191
3452.14546,-0.01916
3451.43747,-0.01921
3450.72949,-0.01926
3450.0215,-0.01931
3449.31351,-0.01936
3448.60552,-0.01941
3447.89754,-0.01946
3447.18955,-0.01951
3446.48156,-0.01956
3445.77358,-0.01962
3445.06559,-0.01967
3444.3576,-0.01972
3443.64961,-0.01977
3442.94163,-0.01983
3442.23364,-0.01988
3441.52565,-0.01993
3440.81766,-0.01999
3440.10968,-0.02004
3439.40169,-0.02009
3438.6937,-0.02014
3437.98572,-0.02019
3437.27773,-0.02023
3436.56974,-0.02028
3435.86175,-0.02032
3435.15377,-0.02037
3434.44578,-0.02041
3433.73779,-0.02045
3433.02981,-0.02049
3432.32182,-0.02054
3431.61383,-0.02058
3430.90584,-0.02062
3430.19786,-0.02066
3429.48987,-0.02071
3428.78188,-0.02075
3428.0739,-0.0208
3427.36591,-0.02085
3426.65792,-0.0209
3425.94993,-0.02095
3425.24195,-0.021
3424.53396,-0.02105
3423.82597,-0.02111
3423.11799,-0.02116
3422.41,-0.02122
3421.70201,-0.02127
3420.99402,-0.02133
3420.28604,-0.02139
3419.57805,-0.02144
3418.87006,-0.0215
3418.16208,-0.02155
3417.45409,-0.02161
3416.7461,-0.02166
3416.03811,-0.02172
3415.33013,-0.02177
3414.62214,-0.02182
3413.91415,-0.02187
3413.20617,-0.02193
3412.49818,-0.02198
3411.79019,-0.02203
3411.0822,-0.02209
3410.37422,-0.02214
3409.66623,-0.02219
3408.95824,-0.02225
3408.25025,-0.0223
3407.54227,-0.02236
3406.83428,-0.02241
3406.12629,-0.02247
3405.41831,-0.02252
3404.71032,-0.02257
3404.00233,-0.02263
3403.29434,-0.02268
3402.58636,-0.02273
3401.87837,-0.02277
3401.17038,-0.02282
3400.4624,-0.02286
3399.75441,-0.0229
3399.04642,-0.02294
3398.33843,-0.02298
3397.63045,-0.02301
3396.92246,-0.02304
3396.21447,-0.02307
3395.50649,-0.0231
3394.7985,-0.02312
3394.09051,-0.02315
3393.38252,-0.02317
3392.67454,-0.02319
3391.96655,-0.02322
3391.25856,-0.02324
3390.55058,-0.02326
3389.84259,-0.02328
3389.1346,-0.02331
3388.42661,-0.02333
3387.71863,-0.02336
3387.01064,-0.02338
3386.30265,-0.02341
3385.59467,-0.02344
3384.88668,-0.02347
3384.17869,-0.0235
3383.4707,-0.02353
3382.76272,-0.02356
3382.05473,-0.0236
3381.34674,-0.02363
3380.63876,-0.02366
3379.93077,-0.0237
3379.22278,-0.02373
3378.51479,-0.02376
3377.80681,-0.0238
3377.09882,-0.02383
3376.39083,-0.02386
3375.68284,-0.02389
3374.97486,-0.02393
3374.26687,-0.02396
3373.55888,-0.02399
3372.8509,-0.02402
3372.14291,-0.02405
3371.43492,-0.02408
3370.72693,-0.02411
3370.01895,-0.02415
3369.31096,-0.02418
3368.60297,-0.02422
3367.89499,-0.02426
3367.187,-0.0243
3366.47901,-0.02434
3365.77102,-0.02438
3365.06304,-0.02442
3364.35505,-0.02447
3363.64706,-0.02452
3362.93908,-0.02456
3362.23109,-0.02461
3361.5231,-0.02465
3360.81511,-0.0247
3360.10713,-0.02474
3359.39914,-0.02478
3358.69115,-0.02482
3357.98317,-0.02486
3357.27518,-0.02489
3356.56719,-0.02492
3355.8592,-0.02494
3355.15122,-0.02496
3354.44323,-0.02498
3353.73524,-0.02499
3353.02726,-0.02499
3352.31927,-0.025
3351.61128,-0.02499
3350.90329,-0.02499
3350.19531,-0.02498
3349.48732,-0.02498
3348.77933,-0.02497
3348.07135,-0.02495
3347.36336,-0.02494
3346.65537,-0.02493
3345.94738,-0.02493
3345.2394,-0.02492
3344.53141,-0.02491
3343.82342,-0.02491
3343.11543,-0.02491
3342.40745,-0.02491
3341.69946,-0.02492
3340.99147,-0.02493
3340.28349,-0.02494
3339.5755,-0.02495
3338.86751,-0.02496
3338.15952,-0.02497
3337.45154,-0.02499
3336.74355,-0.025
3336.03556,-0.02502
3335.32758,-0.02503
3334.61959,-0.02504
3333.9116,-0.02505
3333.20361,-0.02506
3332.49563,-0.02506
3331.78764,-0.02507
3331.07965,-0.02507
3330.37167,-0.02507
3329.66368,-0.02506
3328.95569,-0.02505
3328.2477,-0.02505
3327.53972,-0.02504
3326.83173,-0.02503
3326.12374,-0.02501
3325.41576,-0.025
3324.70777,-0.02499
3323.99978,-0.02497
3323.29179,-0.02496
3322.58381,-0.02495
3321.87582,-0.02493
3321.16783,-0.02492
3320.45985,-0.0249
3319.75186,-0.02489
3319.04387,-0.02487
3318.33588,-0.02485
3317.6279,-0.02483
3316.91991,-0.02481
3316.21192,-0.0248
3315.50394,-0.02477
3314.79595,-0.02475
3314.08796,-0.02473
3313.37997,-0.02471
3312.67199,-0.02469
3311.964,-0.02467
3311.25601,-0.02465
3310.54802,-0.02463
3309.84004,-0.02461
3309.13205,-0.02459
3308.42406,-0.02457
3307.71608,-0.02455
3307.00809,-0.02453
3306.3001,-0.02451
3305.59211,-0.02449
3304.88413,-0.02447
3304.17614,-0.02445
3303.46815,-0.02442
3302.76017,-0.0244
3302.05218,-0.02437
3301.34419,-0.02434
3300.6362,-0.02431
3299.92822,-0.02428
3299.22023,-0.02424
3298.51224,-0.02421
3297.80426,-0.02418
3297.09627,-0.02415
3296.38828,-0.02412
3295.68029,-0.02409
3294.97231,-0.02407
3294.26432,-0.02404
3293.55633,-0.02402
3292.84835,-0.02401
3292.14036,-0.02399
3291.43237,-0.02398
3290.72438,-0.02397
3290.0164,-0.02396
3289.30841,-0.02396
3288.60042,-0.02395
3287.89244,-0.02395
3287.18445,-0.02395
3286.47646,-0.02394
3285.76847,-0.02394
3285.06049,-0.02394
3284.3525,-0.02394
3283.64451,-0.02394
3282.93653,-0.02393
3282.22854,-0.02393
3281.52055,-0.02392
3280.81256,-0.02392
3280.10458,-0.02391
3279.39659,-0.0239
3278.6886,-0.0239
3277.98061,-0.02389
3277.27263,-0.02388
3276.56464,-0.02388
3275.85665,-0.02387
3275.14867,-0.02387
3274.44068,-0.02386
3273.73269,-0.02385
3273.0247,-0.02385
3272.31672,-0.02384
3271.60873,-0.02383
3270.90074,-0.02383
3270.19276,-0.02382
3269.48477,-0.02381
3268.77678,-0.0238
3268.06879,-0.02379
3267.36081,-0.02377
3266.65282,-0.02376
3265.94483,-0.02374
3265.23685,-0.02373
3264.52886,-0.02371
3263.82087,-0.02369
3263.11288,-0.02368
3262.4049,-0.02366
3261.69691,-0.02364
3260.98892,-0.02362
3260.28094,-0.02361
3259.57295,-0.02359
3258.86496,-0.02358
3258.15697,-0.02357
3257.44899,-0.02356
3256.741,-0.02355
3256.03301,-0.02355
3255.32503,-0.02355
3254.61704,-0.02355
3253.90905,-0.02355
3253.20106,-0.02356
3252.49308,-0.02357
3251.78509,-0.02358
3251.0771,-0.0236
3250.36912,-0.02361
3249.66113,-0.02363
3248.95314,-0.02365
3248.24515,-0.02367
3247.53717,-0.0237
3246.82918,-0.02372
3246.12119,-0.02375
3245.4132,-0.02378
3244.70522,-0.02381
3243.99723,-0.02384
3243.28924,-0.02387
3242.58126,-0.02389
3241.87327,-0.02392
3241.16528,-0.02395
3240.45729,-0.02397
3239.74931,-0.024
3239.04132,-0.02402
3238.33333,-0.02403
3237.62535,-0.02405
3236.91736,-0.02406
3236.20937,-0.02407
3235.50138,-0.02408
3234.7934,-0.02408
3234.08541,-0.02409
3233.37742,-0.02409
3232.66944,-0.02409
3231.96145,-0.02409
3231.25346,-0.02408
3230.54547,-0.02408
3229.83749,-0.02407
3229.1295,-0.02407
3228.42151,-0.02407
3227.71353,-0.02406
3227.00554,-0.02406
3226.29755,-0.02406
3225.58956,-0.02405
3224.88158,-0.02405
3224.17359,-0.02405
3223.4656,-0.02405
3222.75762,-0.02404
3222.04963,-0.02403
3221.34164,-0.02403
3220.63365,-0.02402
3219.92567,-0.024
3219.21768,-0.02399
3218.50969,-0.02397
3217.80171,-0.02395
3217.09372,-0.02392
3216.38573,-0.02389
3215.67774,-0.02387
3214.96976,-0.02383
3214.26177,-0.0238
3213.55378,-0.02377
3212.84579,-0.02373
3212.13781,-0.0237
3211.42982,-0.02367
3210.72183,-0.02363
3210.01385,-0.0236
3209.30586,-0.02357
3208.59787,-0.02354
3207.88988,-0.02351
3207.1819,-0.02348
3206.47391,-0.02346
3205.76592,-0.02343
3205.05794,-0.02341
3204.34995,-0.02339
3203.64196,-0.02337
3202.93397,-0.02334
3202.22599,-0.02332
3201.518,-0.0233
3200.81001,-0.02327
3200.10203,-0.02324
3199.39404,-0.02321
3198.68605,-0.02318
3197.97806,-0.02315
3197.27008,-0.02311
3196.56209,-0.02307
3195.8541,-0.02303
3195.14612,-0.02299
3194.43813,-0.02294
3193.73014,-0.02289
3193.02215,-0.02285
3192.31417,-0.0228
3191.60618,-0.02275
3190.89819,-0.02269
3190.19021,-0.02264
3189.48222,-0.02259
3188.77423,-0.02253
3188.06624,-0.02248
3187.35826,-0.02242
3186.65027,-0.02236
3185.94228,-0.0223
3185.2343,-0.02224
3184.52631,-0.02218
3183.81832,-0.02211
3183.11033,-0.02205
3182.40235,-0.02198
3181.69436,-0.02191
3180.98637,-0.02184
3180.27838,-0.02176
3179.5704,-0.02169
3178.86241,-0.02161
3178.15442,-0.02153
3177.44644,-0.02145
3176.73845,-0.02137
3176.03046,-0.02129
3175.32247,-0.02121
3174.61449,-0.02113
3173.9065,-0.02105
3173.19851,-0.02098
3172.49053,-0.0209
3171.78254,-0.02082
3171.07455,-0.02075
3170.36656,-0.02067
3169.65858,-0.0206
3168.95059,-0.02053
3168.2426,-0.02046
3167.53462,-0.02039
3166.82663,-0.02033
3166.11864,-0.02026
3165.41065,-0.0202
3164.70267,-0.02013
3163.99468,-0.02006
3163.28669,-0.01999
3162.57871,-0.01993
3161.87072,-0.01985
3161.16273,-0.01978
3160.45474,-0.01971
3159.74676,-0.01963
3159.03877,-0.01955
3158.33078,-0.01946
3157.6228,-0.01938
3156.91481,-0.01929
3156.20682,-0.0192
3155.49883,-0.0191
3154.79085,-0.01901
3154.08286,-0.01891
3153.37487,-0.01881
3152.66689,-0.0187
3151.9589,-0.0186
3151.25091,-0.01849
3150.54292,-0.01839
3149.83494,-0.01828
3149.12695,-0.01818
3148.41896,-0.01807
3147.71097,-0.01797
3147.00299,-0.01787
3146.295,-0.01776
3145.58701,-0.01766
3144.87903,-0.01756
3144.17104,-0.01746
3143.46305,-0.01736
3142.75506,-0.01727
3142.04708,-0.01717
3141.33909,-0.01707
3140.6311,-0.01698
3139.92312,-0.01688
3139.21513,-0.01679
3138.50714,-0.0167
3137.79915,-0.01661
3137.09117,-0.01652
3136.38318,-0.01643
3135.67519,-0.01634
3134.96721,-0.01625
3134.25922,-0.01616
3133.55123,-0.01607
3132.84324,-0.01599
3132.13526,-0.0159
3131.42727,-0.01582
3130.71928,-0.01574
3130.0113,-0.01565
3129.30331,-0.01557
3128.59532,-0.01548
3127.88733,-0.0154
3127.17935,-0.01532
3126.47136,-0.01523
3125.76337,-0.01515
3125.05539,-0.01506
3124.3474,-0.01498
3123.63941,-0.01489
3122.93142,-0.01481
3122.22344,-0.01472
3121.51545,-0.01463
3120.80746,-0.01454
3120.09948,-0.01446
3119.39149,-0.01437
3118.6835,-0.01428
3117.97551,-0.01419
3117.26753,-0.01411
3116.55954,-0.01402
3115.85155,-0.01394
3115.14356,-0.01385
3114.43558,-0.01377
3113.72759,-0.01369
3113.0196,-0.0136
3112.31162,-0.01352
3111.60363,-0.01344
3110.89564,-0.01336
3110.18765,-0.01328
3109.47967,-0.0132
3108.77168,-0.01312
3108.06369,-0.01304
3107.35571,-0.01295
3106.64772,-0.01287
3105.93973,-0.01278
3105.23174,-0.0127
3104.52376,-0.01261
3103.81577,-0.01252
3103.10778,-0.01244
3102.3998,-0.01235
3101.69181,-0.01226
3100.98382,-0.01217
3100.27583,-0.01209
3099.56785,-0.012
3098.85986,-0.01192
3098.15187,-0.01183
3097.44389,-0.01175
3096.7359,-0.01167
3096.02791,-0.0116
3095.31992,-0.01152
3094.61194,-0.01145
3093.90395,-0.01138
3093.19596,-0.01131
3092.48798,-0.01124
3091.77999,-0.01117
3091.072,-0.01111
3090.36401,-0.01104
3089.65603,-0.01098
3088.94804,-0.01091
3088.24005,-0.01084
3087.53207,-0.01078
3086.82408,-0.01071
3086.11609,-0.01064
3085.4081,-0.01056
3084.70012,-0.01049
3083.99213,-0.01042
3083.28414,-0.01034
3082.57615,-0.01026
3081.86817,-0.01019
3081.16018,-0.01011
3080.45219,-0.01003
3079.74421,-0.00995
3079.03622,-0.00987
3078.32823,-0.00979
3077.62024,-0.00971
3076.91226,-0.00963
3076.20427,-0.00956
3075.49628,-0.00948
3074.7883,-0.00941
3074.08031,-0.00934
3073.37232,-0.00926
3072.66433,-0.00919
3071.95635,-0.00912
3071.24836,-0.00906
3070.54037,-0.00899
3069.83239,-0.00892
3069.1244,-0.00886
3068.41641,-0.0088
3067.70842,-0.00873
3067.00044,-0.00867
3066.29245,-0.00861
3065.58446,-0.00854
3064.87648,-0.00848
3064.16849,-0.00842
3063.4605,-0.00836
3062.75251,-0.0083
3062.04453,-0.00824
3061.33654,-0.00818
3060.62855,-0.00812
3059.92057,-0.00806
3059.21258,-0.008
3058.50459,-0.00794
3057.7966,-0.00788
3057.08862,-0.00782
3056.38063,-0.00776
3055.67264,-0.0077
3054.96466,-0.00764
3054.25667,-0.00759
3053.54868,-0.00753
3052.84069,-0.00747
3052.13271,-0.00742
3051.42472,-0.00736
3050.71673,-0.00731
3050.00874,-0.00726
3049.30076,-0.0072
3048.59277,-0.00715
3047.88478,-0.0071
3047.1768,-0.00705
3046.46881,-0.007
3045.76082,-0.00695
3045.05283,-0.0069
3044.34485,-0.00685
3043.63686,-0.0068
3042.92887,-0.00674
3042.22089,-0.00669
3041.5129,-0.00664
3040.80491,-0.00659
3040.09692,-0.00653
3039.38894,-0.00647
3038.68095,-0.00642
3037.97296,-0.00636
3037.26498,-0.0063
3036.55699,-0.00623
3035.849,-0.00617
3035.14101,-0.0061
3034.43303,-0.00604
3033.72504,-0.00597
3033.01705,-0.0059
3032.30907,-0.00583
3031.60108,-0.00576
3030.89309,-0.00569
3030.1851,-0.00562
3029.47712,-0.00555
3028.76913,-0.00548
3028.06114,-0.0054
3027.35316,-0.00533
3026.64517,-0.00526
3025.93718,-0.00519
3025.22919,-0.00511
3024.52121,-0.00504
3023.81322,-0.00497
3023.10523,-0.00489
3022.39725,-0.00482
3021.68926,-0.00474
3020.98127,-0.00466
3020.27328,-0.00458
3019.5653,-0.0045
3018.85731,-0.00442
3018.14932,-0.00434
3017.44133,-0.00425
3016.73335,-0.00416
3016.02536,-0.00406
3015.31737,-0.00397
3014.60939,-0.00386
3013.9014,-0.00376
3013.19341,-0.00365
3012.48542,-0.00353
3011.77744,-0.00341
3011.06945,-0.00328
3010.36146,-0.00314
3009.65348,-0.003
3008.94549,-0.00284
3008.2375,-0.00268
3007.52951,-0.00251
3006.82153,-0.00232
3006.11354,-0.00213
3005.40555,-0.00192
3004.69757,-0.00169
3003.98958,-0.00145
3003.28159,-0.00119
3002.5736,-0.00091
3001.86562,-0.00062
3001.15763,-0.0003
3000.44964,0.00004
2999.74166,0.0004
2999.03367,0.00079
2998.32568,0.0012
2997.61769,0.00163
2996.90971,0.00209
2996.20172,0.00258
2995.49373,0.00309
2994.78575,0.00362
2994.07776,0.00418
2993.36977,0.00475
2992.66178,0.00535
2991.9538,0.00596
2991.24581,0.00658
2990.53782,0.00721
2989.82984,0.00783
2989.12185,0.00846
2988.41386,0.00906
2987.70587,0.00964
2986.99789,0.01019
2986.2899,0.0107
2985.58191,0.01116
2984.87392,0.01156
2984.16594,0.0119
2983.45795,0.01217
2982.74996,0.01236
2982.04198,0.01249
2981.33399,0.01254
2980.626,0.01252
2979.91801,0.01243
2979.21003,0.01227
2978.50204,0.01206
2977.79405,0.01179
2977.08607,0.01148
2976.37808,0.01114
2975.67009,0.01076
2974.9621,0.01036
2974.25412,0.00994
2973.54613,0.00951
2972.83814,0.00908
2972.13016,0.00865
2971.42217,0.00823
2970.71418,0.00782
2970.00619,0.00743
2969.29821,0.00706
2968.59022,0.00671
2967.88223,0.00638
2967.17425,0.00607
2966.46626,0.00579
2965.75827,0.00553
2965.05028,0.00529
2964.3423,0.00508
2963.63431,0.00489
2962.92632,0.00473
2962.21834,0.00458
2961.51035,0.00446
2960.80236,0.00435
2960.09437,0.00427
2959.38639,0.0042
2958.6784,0.00416
2957.97041,0.00413
2957.26243,0.00411
2956.55444,0.00411
2955.84645,0.00412
2955.13846,0.00415
2954.43048,0.00418
2953.72249,0.00422
2953.0145,0.00427
2952.30651,0.00432
2951.59853,0.00437
2950.89054,0.00443
2950.18255,0.00449
2949.47457,0.00455
2948.76658,0.00461
2948.05859,0.00467
2947.3506,0.00473
2946.64262,0.00479
2945.93463,0.00484
2945.22664,0.0049
2944.51866,0.00495
2943.81067,0.00499
2943.10268,0.00504
2942.39469,0.00508
2941.68671,0.00512
2940.97872,0.00516
2940.27073,0.00519
2939.56275,0.00522
2938.85476,0.00524
2938.14677,0.00526
2937.43878,0.00528
2936.7308,0.0053
2936.02281,0.00531
2935.31482,0.00532
2934.60684,0.00532
2933.89885,0.00533
2933.19086,0.00533
2932.48287,0.00532
2931.77489,0.00531
2931.0669,0.0053
2930.35891,0.00529
2929.65093,0.00527
2928.94294,0.00526
2928.23495,0.00524
2927.52696,0.00522
2926.81898,0.00521
2926.11099,0.00519
2925.403,0.00519
2924.69502,0.00518
2923.98703,0.00519
2923.27904,0.0052
2922.57105,0.00521
2921.86307,0.00524
2921.15508,0.00527
2920.44709,0.00532
2919.7391,0.00537
2919.03112,0.00543
2918.32313,0.00551
2917.61514,0.00559
2916.90716,0.00569
2916.19917,0.00579
2915.49118,0.0059
2914.78319,0.00602
2914.07521,0.00615
2913.36722,0.00629
2912.65923,0.00643
2911.95125,0.00657
2911.24326,0.0067
2910.53527,0.00684
2909.82728,0.00697
2909.1193,0.0071
2908.41131,0.00722
2907.70332,0.00732
2906.99534,0.00742
2906.28735,0.0075
2905.57936,0.00756
2904.87137,0.00761
2904.16339,0.00765
2903.4554,0.00767
2902.74741,0.00767
2902.03943,0.00766
2901.33144,0.00763
2900.62345,0.00759
2899.91546,0.00754
2899.20748,0.00748
2898.49949,0.00742
2897.7915,0.00734
2897.08352,0.00726
2896.37553,0.00718
2895.66754,0.00709
2894.95955,0.00701
2894.25157,0.00693
2893.54358,0.00685
2892.83559,0.00677
2892.12761,0.0067
2891.41962,0.00663
2890.71163,0.00657
2890.00364,0.00651
2889.29566,0.00645
2888.58767,0.0064
2887.87968,0.00635
2887.17169,0.0063
2886.46371,0.00625
2885.75572,0.0062
2885.04773,0.00616
2884.33975,0.00611
2883.63176,0.00606
2882.92377,0.00601
2882.21578,0.00595
2881.5078,0.00589
2880.79981,0.00582
2880.09182,0.00575
2879.38384,0.00566
2878.67585,0.00557
2877.96786,0.00548
2877.25987,0.00538
2876.55189,0.00527
2875.8439,0.00516
2875.13591,0.00505
2874.42793,0.00494
2873.71994,0.00482
2873.01195,0.00471
2872.30396,0.00461
2871.59598,0.0045
2870.88799,0.0044
2870.18,0.00431
2869.47202,0.00422
2868.76403,0.00414
2868.05604,0.00406
2867.34805,0.00399
2866.64007,0.00393
2865.93208,0.00387
2865.22409,0.00381
2864.51611,0.00375
2863.80812,0.0037
2863.10013,0.00365
2862.39214,0.00361
2861.68416,0.00356
2860.97617,0.00352
2860.26818,0.00347
2859.5602,0.00343
2858.85221,0.00339
2858.14422,0.00334
2857.43623,0.0033
2856.72825,0.00326
2856.02026,0.00321
2855.31227,0.00317
2854.60428,0.00312
2853.8963,0.00307
2853.18831,0.00303
2852.48032,0.00298
2851.77234,0.00293
2851.06435,0.00289
2850.35636,0.00285
2849.64837,0.0028
2848.94039,0.00277
2848.2324,0.00273
2847.52441,0.0027
2846.81643,0.00267
2846.10844,0.00265
2845.40045,0.00263
2844.69246,0.00261
2843.98448,0.00259
2843.27649,0.00258
2842.5685,0.00257
2841.86052,0.00256
2841.15253,0.00255
2840.44454,0.00254
2839.73655,0.00253
2839.02857,0.00252
2838.32058,0.00251
2837.61259,0.00249
2836.90461,0.00248
2836.19662,0.00247
2835.48863,0.00245
2834.78064,0.00244
2834.07266,0.00242
2833.36467,0.00241
2832.65668,0.00239
2831.9487,0.00237
2831.24071,0.00234
2830.53272,0.00232
2829.82473,0.00229
2829.11675,0.00226
2828.40876,0.00223
2827.70077,0.0022
2826.99279,0.00216
2826.2848,0.00213
2825.57681,0.0021
2824.86882,0.00206
2824.16084,0.00203
2823.45285,0.00201
2822.74486,0.00198
2822.03687,0.00196
2821.32889,0.00194
2820.6209,0.00192
2819.91291,0.0019
2819.20493,0.00189
2818.49694,0.00187
2817.78895,0.00186
2817.08096,0.00185
2816.37298,0.00183
2815.66499,0.00181
2814.957,0.00179
2814.24902,0.00177
2813.54103,0.00174
2812.83304,0.00172
2812.12505,0.00169
2811.41707,0.00166
2810.70908,0.00163
2810.00109,0.0016
2809.29311,0.00157
2808.58512,0.00154
2807.87713,0.0015
2807.16914,0.00148
2806.46116,0.00145
2805.75317,0.00142
2805.04518,0.00139
2804.3372,0.00137
2803.62921,0.00135
2802.92122,0.00132
2802.21323,0.0013
2801.50525,0.00128
2800.79726,0.00126
2800.08927,0.00124
2799.38129,0.00122
2798.6733,0.0012
2797.96531,0.00118
2797.25732,0.00116
2796.54934,0.00113
2795.84135,0.00111
2795.13336,0.00109
2794.42538,0.00106
2793.71739,0.00104
2793.0094,0.00102
2792.30141,0.00099
2791.59343,0.00097
2790.88544,0.00095
2790.17745,0.00093
2789.46946,0.00091
2788.76148,0.00089
2788.05349,0.00087
2787.3455,0.00085
2786.63752,0.00084
2785.92953,0.00082
2785.22154,0.0008
2784.51355,0.00079
2783.80557,0.00078
2783.09758,0.00076
2782.38959,0.00075
2781.68161,0.00074
2780.97362,0.00073
2780.26563,0.00072
2779.55764,0.00071
2778.84966,0.0007
2778.14167,0.00069
2777.43368,0.00069
2776.7257,0.00069
2776.01771,0.00068
2775.30972,0.00069
2774.60173,0.00069
2773.89375,0.00069
2773.18576,0.0007
2772.47777,0.0007
2771.76979,0.00071
2771.0618,0.00072
2770.35381,0.00072
2769.64582,0.00073
2768.93784,0.00073
2768.22985,0.00073
2767.52186,0.00073
2766.81388,0.00073
2766.10589,0.00073
2765.3979,0.00072
2764.68991,0.00071
2763.98193,0.0007
2763.27394,0.00068
2762.56595,0.00067
2761.85797,0.00066
2761.14998,0.00064
2760.44199,0.00063
2759.734,0.00062
2759.02602,0.00061
2758.31803,0.00061
2757.61004,0.00061
2756.90205,0.00062
2756.19407,0.00063
2755.48608,0.00064
2754.77809,0.00065
2754.07011,0.00066
2753.36212,0.00068
2752.65413,0.00069
2751.94614,0.0007
2751.23816,0.00071
2750.53017,0.00071
2749.82218,0.00071
2749.1142,0.00071
2748.40621,0.00071
2747.69822,0.0007
2746.99023,0.0007
2746.28225,0.00069
2745.57426,0.00068
2744.86627,0.00068
2744.15829,0.00067
2743.4503,0.00067
2742.74231,0.00066
2742.03432,0.00066
2741.32634,0.00065
2740.61835,0.00065
2739.91036,0.00065
2739.20238,0.00064
2738.49439,0.00064
2737.7864,0.00063
2737.07841,0.00063
2736.37043,0.00062
2735.66244,0.00061
2734.95445,0.00061
2734.24647,0.0006
2733.53848,0.0006
2732.83049,0.00059
2732.1225,0.00059
2731.41452,0.00058
2730.70653,0.00057
2729.99854,0.00056
2729.29056,0.00055
2728.58257,0.00054
2727.87458,0.00052
2727.16659,0.0005
2726.45861,0.00048
2725.75062,0.00046
2725.04263,0.00043
2724.33464,0.00041
2723.62666,0.00038
2722.91867,0.00035
2722.21068,0.00033
2721.5027,0.0003
2720.79471,0.00028
2720.08672,0.00026
2719.37873,0.00024
2718.67075,0.00022
2717.96276,0.00021
2717.25477,0.0002
2716.54679,0.0002
2715.8388,0.0002
2715.13081,0.0002
2714.42282,0.0002
2713.71484,0.00021
2713.00685,0.00021
2712.29886,0.00022
2711.59088,0.00023
2710.88289,0.00024
2710.1749,0.00024
2709.46691,0.00024
2708.75893,0.00025
2708.05094,0.00025
2707.34295,0.00024
2706.63497,0.00024
2705.92698,0.00023
2705.21899,0.00021
2704.511,0.0002
2703.80302,0.00019
2703.09503,0.00017
2702.38704,0.00015
2701.67906,0.00014
2700.97107,0.00012
2700.26308,0.00011
2699.55509,0.0001
2698.84711,0.00009
2698.13912,0.00008
2697.43113,0.00007
2696.72315,0.00006
2696.01516,0.00006
2695.30717,0.00005
2694.59918,0.00005
2693.8912,0.00005
2693.18321,0.00005
2692.47522,0.00005
2691.76723,0.00005
2691.05925,0.00005
2690.35126,0.00005
2689.64327,0.00006
2688.93529,0.00006
2688.2273,0.00007
2687.51931,0.00008
2686.81132,0.00008
2686.10334,0.00008
2685.39535,0.00009
2684.68736,0.00009
2683.97938,0.00008
2683.27139,0.00008
2682.5634,0.00007
2681.85541,0.00006
2681.14743,0.00006
2680.43944,0.00005
2679.73145,0.00003
2679.02347,0.00002
2678.31548,0.00001
2677.60749,0
2676.8995,-0.00001
2676.19152,-0.00002
2675.48353,-0.00003
2674.77554,-0.00003
2674.06756,-0.00004
2673.35957,-0.00005
2672.65158,-0.00006
2671.94359,-0.00006
2671.23561,-0.00007
2670.52762,-0.00008
2669.81963,-0.00008
2669.11165,-0.00008
2668.40366,-0.00008
2667.69567,-0.00008
2666.98768,-0.00008
2666.2797,-0.00008
2665.57171,-0.00008
2664.86372,-0.00008
2664.15574,-0.00008
2663.44775,-0.00008
2662.73976,-0.00008
2662.03177,-0.00009
2661.32379,-0.00009
2660.6158,-0.0001
2659.90781,-0.0001
2659.19982,-0.00011
2658.49184,-0.00012
2657.78385,-0.00013
2657.07586,-0.00014
2656.36788,-0.00015
2655.65989,-0.00017
2654.9519,-0.00018
2654.24391,-0.0002
2653.53593,-0.00022
2652.82794,-0.00024
2652.11995,-0.00026
2651.41197,-0.00028
2650.70398,-0.00029
2649.99599,-0.00031
2649.288,-0.00033
2648.58002,-0.00034
2647.87203,-0.00035
2647.16404,-0.00036
2646.45606,-0.00036
2645.74807,-0.00036
2645.04008,-0.00037
2644.33209,-0.00036
2643.62411,-0.00036
2642.91612,-0.00036
2642.20813,-0.00036
2641.50015,-0.00036
2640.79216,-0.00037
2640.08417,-0.00037
2639.37618,-0.00038
2638.6682,-0.00039
2637.96021,-0.0004
2637.25222,-0.00042
2636.54424,-0.00043
2635.83625,-0.00045
2635.12826,-0.00047
2634.42027,-0.00049
2633.71229,-0.00051
2633.0043,-0.00053
2632.29631,-0.00055
2631.58833,-0.00056
2630.88034,-0.00058
2630.17235,-0.00059
2629.46436,-0.0006
2628.75638,-0.0006
2628.04839,-0.00061
2627.3404,-0.00061
2626.63241,-0.00061
2625.92443,-0.0006
2625.21644,-0.0006
2624.50845,-0.00059
2623.80047,-0.00058
2623.09248,-0.00056
2622.38449,-0.00055
2621.6765,-0.00053
2620.96852,-0.00052
2620.26053,-0.0005
2619.55254,-0.00049
2618.84456,-0.00047
2618.13657,-0.00046
2617.42858,-0.00046
2616.72059,-0.00045
2616.01261,-0.00046
2615.30462,-0.00046
2614.59663,-0.00047
2613.88865,-0.00049
2613.18066,-0.0005
2612.47267,-0.00052
2611.76468,-0.00054
2611.0567,-0.00055
2610.34871,-0.00056
2609.64072,-0.00057
2608.93274,-0.00058
2608.22475,-0.00059
2607.51676,-0.00059
2606.80877,-0.00059
2606.10079,-0.00059
2605.3928,-0.00059
2604.68481,-0.00059
2603.97683,-0.0006
2603.26884,-0.0006
2602.56085,-0.00061
2601.85286,-0.00061
2601.14488,-0.00062
2600.43689,-0.00063
2599.7289,-0.00064
2599.02092,-0.00065
2598.31293,-0.00066
2597.60494,-0.00067
2596.89695,-0.00067
2596.18897,-0.00068
2595.48098,-0.00068
2594.77299,-0.00068
2594.065,-0.00068
2593.35702,-0.00068
2592.64903,-0.00067
2591.94104,-0.00066
2591.23306,-0.00065
2590.52507,-0.00064
2589.81708,-0.00063
2589.10909,-0.00062
2588.40111,-0.0006
2587.69312,-0.00059
2586.98513,-0.00059
2586.27715,-0.00058
2585.56916,-0.00058
2584.86117,-0.00058
2584.15318,-0.00058
2583.4452,-0.00058
2582.73721,-0.00058
2582.02922,-0.00058
2581.32124,-0.00058
2580.61325,-0.00057
2579.90526,-0.00056
2579.19727,-0.00055
2578.48929,-0.00054
2577.7813,-0.00052
2577.07331,-0.00051
2576.36533,-0.0005
2575.65734,-0.00049
2574.94935,-0.00049
2574.24136,-0.00049
2573.53338,-0.0005
2572.82539,-0.00051
2572.1174,-0.00053
2571.40942,-0.00056
2570.70143,-0.00059
2569.99344,-0.00063
2569.28545,-0.00066
2568.57747,-0.0007
2567.86948,-0.00073
2567.16149,-0.00077
2566.45351,-0.0008
2565.74552,-0.00082
2565.03753,-0.00084
2564.32954,-0.00086
2563.62156,-0.00087
2562.91357,-0.00088
2562.20558,-0.00088
2561.49759,-0.00088
2560.78961,-0.00088
2560.08162,-0.00087
2559.37363,-0.00087
2558.66565,-0.00086
2557.95766,-0.00085
2557.24967,-0.00084
2556.54168,-0.00083
2555.8337,-0.00082
2555.12571,-0.00081
2554.41772,-0.00079
2553.70974,-0.00078
2553.00175,-0.00077
2552.29376,-0.00075
2551.58577,-0.00074
2550.87779,-0.00073
2550.1698,-0.00071
2549.46181,-0.0007
2548.75383,-0.00069
2548.04584,-0.00069
2547.33785,-0.00069
2546.62986,-0.00069
2545.92188,-0.00069
2545.21389,-0.0007
2544.5059,-0.00071
2543.79792,-0.00072
2543.08993,-0.00073
2542.38194,-0.00074
2541.67395,-0.00074
2540.96597,-0.00074
2540.25798,-0.00073
2539.54999,-0.00072
2538.84201,-0.00071
2538.13402,-0.00069
2537.42603,-0.00066
2536.71804,-0.00064
2536.01006,-0.00061
2535.30207,-0.00058
2534.59408,-0.00056
2533.8861,-0.00055
2533.17811,-0.00053
2532.47012,-0.00053
2531.76213,-0.00053
2531.05415,-0.00053
2530.34616,-0.00054
2529.63817,-0.00056
2528.93018,-0.00058
2528.2222,-0.00061
2527.51421,-0.00063
2526.80622,-0.00066
2526.09824,-0.0007
2525.39025,-0.00073
2524.68226,-0.00076
2523.97427,-0.00079
2523.26629,-0.00081
2522.5583,-0.00083
2521.85031,-0.00085
2521.14233,-0.00086
2520.43434,-0.00086
2519.72635,-0.00086
2519.01836,-0.00086
2518.31038,-0.00084
2517.60239,-0.00082
2516.8944,-0.0008
2516.18642,-0.00078
2515.47843,-0.00075
2514.77044,-0.00073
2514.06245,-0.0007
2513.35447,-0.00068
2512.64648,-0.00067
2511.93849,-0.00066
2511.23051,-0.00065
2510.52252,-0.00065
2509.81453,-0.00066
2509.10654,-0.00067
2508.39856,-0.00069
2507.69057,-0.0007
2506.98258,-0.00072
2506.2746,-0.00074
2505.56661,-0.00076
2504.85862,-0.00078
2504.15063,-0.0008
2503.44265,-0.00081
2502.73466,-0.00082
2502.02667,-0.00083
2501.31869,-0.00084
2500.6107,-0.00085
2499.90271,-0.00085
2499.19472,-0.00086
2498.48674,-0.00086
2497.77875,-0.00086
2497.07076,-0.00086
2496.36277,-0.00085
2495.65479,-0.00085
2494.9468,-0.00084
2494.23881,-0.00084
2493.53083,-0.00083
2492.82284,-0.00082
2492.11485,-0.00081
2491.40686,-0.00079
2490.69888,-0.00078
2489.99089,-0.00077
2489.2829,-0.00076
2488.57492,-0.00075
2487.86693,-0.00075
2487.15894,-0.00075
2486.45095,-0.00075
2485.74297,-0.00075
2485.03498,-0.00076
2484.32699,-0.00076
2483.61901,-0.00077
2482.91102,-0.00079
2482.20303,-0.0008
2481.49504,-0.00082
2480.78706,-0.00083
2480.07907,-0.00085
2479.37108,-0.00087
2478.6631,-0.0009
2477.95511,-0.00092
2477.24712,-0.00095
2476.53913,-0.00097
2475.83115,-0.001
2475.12316,-0.00103
2474.41517,-0.00106
2473.70719,-0.00108
2472.9992,-0.0011
2472.29121,-0.00112
2471.58322,-0.00114
2470.87524,-0.00115
2470.16725,-0.00115
2469.45926,-0.00115
2468.75128,-0.00115
2468.04329,-0.00114
2467.3353,-0.00114
2466.62731,-0.00113
2465.91933,-0.00113
2465.21134,-0.00113
2464.50335,-0.00113
2463.79536,-0.00114
2463.08738,-0.00116
2462.37939,-0.00118
2461.6714,-0.00121
2460.96342,-0.00124
2460.25543,-0.00128
2459.54744,-0.00132
2458.83945,-0.00135
2458.13147,-0.00139
2457.42348,-0.00142
2456.71549,-0.00144
2456.00751,-0.00145
2455.29952,-0.00145
2454.59153,-0.00144
2453.88354,-0.00142
2453.17556,-0.0014
2452.46757,-0.00137
2451.75958,-0.00133
2451.0516,-0.00129
2450.34361,-0.00125
2449.63562,-0.00122
2448.92763,-0.00119
2448.21965,-0.00116
2447.51166,-0.00114
2446.80367,-0.00113
2446.09569,-0.00113
2445.3877,-0.00113
2444.67971,-0.00113
2443.97172,-0.00114
2443.26374,-0.00114
2442.55575,-0.00115
2441.84776,-0.00116
2441.13978,-0.00116
2440.43179,-0.00117
2439.7238,-0.00117
2439.01581,-0.00117
2438.30783,-0.00117
2437.59984,-0.00117
2436.89185,-0.00117
2436.18387,-0.00117
2435.47588,-0.00117
2434.76789,-0.00117
2434.0599,-0.00117
2433.35192,-0.00117
2432.64393,-0.00117
2431.93594,-0.00117
2431.22795,-0.00117
2430.51997,-0.00117
2429.81198,-0.00117
2429.10399,-0.00116
2428.39601,-0.00116
2427.68802,-0.00115
2426.98003,-0.00114
2426.27204,-0.00114
2425.56406,-0.00113
2424.85607,-0.00112
2424.14808,-0.00112
2423.4401,-0.00112
2422.73211,-0.00112
2422.02412,-0.00112
2421.31613,-0.00113
2420.60815,-0.00114
2419.90016,-0.00116
2419.19217,-0.00118
2418.48419,-0.0012
2417.7762,-0.00122
2417.06821,-0.00125
2416.36022,-0.00127
2415.65224,-0.00129
2414.94425,-0.0013
2414.23626,-0.00131
2413.52828,-0.00132
2412.82029,-0.00132
2412.1123,-0.00132
2411.40431,-0.00131
2410.69633,-0.0013
2409.98834,-0.00129
2409.28035,-0.00128
2408.57237,-0.00126
2407.86438,-0.00125
2407.15639,-0.00124
2406.4484,-0.00123
2405.74042,-0.00122
2405.03243,-0.00121
2404.32444,-0.00121
2403.61646,-0.00121
2402.90847,-0.00121
2402.20048,-0.00121
2401.49249,-0.00121
2400.78451,-0.00121
2400.07652,-0.00122
2399.36853,-0.00122
2398.66054,-0.00122
2397.95256,-0.00122
2397.24457,-0.00121
2396.53658,-0.00121
2395.8286,-0.0012
2395.12061,-0.00119
2394.41262,-0.00118
2393.70463,-0.00117
2392.99665,-0.00115
2392.28866,-0.00113
2391.58067,-0.00111
2390.87269,-0.00109
2390.1647,-0.00106
2389.45671,-0.00103
2388.74872,-0.001
2388.04074,-0.00097
2387.33275,-0.00093
2386.62476,-0.00089
2385.91678,-0.00086
2385.20879,-0.00082
2384.5008,-0.00078
2383.79281,-0.00075
2383.08483,-0.00071
2382.37684,-0.00068
2381.66885,-0.00065
2380.96087,-0.00063
2380.25288,-0.0006
2379.54489,-0.00058
2378.8369,-0.00057
2378.12892,-0.00056
2377.42093,-0.00056
2376.71294,-0.00056
2376.00496,-0.00057
2375.29697,-0.00059
2374.58898,-0.00061
2373.88099,-0.00063
2373.17301,-0.00066
2372.46502,-0.0007
2371.75703,-0.00073
2371.04905,-0.00078
2370.34106,-0.00082
2369.63307,-0.00087
2368.92508,-0.00091
2368.2171,-0.00096
2367.50911,-0.001
2366.80112,-0.00105
2366.09313,-0.00108
2365.38515,-0.00112
2364.67716,-0.00115
2363.96917,-0.00117
2363.26119,-0.00118
2362.5532,-0.00119
2361.84521,-0.00119
2361.13722,-0.00119
2360.42924,-0.00117
2359.72125,-0.00116
2359.01326,-0.00113
2358.30528,-0.0011
2357.59729,-0.00107
2356.8893,-0.00103
2356.18131,-0.00099
2355.47333,-0.00095
2354.76534,-0.00091
2354.05735,-0.00088
2353.34937,-0.00084
2352.64138,-0.00081
2351.93339,-0.00078
2351.2254,-0.00076
2350.51742,-0.00075
2349.80943,-0.00074
2349.10144,-0.00074
2348.39346,-0.00075
2347.68547,-0.00076
2346.97748,-0.00078
2346.26949,-0.00081
2345.56151,-0.00084
2344.85352,-0.00087
2344.14553,-0.0009
2343.43755,-0.00093
2342.72956,-0.00096
2342.02157,-0.00099
2341.31358,-0.00102
2340.6056,-0.00104
2339.89761,-0.00106
2339.18962,-0.00107
2338.48164,-0.00108
2337.77365,-0.00109
2337.06566,-0.0011
2336.35767,-0.0011
2335.64969,-0.0011
2334.9417,-0.00109
2334.23371,-0.00109
2333.52572,-0.00108
2332.81774,-0.00106
2332.10975,-0.00105
2331.40176,-0.00103
2330.69378,-0.00101
2329.98579,-0.00099
2329.2778,-0.00097
2328.56981,-0.00095
2327.86183,-0.00092
2327.15384,-0.00089
2326.44585,-0.00086
2325.73787,-0.00082
2325.02988,-0.00078
2324.32189,-0.00075
2323.6139,-0.0007
2322.90592,-0.00066
2322.19793,-0.00061
2321.48994,-0.00057
2320.78196,-0.00052
2320.07397,-0.00047
2319.36598,-0.00042
2318.65799,-0.00037
2317.95001,-0.00032
2317.24202,-0.00028
2316.53403,-0.00023
2315.82605,-0.00019
2315.11806,-0.00016
2314.41007,-0.00013
2313.70208,-0.00011
2312.9941,-0.00009
2312.28611,-0.00008
2311.57812,-0.00008
2310.87014,-0.00009
2310.16215,-0.0001
2309.45416,-0.00012
2308.74617,-0.00015
2308.03819,-0.00018
2307.3302,-0.00022
2306.62221,-0.00027
2305.91423,-0.00032
2305.20624,-0.00037
2304.49825,-0.00043
2303.79026,-0.00049
2303.08228,-0.00055
2302.37429,-0.00061
2301.6663,-0.00067
2300.95831,-0.00073
2300.25033,-0.00079
2299.54234,-0.00085
2298.83435,-0.0009
2298.12637,-0.00096
2297.41838,-0.00101
2296.71039,-0.00106
2296.0024,-0.00111
2295.29442,-0.00115
2294.58643,-0.0012
2293.87844,-0.00124
2293.17046,-0.00129
2292.46247,-0.00133
2291.75448,-0.00137
2291.04649,-0.00141
2290.33851,-0.00145
2289.63052,-0.00149
2288.92253,-0.00153
2288.21455,-0.00157
2287.50656,-0.00161
2286.79857,-0.00165
2286.09058,-0.00169
2285.3826,-0.00172
2284.67461,-0.00176
2283.96662,-0.00179
2283.25864,-0.00183
2282.55065,-0.00186
2281.84266,-0.00188
2281.13467,-0.00191
2280.42669,-0.00193
2279.7187,-0.00195
2279.01071,-0.00196
2278.30273,-0.00197
2277.59474,-0.00198
2276.88675,-0.00198
2276.17876,-0.00198
2275.47078,-0.00198
2274.76279,-0.00197
2274.0548,-0.00196
2273.34682,-0.00195
2272.63883,-0.00193
2271.93084,-0.00192
2271.22285,-0.0019
2270.51487,-0.00188
2269.80688,-0.00186
2269.09889,-0.00184
2268.3909,-0.00182
2267.68292,-0.00179
2266.97493,-0.00177
2266.26694,-0.00175
2265.55896,-0.00173
2264.85097,-0.00171
2264.14298,-0.00169
2263.43499,-0.00167
2262.72701,-0.00165
2262.01902,-0.00164
2261.31103,-0.00162
2260.60305,-0.00161
2259.89506,-0.0016
2259.18707,-0.00159
2258.47908,-0.00158
2257.7711,-0.00157
2257.06311,-0.00157
2256.35512,-0.00156
2255.64714,-0.00155
2254.93915,-0.00155
2254.23116,-0.00155
2253.52317,-0.00155
2252.81519,-0.00155
2252.1072,-0.00155
2251.39921,-0.00155
2250.69123,-0.00156
2249.98324,-0.00156
2249.27525,-0.00157
2248.56726,-0.00158
2247.85928,-0.0016
2247.15129,-0.00162
2246.4433,-0.00165
2245.73532,-0.00168
2245.02733,-0.00171
2244.31934,-0.00174
2243.61135,-0.00177
2242.90337,-0.0018
2242.19538,-0.00183
2241.48739,-0.00185
2240.77941,-0.00187
2240.07142,-0.00187
2239.36343,-0.00187
2238.65544,-0.00186
2237.94746,-0.00185
2237.23947,-0.00182
2236.53148,-0.00179
2235.82349,-0.00175
2235.11551,-0.0017
2234.40752,-0.00166
2233.69953,-0.00161
2232.99155,-0.00156
2232.28356,-0.00151
2231.57557,-0.00147
2230.86758,-0.00144
2230.1596,-0.00141
2229.45161,-0.00139
2228.74362,-0.00139
2228.03564,-0.00138
2227.32765,-0.00139
2226.61966,-0.0014
2225.91167,-0.00142
2225.20369,-0.00144
2224.4957,-0.00147
2223.78771,-0.00149
2223.07973,-0.00152
2222.37174,-0.00155
2221.66375,-0.00158
2220.95576,-0.0016
2220.24778,-0.00163
2219.53979,-0.00167
2218.8318,-0.0017
2218.12382,-0.00174
2217.41583,-0.00178
2216.70784,-0.00182
2215.99985,-0.00186
2215.29187,-0.00191
2214.58388,-0.00195
2213.87589,-0.002
2213.16791,-0.00204
2212.45992,-0.00207
2211.75193,-0.0021
2211.04394,-0.00212
2210.33596,-0.00213
2209.62797,-0.00213
2208.91998,-0.00213
2208.212,-0.00212
2207.50401,-0.00211
2206.79602,-0.00209
2206.08803,-0.00207
2205.38005,-0.00204
2204.67206,-0.00202
2203.96407,-0.002
2203.25608,-0.00199
2202.5481,-0.00197
2201.84011,-0.00197
2201.13212,-0.00196
2200.42414,-0.00196
2199.71615,-0.00196
2199.00816,-0.00197
2198.30017,-0.00197
2197.59219,-0.00198
2196.8842,-0.00199
2196.17621,-0.00201
2195.46823,-0.00203
2194.76024,-0.00205
2194.05225,-0.00208
2193.34426,-0.00211
2192.63628,-0.00215
2191.92829,-0.00218
2191.2203,-0.00222
2190.51232,-0.00225
2189.80433,-0.00227
2189.09634,-0.00228
2188.38835,-0.00227
2187.68037,-0.00226
2186.97238,-0.00222
2186.26439,-0.00217
2185.55641,-0.00211
2184.84842,-0.00204
2184.14043,-0.00196
2183.43244,-0.00188
2182.72446,-0.00181
2182.01647,-0.00174
2181.30848,-0.00169
2180.6005,-0.00166
2179.89251,-0.00165
2179.18452,-0.00166
2178.47653,-0.00169
2177.76855,-0.00174
2177.06056,-0.00181
2176.35257,-0.00189
2175.64459,-0.00198
2174.9366,-0.00208
2174.22861,-0.00218
2173.52062,-0.00228
2172.81264,-0.00239
2172.10465,-0.00249
2171.39666,-0.00258
2170.68867,-0.00266
2169.98069,-0.00273
2169.2727,-0.00278
2168.56471,-0.0028
2167.85673,-0.0028
2167.14874,-0.00277
2166.44075,-0.0027
2165.73276,-0.0026
2165.02478,-0.00247
2164.31679,-0.00231
2163.6088,-0.00212
2162.90082,-0.00192
2162.19283,-0.00172
2161.48484,-0.00153
2160.77685,-0.00137
2160.06887,-0.00123
2159.36088,-0.00114
2158.65289,-0.0011
2157.94491,-0.00111
2157.23692,-0.00116
2156.52893,-0.00126
2155.82094,-0.0014
2155.11296,-0.00155
2154.40497,-0.00172
2153.69698,-0.0019
2152.989,-0.00206
2152.28101,-0.00222
2151.57302,-0.00237
2150.86503,-0.00249
2150.15705,-0.0026
2149.44906,-0.00269
2148.74107,-0.00276
2148.03309,-0.00281
2147.3251,-0.00284
2146.61711,-0.00285
2145.90912,-0.00285
2145.20114,-0.00283
2144.49315,-0.00279
2143.78516,-0.00274
2143.07718,-0.00267
2142.36919,-0.00259
2141.6612,-0.0025
2140.95321,-0.00241
2140.24523,-0.00231
2139.53724,-0.00221
2138.82925,-0.00211
2138.12126,-0.00202
2137.41328,-0.00194
2136.70529,-0.00187
2135.9973,-0.00182
2135.28932,-0.00178
2134.58133,-0.00176
2133.87334,-0.00176
2133.16535,-0.00178
2132.45737,-0.00181
2131.74938,-0.00185
2131.04139,-0.00191
2130.33341,-0.00197
2129.62542,-0.00204
2128.91743,-0.00212
2128.20944,-0.00219
2127.50146,-0.00226
2126.79347,-0.00232
2126.08548,-0.00237
2125.3775,-0.00241
2124.66951,-0.00244
2123.96152,-0.00245
2123.25353,-0.00245
2122.54555,-0.00244
2121.83756,-0.00241
2121.12957,-0.00237
2120.42159,-0.00233
2119.7136,-0.00228
2119.00561,-0.00223
2118.29762,-0.00218
2117.58964,-0.00214
2116.88165,-0.0021
2116.17366,-0.00208
2115.46568,-0.00206
2114.75769,-0.00205
2114.0497,-0.00206
2113.34171,-0.00208
2112.63373,-0.00211
2111.92574,-0.00215
2111.21775,-0.00219
2110.50977,-0.00224
2109.80178,-0.0023
2109.09379,-0.00236
2108.3858,-0.00242
2107.67782,-0.00247
2106.96983,-0.00253
2106.26184,-0.00258
2105.55385,-0.00263
2104.84587,-0.00268
2104.13788,-0.00272
2103.42989,-0.00276
2102.72191,-0.00279
2102.01392,-0.00282
2101.30593,-0.00285
2100.59794,-0.00287
2099.88996,-0.0029
2099.18197,-0.00291
2098.47398,-0.00293
2097.766,-0.00294
2097.05801,-0.00295
2096.35002,-0.00297
2095.64203,-0.00298
2094.93405,-0.00299
2094.22606,-0.003
2093.51807,-0.00302
2092.81009,-0.00304
2092.1021,-0.00305
2091.39411,-0.00307
2090.68612,-0.0031
2089.97814,-0.00312
2089.27015,-0.00314
2088.56216,-0.00317
2087.85418,-0.00319
2087.14619,-0.00322
2086.4382,-0.00324
2085.73021,-0.00327
2085.02223,-0.00329
2084.31424,-0.0033
2083.60625,-0.00332
2082.89827,-0.00333
2082.19028,-0.00334
2081.48229,-0.00334
2080.7743,-0.00334
2080.06632,-0.00333
2079.35833,-0.00332
2078.65034,-0.00331
2077.94236,-0.00329
2077.23437,-0.00327
2076.52638,-0.00325
2075.81839,-0.00322
2075.11041,-0.0032
2074.40242,-0.00318
2073.69443,-0.00315
2072.98644,-0.00313
2072.27846,-0.00311
2071.57047,-0.00309
2070.86248,-0.00307
2070.1545,-0.00305
2069.44651,-0.00304
2068.73852,-0.00302
2068.03053,-0.00301
2067.32255,-0.003
2066.61456,-0.00299
2065.90657,-0.00299
2065.19859,-0.00298
2064.4906,-0.00297
2063.78261,-0.00297
2063.07462,-0.00296
2062.36664,-0.00296
2061.65865,-0.00295
2060.95066,-0.00294
2060.24268,-0.00293
2059.53469,-0.00292
2058.8267,-0.0029
2058.11871,-0.00289
2057.41073,-0.00287
2056.70274,-0.00286
2055.99475,-0.00284
2055.28677,-0.00282
2054.57878,-0.0028
2053.87079,-0.00278
2053.1628,-0.00277
2052.45482,-0.00275
2051.74683,-0.00274
2051.03884,-0.00273
2050.33086,-0.00272
2049.62287,-0.00272
2048.91488,-0.00272
2048.20689,-0.00273
2047.49891,-0.00274
2046.79092,-0.00276
2046.08293,-0.00278
2045.37495,-0.00281
2044.66696,-0.00284
2043.95897,-0.00287
2043.25098,-0.0029
2042.543,-0.00294
2041.83501,-0.00297
2041.12702,-0.00301
2040.41903,-0.00304
2039.71105,-0.00307
2039.00306,-0.0031
2038.29507,-0.00312
2037.58709,-0.00314
2036.8791,-0.00315
2036.17111,-0.00315
2035.46312,-0.00315
2034.75514,-0.00314
2034.04715,-0.00313
2033.33916,-0.0031
2032.63118,-0.00307
2031.92319,-0.00303
2031.2152,-0.00299
2030.50721,-0.00293
2029.79923,-0.00288
2029.09124,-0.00281
2028.38325,-0.00275
2027.67527,-0.00268
2026.96728,-0.00262
2026.25929,-0.00255
2025.5513,-0.00249
2024.84332,-0.00243
2024.13533,-0.00238
2023.42734,-0.00233
2022.71936,-0.00229
2022.01137,-0.00226
2021.30338,-0.00224
2020.59539,-0.00222
2019.88741,-0.00221
2019.17942,-0.00221
2018.47143,-0.00221
2017.76345,-0.00222
2017.05546,-0.00223
2016.34747,-0.00225
2015.63948,-0.00226
2014.9315,-0.00228
2014.22351,-0.0023
2013.51552,-0.00232
2012.80754,-0.00233
2012.09955,-0.00235
2011.39156,-0.00236
2010.68357,-0.00238
2009.97559,-0.00239
2009.2676,-0.0024
2008.55961,-0.0024
2007.85162,-0.00241
2007.14364,-0.00242
2006.43565,-0.00242
2005.72766,-0.00242
2005.01968,-0.00243
2004.31169,-0.00243
2003.6037,-0.00243
2002.89571,-0.00243
2002.18773,-0.00243
2001.47974,-0.00243
2000.77175,-0.00243
2000.06377,-0.00243
1999.35578,-0.00242
1998.64779,-0.00242
1997.9398,-0.00241
1997.23182,-0.0024
1996.52383,-0.00239
1995.81584,-0.00238
1995.10786,-0.00237
1994.39987,-0.00236
1993.69188,-0.00234
1992.98389,-0.00233
1992.27591,-0.00231
1991.56792,-0.00229
1990.85993,-0.00227
1990.15195,-0.00225
1989.44396,-0.00223
1988.73597,-0.00221
1988.02798,-0.00219
1987.32,-0.00216
1986.61201,-0.00214
1985.90402,-0.00212
1985.19604,-0.0021
1984.48805,-0.00208
1983.78006,-0.00207
1983.07207,-0.00205
1982.36409,-0.00204
1981.6561,-0.00203
1980.94811,-0.00202
1980.24013,-0.00202
1979.53214,-0.00201
1978.82415,-0.00201
1978.11616,-0.00201
1977.40818,-0.00201
1976.70019,-0.00201
1975.9922,-0.002
1975.28421,-0.002
1974.57623,-0.00199
1973.86824,-0.00198
1973.16025,-0.00197
1972.45227,-0.00196
1971.74428,-0.00194
1971.03629,-0.00192
1970.3283,-0.0019
1969.62032,-0.00188
1968.91233,-0.00185
1968.20434,-0.00183
1967.49636,-0.00181
1966.78837,-0.00178
1966.08038,-0.00177
1965.37239,-0.00175
1964.66441,-0.00174
1963.95642,-0.00173
1963.24843,-0.00173
1962.54045,-0.00173
1961.83246,-0.00174
1961.12447,-0.00175
1960.41648,-0.00177
1959.7085,-0.00179
1959.00051,-0.00181
1958.29252,-0.00183
1957.58454,-0.00186
1956.87655,-0.00189
1956.16856,-0.00191
1955.46057,-0.00194
1954.75259,-0.00196
1954.0446,-0.00198
1953.33661,-0.002
1952.62863,-0.00201
1951.92064,-0.00201
1951.21265,-0.00201
1950.50466,-0.00201
1949.79668,-0.002
1949.08869,-0.00199
1948.3807,-0.00197
1947.67272,-0.00195
1946.96473,-0.00193
1946.25674,-0.0019
1945.54875,-0.00187
1944.84077,-0.00184
1944.13278,-0.00181
1943.42479,-0.00178
1942.7168,-0.00175
1942.00882,-0.00172
1941.30083,-0.00169
1940.59284,-0.00167
1939.88486,-0.00165
1939.17687,-0.00163
1938.46888,-0.00161
1937.76089,-0.0016
1937.05291,-0.00159
1936.34492,-0.00159
1935.63693,-0.00158
1934.92895,-0.00158
1934.22096,-0.00157
1933.51297,-0.00157
1932.80498,-0.00156
1932.097,-0.00156
1931.38901,-0.00155
1930.68102,-0.00154
1929.97304,-0.00153
1929.26505,-0.00152
1928.55706,-0.0015
1927.84907,-0.00149
1927.14109,-0.00147
1926.4331,-0.00145
1925.72511,-0.00144
1925.01713,-0.00142
1924.30914,-0.0014
1923.60115,-0.00139
1922.89316,-0.00137
1922.18518,-0.00135
1921.47719,-0.00134
1920.7692,-0.00132
1920.06122,-0.00131
1919.35323,-0.0013
1918.64524,-0.00129
1917.93725,-0.00127
1917.22927,-0.00127
1916.52128,-0.00126
1915.81329,-0.00125
1915.10531,-0.00125
1914.39732,-0.00124
1913.68933,-0.00124
1912.98134,-0.00124
1912.27336,-0.00125
1911.56537,-0.00125
1910.85738,-0.00125
1910.14939,-0.00126
1909.44141,-0.00127
1908.73342,-0.00128
1908.02543,-0.00129
1907.31745,-0.0013
1906.60946,-0.00131
1905.90147,-0.00132
1905.19348,-0.00133
1904.4855,-0.00134
1903.77751,-0.00135
1903.06952,-0.00135
1902.36154,-0.00136
1901.65355,-0.00137
1900.94556,-0.00138
1900.23757,-0.00138
1899.52959,-0.00139
1898.8216,-0.0014
1898.11361,-0.00141
1897.40563,-0.00141
1896.69764,-0.00142
1895.98965,-0.00143
1895.28166,-0.00144
1894.57368,-0.00145
1893.86569,-0.00146
1893.1577,-0.00148
1892.44972,-0.00149
1891.74173,-0.00151
1891.03374,-0.00152
1890.32575,-0.00154
1889.61777,-0.00155
1888.90978,-0.00157
1888.20179,-0.00158
1887.49381,-0.00159
1886.78582,-0.0016
1886.07783,-0.00161
1885.36984,-0.00162
1884.66186,-0.00162
1883.95387,-0.00162
1883.24588,-0.00162
1882.5379,-0.00161
1881.82991,-0.0016
1881.12192,-0.00159
1880.41393,-0.00157
1879.70595,-0.00156
1878.99796,-0.00154
1878.28997,-0.00152
1877.58198,-0.0015
1876.874,-0.00148
1876.16601,-0.00147
1875.45802,-0.00145
1874.75004,-0.00143
1874.04205,-0.00142
1873.33406,-0.00141
1872.62607,-0.0014
1871.91809,-0.0014
1871.2101,-0.0014
1870.50211,-0.0014
1869.79413,-0.0014
1869.08614,-0.00141
1868.37815,-0.00142
1867.67016,-0.00143
1866.96218,-0.00144
1866.25419,-0.00146
1865.5462,-0.00147
1864.83822,-0.00149
1864.13023,-0.00151
1863.42224,-0.00152
1862.71425,-0.00154
1862.00627,-0.00155
1861.29828,-0.00156
1860.59029,-0.00157
1859.88231,-0.00157
1859.17432,-0.00157
1858.46633,-0.00157
1857.75834,-0.00156
1857.05036,-0.00155
1856.34237,-0.00153
1855.63438,-0.00151
1854.9264,-0.00148
1854.21841,-0.00146
1853.51042,-0.00143
1852.80243,-0.00139
1852.09445,-0.00136
1851.38646,-0.00133
1850.67847,-0.00129
1849.97049,-0.00126
1849.2625,-0.00123
1848.55451,-0.0012
1847.84652,-0.00118
1847.13854,-0.00116
1846.43055,-0.00114
1845.72256,-0.00112
1845.01457,-0.00111
1844.30659,-0.0011
1843.5986,-0.0011
1842.89061,-0.0011
1842.18263,-0.0011
1841.47464,-0.00111
1840.76665,-0.00111
1840.05866,-0.00112
1839.35068,-0.00113
1838.64269,-0.00114
1837.9347,-0.00116
1837.22672,-0.00117
1836.51873,-0.00118
1835.81074,-0.00119
1835.10275,-0.0012
1834.39477,-0.0012
1833.68678,-0.00121
1832.97879,-0.00121
1832.27081,-0.00122
1831.56282,-0.00122
1830.85483,-0.00122
1830.14684,-0.00122
1829.43886,-0.00121
1828.73087,-0.00121
1828.02288,-0.00121
1827.3149,-0.00121
1826.60691,-0.0012
1825.89892,-0.0012
1825.19093,-0.0012
1824.48295,-0.0012
1823.77496,-0.00121
1823.06697,-0.00121
1822.35899,-0.00121
1821.651,-0.00121
1820.94301,-0.00122
1820.23502,-0.00122
1819.52704,-0.00123
1818.81905,-0.00123
1818.11106,-0.00123
1817.40308,-0.00123
1816.69509,-0.00123
1815.9871,-0.00123
1815.27911,-0.00122
1814.57113,-0.00121
1813.86314,-0.0012
1813.15515,-0.00118
1812.44716,-0.00117
1811.73918,-0.00115
1811.03119,-0.00112
1810.3232,-0.0011
1809.61522,-0.00107
1808.90723,-0.00104
1808.19924,-0.00101
1807.49125,-0.00098
1806.78327,-0.00095
1806.07528,-0.00092
1805.36729,-0.00089
1804.65931,-0.00085
1803.95132,-0.00083
1803.24333,-0.0008
1802.53534,-0.00077
1801.82736,-0.00075
1801.11937,-0.00072
1800.41138,-0.0007
1799.7034,-0.00069
1798.99541,-0.00067
1798.28742,-0.00066
1797.57943,-0.00065
1796.87145,-0.00065
1796.16346,-0.00064
1795.45547,-0.00064
1794.74749,-0.00065
1794.0395,-0.00065
1793.33151,-0.00065
1792.62352,-0.00066
1791.91554,-0.00067
1791.20755,-0.00067
1790.49956,-0.00068
1789.79158,-0.00068
1789.08359,-0.00069
1788.3756,-0.00069
1787.66761,-0.0007
1786.95963,-0.0007
1786.25164,-0.0007
1785.54365,-0.0007
1784.83567,-0.0007
1784.12768,-0.0007
1783.41969,-0.0007
1782.7117,-0.0007
1782.00372,-0.0007
1781.29573,-0.0007
1780.58774,-0.00069
1779.87976,-0.00069
1779.17177,-0.00068
1778.46378,-0.00068
1777.75579,-0.00067
1777.04781,-0.00067
1776.33982,-0.00067
1775.63183,-0.00066
1774.92384,-0.00066
1774.21586,-0.00066
1773.50787,-0.00065
1772.79988,-0.00065
1772.0919,-0.00064
1771.38391,-0.00063
1770.67592,-0.00063
1769.96793,-0.00062
1769.25995,-0.00061
1768.55196,-0.0006
1767.84397,-0.00059
1767.13599,-0.00057
1766.428,-0.00056
1765.72001,-0.00054
1765.01202,-0.00053
1764.30404,-0.00051
1763.59605,-0.00049
1762.88806,-0.00047
1762.18008,-0.00044
1761.47209,-0.00041
1760.7641,-0.00037
1760.05611,-0.00033
1759.34813,-0.00029
1758.64014,-0.00024
1757.93215,-0.00018
1757.22417,-0.00012
1756.51618,-0.00006
1755.80819,0
1755.1002,0.00007
1754.39222,0.00014
1753.68423,0.0002
1752.97624,0.00027
1752.26826,0.00034
1751.56027,0.0004
1750.85228,0.00047
1750.14429,0.00052
1749.43631,0.00058
1748.72832,0.00063
1748.02033,0.00067
1747.31235,0.00071
1746.60436,0.00074
1745.89637,0.00077
1745.18838,0.00079
1744.4804,0.0008
1743.77241,0.00081
1743.06442,0.00081
1742.35643,0.0008
1741.64845,0.00079
1740.94046,0.00077
1740.23247,0.00075
1739.52449,0.00073
1738.8165,0.0007
1738.10851,0.00068
1737.40052,0.00065
1736.69254,0.00062
1735.98455,0.00059
1735.27656,0.00056
1734.56858,0.00054
1733.86059,0.00051
1733.1526,0.00049
1732.44461,0.00047
1731.73663,0.00045
1731.02864,0.00043
1730.32065,0.00041
1729.61267,0.00039
1728.90468,0.00037
1728.19669,0.00036
1727.4887,0.00034
1726.78072,0.00033
1726.07273,0.00031
1725.36474,0.0003
1724.65676,0.00028
1723.94877,0.00027
1723.24078,0.00026
1722.53279,0.00025
1721.82481,0.00024
1721.11682,0.00023
1720.40883,0.00023
1719.70085,0.00023
1718.99286,0.00023
1718.28487,0.00023
1717.57688,0.00023
1716.8689,0.00024
1716.16091,0.00025
1715.45292,0.00025
1714.74494,0.00025
1714.03695,0.00026
1713.32896,0.00025
1712.62097,0.00025
1711.91299,0.00024
1711.205,0.00022
1710.49701,0.00021
1709.78902,0.00018
1709.08104,0.00015
1708.37305,0.00012
1707.66506,0.00009
1706.95708,0.00005
1706.24909,0.00002
1705.5411,-0.00002
1704.83311,-0.00006
1704.12513,-0.0001
1703.41714,-0.00014
1702.70915,-0.00018
1702.00117,-0.00022
1701.29318,-0.00026
1700.58519,-0.0003
1699.8772,-0.00033
1699.16922,-0.00037
1698.46123,-0.00041
1697.75324,-0.00044
1697.04526,-0.00047
1696.33727,-0.00051
1695.62928,-0.00054
1694.92129,-0.00058
1694.21331,-0.00061
1693.50532,-0.00065
1692.79733,-0.00069
1692.08935,-0.00074
1691.38136,-0.00078
1690.67337,-0.00083
1689.96538,-0.00089
1689.2574,-0.00095
1688.54941,-0.00101
1687.84142,-0.00107
1687.13344,-0.00114
1686.42545,-0.00121
1685.71746,-0.00128
1685.00947,-0.00135
1684.30149,-0.00143
1683.5935,-0.00151
1682.88551,-0.00159
1682.17753,-0.00167
1681.46954,-0.00176
1680.76155,-0.00186
1680.05356,-0.00196
1679.34558,-0.00207
1678.63759,-0.00219
1677.9296,-0.00231
1677.22161,-0.00244
1676.51363,-0.00258
1675.80564,-0.00272
1675.09765,-0.00287
1674.38967,-0.00302
1673.68168,-0.00317
1672.97369,-0.00332
1672.2657,-0.00348
1671.55772,-0.00364
1670.84973,-0.00379
1670.14174,-0.00395
1669.43376,-0.0041
1668.72577,-0.00426
1668.01778,-0.00441
1667.30979,-0.00456
1666.60181,-0.00472
1665.89382,-0.00487
1665.18583,-0.00502
1664.47785,-0.00517
1663.76986,-0.00532
1663.06187,-0.00548
1662.35388,-0.00564
1661.6459,-0.00579
1660.93791,-0.00596
1660.22992,-0.00612
1659.52194,-0.00629
1658.81395,-0.00647
1658.10596,-0.00665
1657.39797,-0.00683
1656.68999,-0.00703
1655.982,-0.00723
1655.27401,-0.00743
1654.56603,-0.00764
1653.85804,-0.00786
1653.15005,-0.00808
1652.44206,-0.00831
1651.73408,-0.00854
1651.02609,-0.00878
1650.3181,-0.00903
1649.61012,-0.00928
1648.90213,-0.00954
1648.19414,-0.00981
1647.48615,-0.01008
1646.77817,-0.01036
1646.07018,-0.01064
1645.36219,-0.01093
1644.6542,-0.01122
1643.94622,-0.01152
1643.23823,-0.01182
1642.53024,-0.01213
1641.82226,-0.01243
1641.11427,-0.01274
1640.40628,-0.01305
1639.69829,-0.01335
1638.99031,-0.01365
1638.28232,-0.01395
1637.57433,-0.01424
1636.86635,-0.01452
1636.15836,-0.01479
1635.45037,-0.01505
1634.74238,-0.0153
1634.0344,-0.01553
1633.32641,-0.01574
1632.61842,-0.01595
1631.91044,-0.01613
1631.20245,-0.0163
1630.49446,-0.01646
1629.78647,-0.0166
1629.07849,-0.01672
1628.3705,-0.01683
1627.66251,-0.01693
1626.95453,-0.01701
1626.24654,-0.01707
1625.53855,-0.01712
1624.83056,-0.01715
1624.12258,-0.01716
1623.41459,-0.01716
1622.7066,-0.01715
1621.99862,-0.01712
1621.29063,-0.01708
1620.58264,-0.01702
1619.87465,-0.01696
1619.16667,-0.01688
1618.45868,-0.01679
1617.75069,-0.01668
1617.04271,-0.01657
1616.33472,-0.01645
1615.62673,-0.01632
1614.91874,-0.01619
1614.21076,-0.01604
1613.50277,-0.01589
1612.79478,-0.01574
1612.08679,-0.01558
1611.37881,-0.01542
1610.67082,-0.01525
1609.96283,-0.01508
1609.25485,-0.01491
1608.54686,-0.01474
1607.83887,-0.01457
1607.13088,-0.01439
1606.4229,-0.01422
1605.71491,-0.01404
1605.00692,-0.01386
1604.29894,-0.01369
1603.59095,-0.01351
1602.88296,-0.01333
1602.17497,-0.01316
1601.46699,-0.01298
1600.759,-0.0128
1600.05101,-0.01263
1599.34303,-0.01245
1598.63504,-0.01227
1597.92705,-0.0121
1597.21906,-0.01192
1596.51108,-0.01175
1595.80309,-0.01158
1595.0951,-0.01141
1594.38712,-0.01124
1593.67913,-0.01107
1592.97114,-0.0109
1592.26315,-0.01074
1591.55517,-0.01057
1590.84718,-0.01041
1590.13919,-0.01025
1589.43121,-0.0101
1588.72322,-0.00994
1588.01523,-0.00979
1587.30724,-0.00964
1586.59926,-0.00949
1585.89127,-0.00935
1585.18328,-0.0092
1584.4753,-0.00906
1583.76731,-0.00892
1583.05932,-0.00878
1582.35133,-0.00864
1581.64335,-0.0085
1580.93536,-0.00837
1580.22737,-0.00823
1579.51938,-0.0081
1578.8114,-0.00796
1578.10341,-0.00783
1577.39542,-0.00769
1576.68744,-0.00756
1575.97945,-0.00743
1575.27146,-0.0073
1574.56347,-0.00717
1573.85549,-0.00704
1573.1475,-0.00692
1572.43951,-0.0068
1571.73153,-0.00669
1571.02354,-0.00657
1570.31555,-0.00646
1569.60756,-0.00636
1568.89958,-0.00626
1568.19159,-0.00616
1567.4836,-0.00607
1566.77562,-0.00598
1566.06763,-0.00589
1565.35964,-0.0058
1564.65165,-0.00572
1563.94367,-0.00564
1563.23568,-0.00555
1562.52769,-0.00546
1561.81971,-0.00537
1561.11172,-0.00528
1560.40373,-0.00518
1559.69574,-0.00507
1558.98776,-0.00496
1558.27977,-0.00484
1557.57178,-0.00471
1556.8638,-0.00458
1556.15581,-0.00445
1555.44782,-0.00431
1554.73983,-0.00417
1554.03185,-0.00404
1553.32386,-0.0039
1552.61587,-0.00377
1551.90789,-0.00365
1551.1999,-0.00353
1550.49191,-0.00343
1549.78392,-0.00332
1549.07594,-0.00323
1548.36795,-0.00314
1547.65996,-0.00307
1546.95197,-0.00299
1546.24399,-0.00293
1545.536,-0.00287
1544.82801,-0.00281
1544.12003,-0.00276
1543.41204,-0.00271
1542.70405,-0.00266
1541.99606,-0.00261
1541.28808,-0.00257
1540.58009,-0.00252
1539.8721,-0.00247
1539.16412,-0.00242
1538.45613,-0.00237
1537.74814,-0.00232
1537.04015,-0.00227
1536.33217,-0.00221
1535.62418,-0.00216
1534.91619,-0.00211
1534.20821,-0.00205
1533.50022,-0.002
1532.79223,-0.00194
1532.08424,-0.00188
1531.37626,-0.00182
1530.66827,-0.00176
1529.96028,-0.00169
1529.2523,-0.00162
1528.54431,-0.00155
1527.83632,-0.00148
1527.12833,-0.00141
1526.42035,-0.00133
1525.71236,-0.00125
1525.00437,-0.00118
1524.29639,-0.0011
1523.5884,-0.00101
1522.88041,-0.00093
1522.17242,-0.00085
1521.46444,-0.00077
1520.75645,-0.00069
1520.04846,-0.00061
1519.34048,-0.00054
1518.63249,-0.00047
1517.9245,-0.0004
1517.21651,-0.00034
1516.50853,-0.00029
1515.80054,-0.00025
1515.09255,-0.00022
1514.38456,-0.00019
1513.67658,-0.00018
1512.96859,-0.00017
1512.2606,-0.00018
1511.55262,-0.00019
1510.84463,-0.00022
1510.13664,-0.00025
1509.42865,-0.00028
1508.72067,-0.00032
1508.01268,-0.00036
1507.30469,-0.00041
1506.59671,-0.00045
1505.88872,-0.00049
1505.18073,-0.00053
1504.47274,-0.00057
1503.76476,-0.0006
1503.05677,-0.00063
1502.34878,-0.00066
1501.6408,-0.00068
1500.93281,-0.0007
1500.22482,-0.00071
1499.51683,-0.00072
1498.80885,-0.00072
1498.10086,-0.00071
1497.39287,-0.00069
1496.68489,-0.00067
1495.9769,-0.00064
1495.26891,-0.00061
1494.56092,-0.00057
1493.85294,-0.00052
1493.14495,-0.00047
1492.43696,-0.00041
1491.72898,-0.00035
1491.02099,-0.00029
1490.313,-0.00023
1489.60501,-0.00016
1488.89703,-0.0001
1488.18904,-0.00003
1487.48105,0.00003
1486.77307,0.0001
1486.06508,0.00016
1485.35709,0.00022
1484.6491,0.00028
1483.94112,0.00033
1483.23313,0.00039
1482.52514,0.00044
1481.81715,0.00049
1481.10917,0.00054
1480.40118,0.0006
1479.69319,0.00065
1478.98521,0.00071
1478.27722,0.00077
1477.56923,0.00084
1476.86124,0.00091
1476.15326,0.00099
1475.44527,0.00108
1474.73728,0.00118
1474.0293,0.00129
1473.32131,0.00141
1472.61332,0.00154
1471.90533,0.00168
1471.19735,0.00183
1470.48936,0.002
1469.78137,0.00217
1469.07339,0.00236
1468.3654,0.00256
1467.65741,0.00276
1466.94942,0.00298
1466.24144,0.00321
1465.53345,0.00345
1464.82546,0.00369
1464.11748,0.00394
1463.40949,0.0042
1462.7015,0.00446
1461.99351,0.00471
1461.28553,0.00497
1460.57754,0.00522
1459.86955,0.00546
1459.16157,0.00569
1458.45358,0.00591
1457.74559,0.00612
1457.0376,0.0063
1456.32962,0.00647
1455.62163,0.00661
1454.91364,0.00672
1454.20566,0.00681
1453.49767,0.00687
1452.78968,0.00691
1452.08169,0.00692
1451.37371,0.00691
1450.66572,0.00688
1449.95773,0.00683
1449.24974,0.00676
1448.54176,0.00668
1447.83377,0.0066
1447.12578,0.00651
1446.4178,0.00641
1445.70981,0.00632
1445.00182,0.00624
1444.29383,0.00616
1443.58585,0.00609
1442.87786,0.00604
1442.16987,0.00599
1441.46189,0.00597
1440.7539,0.00596
1440.04591,0.00597
1439.33792,0.00599
1438.62994,0.00604
1437.92195,0.0061
1437.21396,0.00617
1436.50598,0.00627
1435.79799,0.00637
1435.09,0.0065
1434.38201,0.00663
1433.67403,0.00677
1432.96604,0.00692
1432.25805,0.00708
1431.55007,0.00724
1430.84208,0.0074
1430.13409,0.00757
1429.4261,0.00773
1428.71812,0.0079
1428.01013,0.00806
1427.30214,0.00822
1426.59416,0.00837
1425.88617,0.00853
1425.17818,0.00867
1424.47019,0.00881
1423.76221,0.00894
1423.05422,0.00907
1422.34623,0.00918
1421.63825,0.00929
1420.93026,0.00939
1420.22227,0.00948
1419.51428,0.00956
1418.8063,0.00964
1418.09831,0.0097
1417.39032,0.00975
1416.68233,0.0098
1415.97435,0.00983
1415.26636,0.00985
1414.55837,0.00987
1413.85039,0.00988
1413.1424,0.00987
1412.43441,0.00987
1411.72642,0.00985
1411.01844,0.00983
1410.31045,0.00981
1409.60246,0.00978
1408.89448,0.00975
1408.18649,0.00972
1407.4785,0.0097
1406.77051,0.00967
1406.06253,0.00965
1405.35454,0.00962
1404.64655,0.00961
1403.93857,0.00959
1403.23058,0.00958
1402.52259,0.00958
1401.8146,0.00958
1401.10662,0.00958
1400.39863,0.00958
1399.69064,0.00959
1398.98266,0.0096
1398.27467,0.00962
1397.56668,0.00963
1396.85869,0.00965
1396.15071,0.00966
1395.44272,0.00968
1394.73473,0.00969
1394.02675,0.0097
1393.31876,0.00971
1392.61077,0.00972
1391.90278,0.00972
1391.1948,0.00971
1390.48681,0.0097
1389.77882,0.00968
1389.07084,0.00965
1388.36285,0.00962
1387.65486,0.00957
1386.94687,0.00952
1386.23889,0.00946
1385.5309,0.0094
1384.82291,0.00932
1384.11492,0.00923
1383.40694,0.00914
1382.69895,0.00903
1381.99096,0.00892
1381.28298,0.0088
1380.57499,0.00866
1379.867,0.00852
1379.15901,0.00837
1378.45103,0.00822
1377.74304,0.00805
1377.03505,0.00788
1376.32707,0.00771
1375.61908,0.00753
1374.91109,0.00735
1374.2031,0.00716
1373.49512,0.00698
1372.78713,0.00679
1372.07914,0.00661
1371.37116,0.00643
1370.66317,0.00625
1369.95518,0.00608
1369.24719,0.00591
1368.53921,0.00574
1367.83122,0.00558
1367.12323,0.00543
1366.41525,0.00529
1365.70726,0.00515
1364.99927,0.00502
1364.29128,0.0049
1363.5833,0.00479
1362.87531,0.00469
1362.16732,0.00459
1361.45934,0.00451
1360.75135,0.00444
1360.04336,0.00437
1359.33537,0.00431
1358.62739,0.00427
1357.9194,0.00423
1357.21141,0.0042
1356.50343,0.00418
1355.79544,0.00417
1355.08745,0.00416
1354.37946,0.00417
1353.67148,0.00419
1352.96349,0.00421
1352.2555,0.00424
1351.54751,0.00428
1350.83953,0.00433
1350.13154,0.00439
1349.42355,0.00445
1348.71557,0.00452
1348.00758,0.0046
1347.29959,0.00468
1346.5916,0.00477
1345.88362,0.00485
1345.17563,0.00494
1344.46764,0.00504
1343.75966,0.00513
1343.05167,0.00522
1342.34368,0.0053
1341.63569,0.00539
1340.92771,0.00546
1340.21972,0.00554
1339.51173,0.00561
1338.80375,0.00567
1338.09576,0.00572
1337.38777,0.00577
1336.67978,0.00582
1335.9718,0.00585
1335.26381,0.00588
1334.55582,0.00591
1333.84784,0.00593
1333.13985,0.00594
1332.43186,0.00595
1331.72387,0.00596
1331.01589,0.00596
1330.3079,0.00597
1329.59991,0.00597
1328.89193,0.00596
1328.18394,0.00596
1327.47595,0.00596
1326.76796,0.00595
1326.05998,0.00595
1325.35199,0.00594
1324.644,0.00593
1323.93602,0.00592
1323.22803,0.00591
1322.52004,0.00589
1321.81205,0.00587
1321.10407,0.00585
1320.39608,0.00582
1319.68809,0.00579
1318.9801,0.00576
1318.27212,0.00572
1317.56413,0.00568
1316.85614,0.00563
1316.14816,0.00558
1315.44017,0.00553
1314.73218,0.00547
1314.02419,0.00541
1313.31621,0.00535
1312.60822,0.00528
1311.90023,0.00521
1311.19225,0.00514
1310.48426,0.00507
1309.77627,0.005
1309.06828,0.00493
1308.3603,0.00486
1307.65231,0.00479
1306.94432,0.00472
1306.23634,0.00465
1305.52835,0.00459
1304.82036,0.00452
1304.11237,0.00446
1303.40439,0.00441
1302.6964,0.00435
1301.98841,0.0043
1301.28043,0.00426
1300.57244,0.00421
1299.86445,0.00417
1299.15646,0.00414
1298.44848,0.0041
1297.74049,0.00408
1297.0325,0.00405
1296.32452,0.00403
1295.61653,0.00402
1294.90854,0.00401
1294.20055,0.004
1293.49257,0.004
1292.78458,0.004
1292.07659,0.00401
1291.36861,0.00402
1290.66062,0.00404
1289.95263,0.00406
1289.24464,0.00409
1288.53666,0.00412
1287.82867,0.00416
1287.12068,0.00419
1286.41269,0.00424
1285.70471,0.00428
1284.99672,0.00433
1284.28873,0.00438
1283.58075,0.00442
1282.87276,0.00447
1282.16477,0.00452
1281.45678,0.00457
1280.7488,0.00461
1280.04081,0.00465
1279.33282,0.00468
1278.62484,0.00471
1277.91685,0.00474
1277.20886,0.00475
1276.50087,0.00476
1275.79289,0.00476
1275.0849,0.00475
1274.37691,0.00474
1273.66893,0.00471
1272.96094,0.00468
1272.25295,0.00463
1271.54496,0.00458
1270.83698,0.00451
1270.12899,0.00444
1269.421,0.00436
1268.71302,0.00428
1268.00503,0.00419
1267.29704,0.00409
1266.58905,0.00399
1265.88107,0.00388
1265.17308,0.00377
1264.46509,0.00366
1263.75711,0.00355
1263.04912,0.00344
1262.34113,0.00333
1261.63314,0.00322
1260.92516,0.00312
1260.21717,0.00301
1259.50918,0.00291
1258.8012,0.00282
1258.09321,0.00273
1257.38522,0.00264
1256.67723,0.00256
1255.96925,0.00248
1255.26126,0.00241
1254.55327,0.00235
1253.84528,0.00229
1253.1373,0.00223
1252.42931,0.00218
1251.72132,0.00213
1251.01334,0.00209
1250.30535,0.00205
1249.59736,0.00201
1248.88937,0.00198
1248.18139,0.00195
1247.4734,0.00192
1246.76541,0.00189
1246.05743,0.00187
1245.34944,0.00185
1244.64145,0.00182
1243.93346,0.0018
1243.22548,0.00178
1242.51749,0.00176
1241.8095,0.00174
1241.10152,0.00172
1240.39353,0.00169
1239.68554,0.00167
1238.97755,0.00165
1238.26957,0.00163
1237.56158,0.0016
1236.85359,0.00158
1236.14561,0.00156
1235.43762,0.00153
1234.72963,0.00151
1234.02164,0.00148
1233.31366,0.00146
1232.60567,0.00143
1231.89768,0.00141
1231.1897,0.00138
1230.48171,0.00136
1229.77372,0.00133
1229.06573,0.00131
1228.35775,0.00129
1227.64976,0.00127
1226.94177,0.00125
1226.23379,0.00123
1225.5258,0.00121
1224.81781,0.00119
1224.10982,0.00118
1223.40184,0.00116
1222.69385,0.00115
1221.98586,0.00114
1221.27787,0.00112
1220.56989,0.00111
1219.8619,0.0011
1219.15391,0.00109
1218.44593,0.00108
1217.73794,0.00106
1217.02995,0.00105
1216.32196,0.00104
1215.61398,0.00102
1214.90599,0.00101
1214.198,0.00099
1213.49002,0.00097
1212.78203,0.00095
1212.07404,0.00093
1211.36605,0.00091
1210.65807,0.00089
1209.95008,0.00086
1209.24209,0.00083
1208.53411,0.0008
1207.82612,0.00078
1207.11813,0.00075
1206.41014,0.00072
1205.70216,0.00068
1204.99417,0.00065
1204.28618,0.00062
1203.5782,0.00059
1202.87021,0.00056
1202.16222,0.00053
1201.45423,0.00051
1200.74625,0.00048
1200.03826,0.00045
1199.33027,0.00043
1198.62229,0.00041
1197.9143,0.00039
1197.20631,0.00037
1196.49832,0.00036
1195.79034,0.00034
1195.08235,0.00033
1194.37436,0.00031
1193.66638,0.0003
1192.95839,0.00028
1192.2504,0.00027
1191.54241,0.00025
1190.83443,0.00024
1190.12644,0.00022
1189.41845,0.0002
1188.71046,0.00019
1188.00248,0.00017
1187.29449,0.00016
1186.5865,0.00014
1185.87852,0.00013
1185.17053,0.00012
1184.46254,0.00011
1183.75455,0.00011
1183.04657,0.00011
1182.33858,0.00012
1181.63059,0.00013
1180.92261,0.00015
1180.21462,0.00017
1179.50663,0.00019
1178.79864,0.00021
1178.09066,0.00024
1177.38267,0.00026
1176.67468,0.00029
1175.9667,0.00031
1175.25871,0.00033
1174.55072,0.00035
1173.84273,0.00037
1173.13475,0.00039
1172.42676,0.0004
1171.71877,0.00041
1171.01079,0.00043
1170.3028,0.00044
1169.59481,0.00045
1168.88682,0.00047
1168.17884,0.00049
1167.47085,0.00051
1166.76286,0.00053
1166.05488,0.00056
1165.34689,0.00059
1164.6389,0.00063
1163.93091,0.00067
1163.22293,0.00071
1162.51494,0.00075
1161.80695,0.0008
1161.09897,0.00085
1160.39098,0.0009
1159.68299,0.00095
1158.975,0.001
1158.26702,0.00104
1157.55903,0.00109
1156.85104,0.00114
1156.14305,0.00118
1155.43507,0.00122
1154.72708,0.00125
1154.01909,0.00129
1153.31111,0.00132
1152.60312,0.00134
1151.89513,0.00137
1151.18714,0.00139
1150.47916,0.00141
1149.77117,0.00143
1149.06318,0.00146
1148.3552,0.00148
1147.64721,0.0015
1146.93922,0.00152
1146.23123,0.00154
1145.52325,0.00157
1144.81526,0.0016
1144.10727,0.00163
1143.39929,0.00166
1142.6913,0.0017
1141.98331,0.00174
1141.27532,0.00179
1140.56734,0.00183
1139.85935,0.00189
1139.15136,0.00194
1138.44338,0.002
1137.73539,0.00207
1137.0274,0.00214
1136.31941,0.00221
1135.61143,0.00229
1134.90344,0.00237
1134.19545,0.00246
1133.48747,0.00254
1132.77948,0.00264
1132.07149,0.00273
1131.3635,0.00283
1130.65552,0.00292
1129.94753,0.00302
1129.23954,0.00311
1128.53156,0.00321
1127.82357,0.0033
1127.11558,0.00338
1126.40759,0.00346
1125.69961,0.00354
1124.99162,0.00361
1124.28363,0.00368
1123.57564,0.00374
1122.86766,0.00381
1122.15967,0.00387
1121.45168,0.00392
1120.7437,0.00398
1120.03571,0.00404
1119.32772,0.0041
1118.61973,0.00416
1117.91175,0.00422
1117.20376,0.00429
1116.49577,0.00436
1115.78779,0.00443
1115.0798,0.00451
1114.37181,0.00459
1113.66382,0.00468
1112.95584,0.00477
1112.24785,0.00488
1111.53986,0.00499
1110.83188,0.0051
1110.12389,0.00523
1109.4159,0.00537
1108.70791,0.00552
1107.99993,0.00568
1107.29194,0.00586
1106.58395,0.00606
1105.87597,0.00627
1105.16798,0.0065
1104.45999,0.00675
1103.752,0.00703
1103.04402,0.00733
1102.33603,0.00767
1101.62804,0.00803
1100.92006,0.00844
1100.21207,0.00888
1099.50408,0.00936
1098.79609,0.00989
1098.08811,0.01046
1097.38012,0.01108
1096.67213,0.01174
1095.96415,0.01244
1095.25616,0.01318
1094.54817,0.01396
1093.84018,0.01476
1093.1322,0.01557
1092.42421,0.0164
1091.71622,0.01721
1091.00823,0.01801
1090.30025,0.01878
1089.59226,0.0195
1088.88427,0.02016
1088.17629,0.02076
1087.4683,0.02127
1086.76031,0.02169
1086.05232,0.02202
1085.34434,0.02224
1084.63635,0.02236
1083.92836,0.02238
1083.22038,0.0223
1082.51239,0.02212
1081.8044,0.02186
1081.09641,0.02152
1080.38843,0.02112
1079.68044,0.02065
1078.97245,0.02015
1078.26447,0.0196
1077.55648,0.01904
1076.84849,0.01846
1076.1405,0.01787
1075.43252,0.0173
1074.72453,0.01673
1074.01654,0.01619
1073.30856,0.01567
1072.60057,0.01518
1071.89258,0.01474
1071.18459,0.01433
1070.47661,0.01397
1069.76862,0.01367
1069.06063,0.01342
1068.35265,0.01322
1067.64466,0.01309
1066.93667,0.01302
1066.22868,0.01302
1065.5207,0.0131
1064.81271,0.01325
1064.10472,0.01349
1063.39674,0.01383
1062.68875,0.01427
1061.98076,0.01482
1061.27277,0.0155
1060.56479,0.01631
1059.8568,0.01728
1059.14881,0.01842
1058.44082,0.01973
1057.73284,0.02125
1057.02485,0.02297
1056.31686,0.02492
1055.60888,0.02708
1054.90089,0.02946
1054.1929,0.03206
1053.48491,0.03485
1052.77693,0.0378
1052.06894,0.04088
1051.36095,0.04403
1050.65297,0.04719
1049.94498,0.0503
1049.23699,0.05328
1048.529,0.05606
1047.82102,0.05855
1047.11303,0.06068
1046.40504,0.06239
1045.69706,0.06363
1044.98907,0.06435
1044.28108,0.06455
1043.57309,0.06421
1042.86511,0.06337
1042.15712,0.06205
1041.44913,0.06031
1040.74115,0.05821
1040.03316,0.05582
1039.32517,0.0532
1038.61718,0.05043
1037.9092,0.04759
1037.20121,0.04472
1036.49322,0.04188
1035.78524,0.03911
1035.07725,0.03646
1034.36926,0.03395
1033.66127,0.03158
1032.95329,0.02938
1032.2453,0.02734
1031.53731,0.02546
1030.82933,0.02374
1030.12134,0.02217
1029.41335,0.02074
1028.70536,0.01943
1027.99738,0.01824
1027.28939,0.01715
1026.5814,0.01615
1025.87341,0.01524
1025.16543,0.01439
1024.45744,0.01362
1023.74945,0.0129
1023.04147,0.01223
1022.33348,0.0116
1021.62549,0.01102
1020.9175,0.01047
1020.20952,0.00996
1019.50153,0.00948
1018.79354,0.00903
1018.08556,0.00861
1017.37757,0.0082
1016.66958,0.00783
1015.96159,0.00747
1015.25361,0.00713
1014.54562,0.00681
1013.83763,0.0065
1013.12965,0.00621
1012.42166,0.00594
1011.71367,0.00567
1011.00568,0.00542
1010.2977,0.00518
1009.58971,0.00495
1008.88172,0.00473
1008.17374,0.00453
1007.46575,0.00434
1006.75776,0.00416
1006.04977,0.004
1005.34179,0.00385
1004.6338,0.00373
1003.92581,0.00362
1003.21783,0.00352
1002.50984,0.00345
1001.80185,0.00338
1001.09386,0.00333
1000.38588,0.0033
999.67789,0.00327
998.9699,0.00324
998.26192,0.00322
997.55393,0.0032
996.84594,0.00317
996.13795,0.00314
995.42997,0.00309
994.72198,0.00304
994.01399,0.00298
993.306,0.00291
992.59802,0.00282
991.89003,0.00273
991.18204,0.00262
990.47406,0.00251
989.76607,0.00239
989.05808,0.00227
988.35009,0.00215
987.64211,0.00202
986.93412,0.00189
986.22613,0.00177
985.51815,0.00165
984.81016,0.00154
984.10217,0.00143
983.39418,0.00133
982.6862,0.00124
981.97821,0.00115
981.27022,0.00107
980.56224,0.001
979.85425,0.00093
979.14626,0.00087
978.43827,0.00082
977.73029,0.00076
977.0223,0.00071
976.31431,0.00066
975.60633,0.00061
974.89834,0.00056
974.19035,0.00051
973.48236,0.00045
972.77438,0.00039
972.06639,0.00033
971.3584,0.00026
970.65042,0.00019
969.94243,0.00011
969.23444,0.00004
968.52645,-0.00004
967.81847,-0.00011
967.11048,-0.00019
966.40249,-0.00026
965.69451,-0.00032
964.98652,-0.00038
964.27853,-0.00044
963.57054,-0.00049
962.86256,-0.00053
962.15457,-0.00057
961.44658,-0.00061
960.73859,-0.00064
960.03061,-0.00066
959.32262,-0.00069
958.61463,-0.00071
957.90665,-0.00072
957.19866,-0.00074
956.49067,-0.00075
955.78268,-0.00077
955.0747,-0.00078
954.36671,-0.0008
953.65872,-0.00081
952.95074,-0.00083
952.24275,-0.00085
951.53476,-0.00087
950.82677,-0.00088
950.11879,-0.0009
949.4108,-0.00092
948.70281,-0.00093
947.99483,-0.00095
947.28684,-0.00096
946.57885,-0.00097
945.87086,-0.00098
945.16288,-0.00099
944.45489,-0.00099
943.7469,-0.00099
943.03892,-0.00099
942.33093,-0.00098
941.62294,-0.00097
940.91495,-0.00095
940.20697,-0.00094
939.49898,-0.00091
938.79099,-0.00089
938.08301,-0.00086
937.37502,-0.00083
936.66703,-0.0008
935.95904,-0.00077
935.25106,-0.00074
934.54307,-0.00072
933.83508,-0.0007
933.1271,-0.00069
932.41911,-0.00069
931.71112,-0.00069
931.00313,-0.0007
930.29515,-0.00071
929.58716,-0.00072
928.87917,-0.00074
928.17118,-0.00077
927.4632,-0.00079
926.75521,-0.00081
926.04722,-0.00084
925.33924,-0.00086
924.63125,-0.00088
923.92326,-0.00091
923.21527,-0.00093
922.50729,-0.00095
921.7993,-0.00097
921.09131,-0.001
920.38333,-0.00102
919.67534,-0.00104
918.96735,-0.00107
918.25936,-0.0011
917.55138,-0.00113
916.84339,-0.00116
916.1354,-0.00119
915.42742,-0.00121
914.71943,-0.00124
914.01144,-0.00127
913.30345,-0.00129
912.59547,-0.00131
911.88748,-0.00133
911.17949,-0.00134
910.47151,-0.00135
909.76352,-0.00136
909.05553,-0.00137
908.34754,-0.00137
907.63956,-0.00137
906.93157,-0.00137
906.22358,-0.00136
905.5156,-0.00136
904.80761,-0.00135
904.09962,-0.00134
903.39163,-0.00133
902.68365,-0.00131
901.97566,-0.00129
901.26767,-0.00126
900.55969,-0.00122
899.8517,-0.00118
899.14371,-0.00112
898.43572,-0.00105
897.72774,-0.00096
897.01975,-0.00086
896.31176,-0.00073
895.60377,-0.00058
894.89579,-0.00041
894.1878,-0.00019
893.47981,0.00006
892.77183,0.00035
892.06384,0.00069
891.35585,0.00108
890.64786,0.00153
889.93988,0.00205
889.23189,0.00264
888.5239,0.00329
887.81592,0.00401
887.10793,0.0048
886.39994,0.00566
885.69195,0.00657
884.98397,0.00752
884.27598,0.00849
883.56799,0.00947
882.86001,0.01044
882.15202,0.01136
881.44403,0.01222
880.73604,0.01298
880.02806,0.01363
879.32007,0.01415
878.61208,0.01451
877.9041,0.01472
877.19611,0.01476
876.48812,0.01463
875.78013,0.01435
875.07215,0.01393
874.36416,0.01338
873.65617,0.01273
872.94819,0.012
872.2402,0.01122
871.53221,0.0104
870.82422,0.00958
870.11624,0.00876
869.40825,0.00797
868.70026,0.00721
867.99228,0.00651
867.28429,0.00586
866.5763,0.00526
865.86831,0.00472
865.16033,0.00423
864.45234,0.00379
863.74435,0.0034
863.03636,0.00305
862.32838,0.00274
861.62039,0.00246
860.9124,0.00221
860.20442,0.00198
859.49643,0.00178
858.78844,0.00159
858.08045,0.00143
857.37247,0.00129
856.66448,0.00116
855.95649,0.00105
855.24851,0.00096
854.54052,0.00088
853.83253,0.00081
853.12454,0.00076
852.41656,0.00073
851.70857,0.0007
851.00058,0.00068
850.2926,0.00068
849.58461,0.00068
848.87662,0.00068
848.16863,0.0007
847.46065,0.00071
846.75266,0.00072
846.04467,0.00073
845.33669,0.00074
844.6287,0.00074
843.92071,0.00073
843.21272,0.00072
842.50474,0.00069
841.79675,0.00065
841.08876,0.00061
840.38078,0.00055
839.67279,0.00049
838.9648,0.00043
838.25681,0.00038
837.54883,0.00032
836.84084,0.00027
836.13285,0.00023
835.42487,0.0002
834.71688,0.00018
834.00889,0.00018
833.3009,0.00018
832.59292,0.00019
831.88493,0.00022
831.17694,0.00025
830.46895,0.00028
829.76097,0.00032
829.05298,0.00036
828.34499,0.0004
827.63701,0.00044
826.92902,0.00048
826.22103,0.00052
825.51304,0.00056
824.80506,0.00059
824.09707,0.00062
823.38908,0.00065
822.6811,0.00068
821.97311,0.00071
821.26512,0.00073
820.55713,0.00075
819.84915,0.00076
819.14116,0.00078
818.43317,0.00079
817.72519,0.0008
817.0172,0.00081
816.30921,0.00083
815.60122,0.00084
814.89324,0.00086
814.18525,0.00089
813.47726,0.00092
812.76928,0.00095
812.06129,0.00099
811.3533,0.00103
810.64531,0.00107
809.93733,0.00112
809.22934,0.00117
808.52135,0.00121
807.81337,0.00126
807.10538,0.00131
806.39739,0.00135
805.6894,0.0014
804.98142,0.00145
804.27343,0.0015
803.56544,0.00156
802.85746,0.00162
802.14947,0.00169
801.44148,0.00177
800.73349,0.00185
800.02551,0.00193
799.31752,0.00202
798.60953,0.00209
797.90154,0.00216
797.19356,0.00222
796.48557,0.00227
795.77758,0.0023
795.0696,0.00232
794.36161,0.00232
793.65362,0.00231
792.94563,0.0023
792.23765,0.00227
791.52966,0.00224
790.82167,0.00221
790.11369,0.00219
789.4057,0.00217
788.69771,0.00216
787.98972,0.00217
787.28174,0.00218
786.57375,0.0022
785.86576,0.00223
785.15778,0.00227
784.44979,0.00232
783.7418,0.00238
783.03381,0.00243
782.32583,0.00249
781.61784,0.00255
780.90985,0.0026
780.20187,0.00265
779.49388,0.00269
778.78589,0.00273
778.0779,0.00276
777.36992,0.00279
776.66193,0.0028
775.95394,0.00281
775.24596,0.00281
774.53797,0.00281
773.82998,0.0028
773.12199,0.00279
772.41401,0.00278
771.70602,0.00277
770.99803,0.00276
770.29005,0.00275
769.58206,0.00274
768.87407,0.00274
768.16608,0.00275
767.4581,0.00276
766.75011,0.00277
766.04212,0.00279
765.33413,0.00282
764.62615,0.00284
763.91816,0.00287
763.21017,0.00291
762.50219,0.00294
761.7942,0.00298
761.08621,0.00301
760.37822,0.00305
759.67024,0.00309
758.96225,0.00313
758.25426,0.00317
757.54628,0.00321
756.83829,0.00324
756.1303,0.00327
755.42231,0.00329
754.71433,0.00331
754.00634,0.00332
753.29835,0.00333
752.59037,0.00332
751.88238,0.00331
751.17439,0.00329
750.4664,0.00326
749.75842,0.00323
749.05043,0.0032
748.34244,0.00316
747.63446,0.00312
746.92647,0.00309
746.21848,0.00306
745.51049,0.00304
744.80251,0.00303
744.09452,0.00303
743.38653,0.00305
742.67855,0.00307
741.97056,0.00312
741.26257,0.00317
740.55458,0.00324
739.8466,0.00332
739.13861,0.00341
738.43062,0.00351
737.72264,0.0036
737.01465,0.0037
736.30666,0.00379
735.59867,0.00388
734.89069,0.00396
734.1827,0.00402
733.47471,0.00407
732.76672,0.0041
732.05874,0.00411
731.35075,0.0041
730.64276,0.00408
729.93478,0.00403
729.22679,0.00397
728.5188,0.0039
727.81081,0.00381
727.10283,0.00371
726.39484,0.00361
725.68685,0.00351
724.97887,0.00343
724.27088,0.00335
723.56289,0.00329
722.8549,0.00325
722.14692,0.00321
721.43893,0.00319
720.73094,0.00318
720.02296,0.00318
719.31497,0.00318
718.60698,0.0032
717.89899,0.00322
717.19101,0.00325
716.48302,0.00328
715.77503,0.00331
715.06705,0.00335
714.35906,0.00338
713.65107,0.00342
712.94308,0.00346
712.2351,0.00349
711.52711,0.00352
710.81912,0.00355
710.11114,0.00357
709.40315,0.00359
708.69516,0.0036
707.98717,0.00361
707.27919,0.00361
706.5712,0.00361
705.86321,0.00361
705.15523,0.0036
704.44724,0.00359
703.73925,0.00358
703.03126,0.00356
702.32328,0.00355
701.61529,0.00353
700.9073,0.00351
700.19931,0.0035
699.49133,0.00348
698.78334,0.00347
698.07535,0.00346
697.36737,0.00344
696.65938,0.00343
695.95139,0.00341
695.2434,0.0034
694.53542,0.00338
693.82743,0.00335
693.11944,0.00333
692.41146,0.0033
691.70347,0.00326
690.99548,0.00322
690.28749,0.00317
689.57951,0.00312
688.87152,0.00306
688.16353,0.003
687.45555,0.00293
686.74756,0.00285
686.03957,0.00277
685.33158,0.00269
684.6236,0.00261
683.91561,0.00252
683.20762,0.00244
682.49964,0.00235
681.79165,0.00227
681.08366,0.0022
680.37567,0.00213
679.66769,0.00206
678.9597,0.002
678.25171,0.00194
677.54373,0.0019
676.83574,0.00185
676.12775,0.00182
675.41976,0.00179
674.71178,0.00176
674.00379,0.00174
673.2958,0.00171
672.58782,0.00169
671.87983,0.00167
671.17184,0.00165
670.46385,0.00162
669.75587,0.00159
669.04788,0.00156
668.33989,0.00153
667.6319,0.0015
666.92392,0.00146
666.21593,0.00141
665.50794,0.00137
664.79996,0.00132
664.09197,0.00126
663.38398,0.0012
662.67599,0.00114
661.96801,0.00108
661.26002,0.00102
660.55203,0.00095
659.84405,0.00089
659.13606,0.00082
658.42807,0.00076
657.72008,0.0007
657.0121,0.00064
656.30411,0.00059
655.59612,0.00053
654.88814,0.00048
654.18015,0.00043
653.47216,0.00038
652.76417,0.00033
652.05619,0.00029
651.3482,0.00024
650.64021,0.00019
649.93223,0.00014
649.22424,0.00008
648.51625,0.00003
647.80826,-0.00003
647.10028,-0.0001
646.39229,-0.00016
645.6843,-0.00024
644.97632,-0.00032
644.26833,-0.0004
643.56034,-0.00049
642.85235,-0.00059
642.14437,-0.00069
641.43638,-0.0008
640.72839,-0.00091
640.02041,-0.00102
639.31242,-0.00114
638.60443,-0.00126
637.89644,-0.00139
637.18846,-0.00151
636.48047,-0.00163
635.77248,-0.00174
635.06449,-0.00185
634.35651,-0.00195
633.64852,-0.00204
632.94053,-0.00212
632.23255,-0.00218
631.52456,-0.00223
630.81657,-0.00226
630.10858,-0.00227
629.4006,-0.00226
628.69261,-0.00222
627.98462,-0.00218
627.27664,-0.00214
626.56865,-0.0021
625.86066,-0.00208
625.15267,-0.00207
624.44469,-0.00209
623.7367,-0.00212
623.02871,-0.00218
622.32073,-0.00226
621.61274,-0.00236
620.90475,-0.00248
620.19676,-0.00262
619.48878,-0.00277
618.78079,-0.00294
618.0728,-0.00312
617.36482,-0.00332
616.65683,-0.00353
615.94884,-0.00375
615.24085,-0.00398
614.53287,-0.00422
613.82488,-0.00446
613.11689,-0.0047
612.40891,-0.00493
611.70092,-0.00514
610.99293,-0.00533
610.28494,-0.00549
609.57696,-0.00561
608.86897,-0.0057
608.16098,-0.00575
607.453,-0.00576
606.74501,-0.00574
606.03702,-0.00569
605.32903,-0.00562
604.62105,-0.00555
603.91306,-0.00547
603.20507,-0.00541
602.49708,-0.00536
601.7891,-0.00533
601.08111,-0.00534
600.37312,-0.00539
599.66514,-0.00547
598.95715,-0.00559
598.24916,-0.00575
597.54117,-0.00594
596.83319,-0.00617
596.1252,-0.00643
595.41721,-0.00671
594.70923,-0.00702
594.00124,-0.00733
593.29325,-0.00764
592.58526,-0.00796
591.87728,-0.00825
591.16929,-0.00853
590.4613,-0.00877
589.75332,-0.00898
589.04533,-0.00914
588.33734,-0.00925
587.62935,-0.00931
586.92137,-0.00932
586.21338,-0.00929
585.50539,-0.00923
584.79741,-0.00913
584.08942,-0.00903
583.38143,-0.00892
582.67344,-0.00882
581.96546,-0.00874
581.25747,-0.0087
580.54948,-0.00869
579.8415,-0.00873
579.13351,-0.00882
578.42552,-0.00896
577.71753,-0.00915
577.00955,-0.00937
576.30156,-0.00964
575.59357,-0.00993
574.88559,-0.01025
574.1776,-0.01058
573.46961,-0.01093
572.76162,-0.01128
572.05364,-0.01164
571.34565,-0.01199
570.63766,-0.01233
569.92967,-0.01266
569.22169,-0.01296
568.5137,-0.01324
567.80571,-0.01349
567.09773,-0.01369
566.38974,-0.01385
565.68175,-0.01395
564.97376,-0.01401
564.26578,-0.01401
563.55779,-0.01397
562.8498,-0.01388
562.14182,-0.01377
561.43383,-0.01363
560.72584,-0.01348
560.01785,-0.01333
559.30987,-0.01319
558.60188,-0.01307
557.89389,-0.01298
557.18591,-0.01293
556.47792,-0.01291
555.76993,-0.01293
555.06194,-0.013
554.35396,-0.0131
553.64597,-0.01323
552.93798,-0.01339
552.23,-0.01357
551.52201,-0.01377
550.81402,-0.01399
550.10603,-0.01422
549.39805,-0.01445
548.69006,-0.01468
547.98207,-0.01491
547.27409,-0.01513
546.5661,-0.01534
545.85811,-0.01553
545.15012,-0.01571
544.44214,-0.01587
543.73415,-0.016
543.02616,-0.01611
542.31818,-0.01619
541.61019,-0.01625
540.9022,-0.01628
540.19421,-0.0163
539.48623,-0.01631
538.77824,-0.01631
538.07025,-0.01631
537.36226,-0.01632
536.65428,-0.01633
535.94629,-0.01637
535.2383,-0.01642
534.53032,-0.0165
533.82233,-0.01661
533.11434,-0.01675
532.40635,-0.01691
531.69837,-0.0171
530.99038,-0.01731
530.28239,-0.01753
529.57441,-0.01776
528.86642,-0.018
528.15843,-0.01822
527.45044,-0.01842
526.74246,-0.0186
526.03447,-0.01874
525.32648,-0.01884
524.6185,-0.01889
523.91051,-0.0189
523.20252,-0.01886
522.49453,-0.01878
521.78655,-0.01867
521.07856,-0.01854
520.37057,-0.0184
519.66259,-0.01827
518.9546,-0.01815
518.24661,-0.01806
517.53862,-0.01801
516.83064,-0.018
516.12265,-0.01804
515.41466,-0.01813
514.70668,-0.01827
513.99869,-0.01845
513.2907,-0.01866
512.58271,-0.01889
511.87473,-0.01914
511.16674,-0.0194
510.45875,-0.01967
509.75077,-0.01994
509.04278,-0.02021
508.33479,-0.02049
507.6268,-0.02077
506.91882,-0.02105
506.21083,-0.02133
505.50284,-0.02161
504.79485,-0.02188
504.08687,-0.02214
503.37888,-0.02238
502.67089,-0.02259
501.96291,-0.02276
501.25492,-0.02288
500.54693,-0.02295
499.83894,-0.02296
499.13096,-0.02291
498.42297,-0.02281
497.71498,-0.02266
497.007,-0.02248
496.29901,-0.02229
495.59102,-0.02208
494.88303,-0.02189
494.17505,-0.02172
493.46706,-0.02158
492.75907,-0.0215
492.05109,-0.02147
491.3431,-0.0215
490.63511,-0.0216
489.92712,-0.02175
489.21914,-0.02196
488.51115,-0.02222
487.80316,-0.02251
487.09518,-0.02284
486.38719,-0.02318
485.6792,-0.02352
484.97121,-0.02386
484.26323,-0.02419
483.55524,-0.02449
482.84725,-0.02477
482.13927,-0.02502
481.43128,-0.02524
480.72329,-0.02542
480.0153,-0.02556
479.30732,-0.02567
478.59933,-0.02575
477.89134,-0.0258
477.18336,-0.02583
476.47537,-0.02583
475.76738,-0.02582
475.05939,-0.02579
474.35141,-0.02576
473.64342,-0.02572
472.93543,-0.0257
472.22744,-0.02568
471.51946,-0.0257
470.81147,-0.02575
470.10348,-0.02584
469.3955,-0.02597
468.68751,-0.02616
467.97952,-0.0264
467.27153,-0.02669
466.56355,-0.02702
465.85556,-0.02738
465.14757,-0.02776
464.43959,-0.02816
463.7316,-0.02855
463.02361,-0.02892
462.31562,-0.02927
461.60764,-0.02956
460.89965,-0.02981
460.19166,-0.03001
459.48368,-0.03014
458.77569,-0.03022
458.0677,-0.03026
457.35971,-0.03024
456.65173,-0.0302
455.94374,-0.03013
455.23575,-0.03004
454.52777,-0.02993
453.81978,-0.02982
453.11179,-0.02971
452.4038,-0.02958
451.69582,-0.02945
450.98783,-0.02932
450.27984,-0.02918
449.57186,-0.02904
448.86387,-0.02891
448.15588,-0.02879
447.44789,-0.02869
446.73991,-0.02862
446.03192,-0.02859
445.32393,-0.02861
444.61595,-0.02868
443.90796,-0.02881
443.19997,-0.02899
442.49198,-0.02921
441.784,-0.02947
441.07601,-0.02975
440.36802,-0.03002
439.66003,-0.03027
438.95205,-0.03048
438.24406,-0.03064
437.53607,-0.03071
436.82809,-0.0307
436.1201,-0.0306
435.41211,-0.03041
434.70412,-0.03012
433.99614,-0.02976
433.28815,-0.02932
432.58016,-0.02884
431.87218,-0.02831
431.16419,-0.02777
430.4562,-0.02721
429.74821,-0.02666
429.04023,-0.02612
428.33224,-0.0256
427.62425,-0.02511
426.91627,-0.02466
426.20828,-0.02425
425.50029,-0.02389
424.7923,-0.0236
424.08432,-0.0234
423.37633,-0.0233
422.66834,-0.02333
421.96036,-0.0235
421.25237,-0.02385
420.54438,-0.02437
419.83639,-0.02506
419.12841,-0.02591
418.42042,-0.02689
417.71243,-0.02795
417.00445,-0.02905
416.29646,-0.03014
415.58847,-0.03117
414.88048,-0.0321
414.1725,-0.0329
413.46451,-0.03355
412.75652,-0.03403
412.04854,-0.03434
411.34055,-0.03448
410.63256,-0.03447
409.92457,-0.0343
409.21659,-0.03402
408.5086,-0.03363
407.80061,-0.03318
407.09262,-0.03267
406.38464,-0.03216
405.67665,-0.03165
404.96866,-0.03118
404.26068,-0.03076
403.55269,-0.03042
402.8447,-0.03017
402.13671,-0.03002
401.42873,-0.02999
400.72074,-0.03008
400.01275,-0.03029
399.30477,-0.03062
398.59678,-0.03106
397.88879,-0.03161
397.1808,-0.03222
396.47282,-0.03287
395.76483,-0.03353
395.05684,-0.03416
394.34886,-0.03474
393.64087,-0.03523
392.93288,-0.03563
392.22489,-0.03591
391.51691,-0.03607
390.80892,-0.03613
390.10093,-0.03608
389.39295,-0.03594
388.68496,-0.03573
387.97697,-0.03547
387.26898,-0.03519
386.561,-0.0349
385.85301,-0.03464
385.14502,-0.03443
384.43704,-0.03427
383.72905,-0.03418
383.02106,-0.03415
382.31307,-0.03418
381.60509,-0.03425
380.8971,-0.03434
380.18911,-0.03444
379.48113,-0.03453
378.77314,-0.03459
378.06515,-0.03464
377.35716,-0.03467
376.64918,-0.03471
375.94119,-0.03479
375.2332,-0.03492
374.52521,-0.0351
