spectre
GradoAlcoholico	10.5900002000000
skip
0.759136000000000
0.782021000000000
0.798302000000000
0.813925000000000
0.820499000000000
0.822670000000000
0.826175000000000
0.825220000000000
0.821932000000000
0.815731000000000
0.808410000000000
0.800351000000000
0.790677000000000
0.779714000000000
0.768368000000000
0.756543000000000
0.744673000000000
0.732336000000000
0.719142000000000
0.706493000000000
0.692952000000000
0.679680000000000
0.667824000000000
0.654817000000000
0.640998000000000
0.629432000000000
0.616345000000000
0.603303000000000
0.591828000000000
0.578625000000000
0.566580000000000
0.554376000000000
0.543517000000000
0.532076000000000
0.520731000000000
0.508606000000000
0.497506000000000
0.486585000000000
0.474921000000000
0.464323000000000
0.453988000000000
0.442693000000000
0.432582000000000
0.421369000000000
0.411498000000000
0.400986000000000
0.390597000000000
0.380830000000000
0.371613000000000
0.361102000000000
0.351580000000000
0.343162000000000
0.333773000000000
0.324885000000000
0.316935000000000
0.308446000000000
0.300220000000000
0.291922000000000
0.283796000000000
0.276745000000000
0.268905000000000
0.260901000000000
0.253648000000000
0.246861000000000
0.240283000000000
0.234279000000000
0.227916000000000
0.222120000000000
0.217418000000000
0.212227000000000
0.207432000000000
0.203859000000000
0.198794000000000
0.194490000000000
0.190474000000000
0.186409000000000
0.182637000000000
0.178927000000000
0.175527000000000
0.171935000000000
0.168777000000000
0.165176000000000
0.162001000000000
0.158774000000000
0.155694000000000
0.152407000000000
0.149846000000000
0.146660000000000
0.144140000000000
0.141204000000000
0.138326000000000
0.136157000000000
0.133223000000000
0.130661000000000
0.128598000000000
0.125997000000000
0.123744000000000
0.121277000000000
0.118976000000000
0.117013000000000
0.114920000000000
0.112694000000000
0.110838000000000
0.108647000000000
0.106504000000000
0.104760000000000
0.102790000000000
0.100919000000000
0.0991069970000000
0.0973670040000000
0.0957129970000000
0.0940380020000000
0.0924530030000000
0.0910089980000000
0.0893229990000000
0.0878589970000000
0.0863239990000000
0.0848449990000000
0.0834179970000000
0.0821280030000000
0.0807050020000000
0.0794660000000000
0.0781489980000000
0.0769499990000000
0.0757180010000000
0.0746539980000000
0.0735839980000000
0.0725240040000000
0.0715899990000000
0.0704649980000000
0.0695800040000000
0.0687659980000000
0.0677879970000000
0.0670299980000000
0.0662320030000000
0.0654089970000000
0.0647609980000000
0.0639479980000000
0.0633300020000000
0.0626500030000000
0.0620030020000000
0.0613130000000000
0.0607759990000000
0.0601290020000000
0.0595480020000000
0.0588600000000000
0.0581329990000000
0.0573810000000000
0.0567529980000000
0.0561480000000000
0.0556729990000000
0.0554470010000000
0.0553870010000000
0.0554119980000000
0.0557520020000000
0.0562269990000000
0.0568079990000000
0.0576800000000000
0.0587360000000000
0.0599489990000000
0.0614309980000000
0.0629680010000000
0.0644640030000000
0.0660710040000000
0.0674429980000000
0.0685639980000000
0.0696540030000000
0.0704519970000000
0.0710790010000000
0.0714330000000000
0.0715610010000000
0.0714280010000000
0.0714949970000000
0.0716750030000000
0.0716869980000000
0.0714439970000000
0.0711520020000000
0.0708490010000000
0.0706129970000000
0.0703850020000000
0.0699810010000000
0.0695950020000000
0.0691189990000000
0.0686260010000000
0.0680840020000000
0.0675309970000000
0.0669249970000000
0.0663110020000000
0.0656090010000000
0.0649940000000000
0.0643329990000000
0.0636359970000000
0.0629120020000000
0.0622590000000000
0.0615549980000000
0.0608999990000000
0.0602760020000000
0.0596700010000000
0.0591440010000000
0.0586659980000000
0.0582440010000000
0.0579489990000000
0.0576709990000000
0.0575079990000000
0.0574720020000000
0.0575469990000000
0.0577859990000000
0.0581620000000000
0.0588559990000000
0.0596969980000000
0.0608140010000000
0.0622440020000000
0.0637639980000000
0.0654900000000000
0.0673829990000000
0.0691540020000000
0.0709879990000000
0.0726950020000000
0.0741500030000000
0.0755409970000000
0.0766220020000000
0.0775140000000000
0.0783369990000000
0.0790359970000000
0.0796770010000000
0.0803090040000000
0.0809319990000000
0.0815849970000000
0.0822869990000000
0.0829370020000000
0.0836559980000000
0.0844490010000000
0.0852409970000000
0.0861710010000000
0.0871519970000000
0.0881770030000000
0.0893870000000000
0.0906049980000000
0.0919149970000000
0.0934019980000000
0.0948579980000000
0.0964320000000000
0.0981519970000000
0.0997710000000000
0.101604000000000
0.103500000000000
0.105321000000000
0.107358000000000
0.109368000000000
0.111367000000000
0.113548000000000
0.115617000000000
0.117679000000000
0.119999000000000
0.122335000000000
0.125069000000000
0.128258000000000
0.131837000000000
0.136411000000000
0.141834000000000
0.147851000000000
0.155618000000000
0.164053000000000
0.173449000000000
0.184880000000000
0.196629000000000
0.209988000000000
0.225187000000000
0.240598000000000
0.258612000000000
0.278582000000000
0.299368000000000
0.324422000000000
0.350965000000000
0.378469000000000
0.410673000000000
0.441348000000000
0.471647000000000
0.501949000000000
0.526864000000000
0.548908000000000
0.566983000000000
0.579708000000000
0.590150000000000
0.597232000000000
0.602181000000000
0.605627000000000
0.607443000000000
0.607701000000000
0.606571000000000
0.604141000000000
0.600145000000000
0.594802000000000
0.588591000000000
0.580875000000000
0.572281000000000
0.563356000000000
0.552759000000000
0.542093000000000
0.531067000000000
0.518633000000000
0.506701000000000
0.494045000000000
0.480570000000000
0.467882000000000
0.454078000000000
0.440306000000000
0.427231000000000
0.412955000000000
0.399489000000000
0.386459000000000
0.372649000000000
0.360071000000000
0.347589000000000
0.334968000000000
0.323812000000000
0.312348000000000
0.301564000000000
0.291865000000000
0.281875000000000
0.272979000000000
0.264813000000000
0.256630000000000
0.249568000000000
0.242981000000000
0.236639000000000
0.231447000000000
0.226445000000000
0.222189000000000
0.218637000000000
0.215430000000000
0.212891000000000
0.210914000000000
0.209359000000000
0.208461000000000
0.208100000000000
0.208311000000000
0.209034000000000
0.210429000000000
0.212320000000000
0.214561000000000
0.217701000000000
0.221133000000000
0.225108000000000
0.229835000000000
0.234587000000000
0.240081000000000
0.246058000000000
0.251909000000000
0.258655000000000
0.241067000000000
0.247069000000000
0.253584000000000
0.260241000000000
0.266798000000000
0.274297000000000
0.281998000000000
0.290394000000000
0.300702000000000
0.311864000000000
0.325857000000000
0.343112000000000
0.363154000000000
0.389051000000000
0.420322000000000
0.455733000000000
0.502026000000000
0.551835000000000
0.608943000000000
0.675297000000000
0.741892000000000
0.815829000000000
0.891697000000000
0.964130000000000
1.04201300000000
1.11322700000000
1.17660000000000
1.23502700000000
1.28082800000000
1.31943600000000
1.35250200000000
1.37768300000000
1.40048500000000
1.41917200000000
1.43494590000000
1.45077100000000
1.46471000000000
1.47852500000000
1.49238000000000
1.50458900000000
1.51636900000000
1.52616410000000
1.53442000000000
1.54084400000000
1.54558600000000
1.54895000000000
1.55128300000000
1.55221300000000
1.55161000000000
1.54956100000000
1.54630700000000
1.54130100000000
1.53578810000000
1.52883010000000
1.52085800000000
1.51303700000000
1.50433800000000
1.49494900000000
1.48626900000000
1.47685100000000
1.46742000000000
1.45835300000000
1.44833900000000
1.43920700000000
1.42961390000000
1.41978390000000
1.41088400000000
1.40128300000000
1.39201900000000
1.38334500000000
1.37387100000000
1.36524300000000
1.35683000000000
1.34834600000000
1.34086500000000
1.33335300000000
1.32678500000000
1.32108290000000
1.31563310000000
1.31143610000000
1.30831000000000
1.30614200000000
1.30523400000000
1.30550500000000
1.30740090000000
1.31051000000000
1.31565900000000
1.32212100000000
1.33059300000000
1.34117200000000
1.35329290000000
1.36791800000000
1.38454400000000
1.40245290000000
1.42460700000000
1.44748290000000
1.47336490000000
1.50303700000000
1.53316700000000
1.56783700000000
1.60534410000000
1.64356900000000
1.68904300000000
1.73458600000000
1.78441890000000
1.83944090000000
1.89418300000000
1.95639600000000
2.01984810000000
2.08381800000000
2.15486100000000
2.22513290000000
2.29500100000000
2.36958600000000
2.43656900000000
2.50798700000000
2.57499790000000
2.62947610000000
2.69365190000000
2.74431490000000
2.78593210000000
2.82876610000000
2.86068110000000
2.89441900000000
2.92153600000000
2.94199710000000
2.95707390000000
2.98159290000000
2.99250700000000
3.01118710000000
3.02485200000000
3.03891800000000
3.05541900000000
3.06585500000000
3.08494710000000
3.09864710000000
3.10857890000000
3.11140610000000
3.12342690000000
3.12826200000000
3.13295200000000
3.14697100000000
3.13920400000000
3.16090610000000
3.16885710000000
3.17288900000000
3.17799310000000
3.19059490000000
3.18029590000000
3.19591090000000
3.19508410000000
3.20012000000000
3.20169500000000
3.19713900000000
3.21661210000000
3.23287510000000
3.21838500000000
3.21785210000000
3.23167110000000
3.23931100000000
3.23667600000000
3.25088410000000
3.23607400000000
3.24593710000000
3.24714400000000
3.24937200000000
3.26370310000000
3.26874590000000
3.26508500000000
3.26994110000000
3.25766110000000
3.28413800000000
3.25902800000000
3.28662110000000
3.28909300000000
3.29409910000000
3.29468010000000
3.30572700000000
3.30544590000000
3.29820610000000
3.32083300000000
3.32647200000000
3.31521110000000
3.31832500000000
3.32520890000000
3.32921100000000
3.33886600000000
3.34431600000000
3.34480400000000
3.33305310000000
3.35666110000000
3.35313010000000
3.35610200000000
3.33936410000000
3.34346390000000
3.33373690000000
3.33413510000000
3.34263610000000
3.30447200000000
3.33584810000000
3.30845090000000
3.31057690000000
3.28911710000000
3.30941610000000
3.32010010000000
3.28397200000000
3.31003500000000
3.31148510000000
3.31841710000000
3.29373100000000
3.33556100000000
3.32928110000000
3.33360200000000
3.35454010000000
3.36744000000000
3.35006400000000
3.38416000000000
3.37374400000000
3.40767790000000
3.39489100000000
3.41466810000000
3.44103600000000
3.42387890000000
3.43682000000000
3.45471410000000
3.44093800000000
3.44221710000000
3.45331310000000
3.48120400000000
3.46473290000000
3.44957300000000
3.45386290000000
3.45718790000000
3.46970890000000
3.47160910000000
3.46806190000000
3.47060610000000
3.46624300000000
3.46343490000000
3.47664190000000
3.45986800000000
3.48258500000000
3.47667100000000
3.47981500000000
3.48372790000000
3.46663000000000
3.47662500000000
3.48789310000000
3.47838900000000
3.49048810000000
3.47043610000000
3.49067590000000
3.49525900000000
3.48854090000000
3.48959990000000
3.50657200000000
3.49662090000000
3.51080300000000
3.50883700000000
3.53187490000000
3.52334690000000
3.52909590000000
3.52409790000000
3.53781290000000
3.52604290000000
3.54880310000000
3.56882810000000
3.53358790000000
3.56623290000000
3.56967900000000
3.55071590000000
3.53794190000000
3.57107210000000
3.55498500000000
3.56636690000000
3.57335710000000
3.58908010000000
3.54417800000000
3.56286000000000
3.55632090000000
3.56063290000000
3.53671790000000
3.54265400000000
3.52868010000000
3.53739310000000
3.54101800000000
3.50271890000000
3.49640300000000
3.49889490000000
3.50229500000000
3.48549010000000
3.48835900000000
3.46392010000000
3.46079400000000
3.44765310000000
3.39869090000000
3.42960410000000
3.41705390000000
3.40249800000000
3.41655490000000
3.40351800000000
3.37206790000000
3.36561300000000
3.36639000000000
3.34953810000000
3.31396290000000
3.31855990000000
3.29451110000000
3.26653600000000
3.26286100000000
3.24579000000000
3.25307610000000
3.26962800000000
3.28393200000000
3.30141000000000
3.29539990000000
3.29950500000000
3.31899190000000
3.29587100000000
3.31203790000000
3.31154990000000
3.30164690000000
3.29837990000000
3.30991700000000
3.30205010000000
3.31687590000000
3.32626010000000
3.34529400000000
3.38106700000000
3.35698700000000
3.36531400000000
3.37140490000000
3.38056210000000
3.38396190000000
3.39915490000000
3.38668490000000
3.40803600000000
3.44528390000000
3.45128700000000
3.46636700000000
3.47530100000000
3.49155000000000
3.54789900000000
3.56615300000000
3.57239290000000
3.59219790000000
3.61820200000000
3.70458890000000
3.68626500000000
3.78079100000000
3.85734610000000
3.78389310000000
3.83379290000000
3.80138900000000
3.82399300000000
3.81135200000000
3.79843310000000
3.85939000000000
3.82207800000000
3.76565600000000
3.83381700000000
3.86173300000000
3.83191200000000
3.76520610000000
3.71196790000000
3.79690910000000
3.74874310000000
3.70792010000000
3.79171400000000
3.77691790000000
3.76715300000000
3.75378610000000
3.75121310000000
3.84349610000000
3.77905700000000
3.74751210000000
3.84509800000000
3.78175090000000
3.74845600000000
3.79699110000000
3.76629300000000
3.78719500000000
3.69664600000000
3.78607010000000
3.72419190000000
3.69328900000000
3.72477200000000
3.69281600000000
3.69905400000000
3.69772200000000
3.71314410000000
3.71100900000000
3.60293010000000
3.70404290000000
3.69025300000000
3.66376090000000
3.68061590000000
3.64997790000000
3.68688990000000
3.70743200000000
3.72149110000000
3.63707400000000
3.70996310000000
3.71659990000000
3.75261500000000
3.72017790000000
3.69636800000000
3.72148390000000
3.71327400000000
3.73707700000000
3.71645500000000
3.66628690000000
3.72751190000000
3.76373600000000
3.70040990000000
3.75896100000000
3.69070100000000
3.65786410000000
3.66085100000000
3.66784810000000
3.72723100000000
3.67895600000000
3.67324300000000
3.67046000000000
3.70231800000000
3.69854810000000
3.63932900000000
3.73313500000000
3.67910410000000
3.64846110000000
3.71306710000000
3.68710090000000
3.63869310000000
3.69352100000000
3.62244200000000
3.63122700000000
3.60595990000000
3.59825800000000
3.63135600000000
3.63243510000000
3.56471610000000
3.56125500000000
3.56511400000000
3.59681110000000
3.54304600000000
3.56325790000000
3.54643610000000
3.58467700000000
3.49754810000000
3.51802800000000
3.52095890000000
3.52291610000000
3.51900700000000
3.52486490000000
3.46099400000000
3.49908090000000
3.51517510000000
3.46262410000000
3.48365590000000
3.45664690000000
3.47031090000000
3.43179610000000
3.47748400000000
3.44663310000000
3.43475100000000
3.43385410000000
3.39562890000000
3.42543010000000
3.39323210000000
3.41390900000000
3.42606310000000
3.38448100000000
3.40625810000000
3.39135600000000
3.39854410000000
3.40796590000000
3.37915110000000
3.37680200000000
3.37421890000000
3.37014700000000
3.35233400000000
3.34859700000000
3.34108900000000
3.36001710000000
3.35883090000000
3.34312200000000
3.32075000000000
3.35825610000000
3.36474900000000
3.33921290000000
3.34824610000000
3.35147000000000
3.38247700000000
3.32444410000000
3.34381600000000
3.35483410000000
3.37331390000000
3.36043500000000
3.35834690000000
3.35673190000000
3.34322600000000
3.35369300000000
3.37593010000000
3.35910200000000
3.38107110000000
3.35247710000000
3.39883710000000
3.36461590000000
3.41359090000000
3.36126900000000
3.37928300000000
3.38042310000000
3.37330290000000
3.37507700000000
3.39663290000000
3.36887600000000
3.35114910000000
3.38370800000000
3.34981110000000
3.38990090000000
3.37812300000000
3.35424210000000
3.34320590000000
3.37505100000000
3.36513810000000
3.40566900000000
3.41605090000000
3.40287590000000
3.40773110000000
3.40523100000000
3.44179300000000
3.39129300000000
3.41698410000000
3.43161300000000
3.48023100000000
3.46353510000000
3.48656890000000
3.46461010000000
3.50239110000000
3.47554110000000
3.48817610000000
3.52853200000000
3.56047700000000
3.54938200000000
3.49150490000000
3.52869300000000
3.62313290000000
3.52699300000000
3.56176810000000
3.49770310000000
3.56370500000000
3.51488590000000
3.56825090000000
3.55103400000000
3.56988310000000
3.58911300000000
3.57220890000000
3.55524800000000
3.61151790000000
3.57783700000000
3.59580990000000
3.54507400000000
3.55887510000000
3.64348510000000
3.63125990000000
3.62109710000000
3.64056800000000
3.59806390000000
3.66544600000000
3.60639410000000
3.68171310000000
3.64032790000000
3.61529710000000
3.65559600000000
3.62357810000000
3.69631510000000