spectre
GradoAlcoholico	11.0500002000000
skip
0.802244000000000
0.829297000000000
0.851631000000000
0.869448000000000
0.883689000000000
0.893746000000000
0.903754000000000
0.903621000000000
0.902675000000000
0.899775000000000
0.893188000000000
0.888370000000000
0.879005000000000
0.869676000000000
0.858822000000000
0.846179000000000
0.833843000000000
0.819558000000000
0.805801000000000
0.792450000000000
0.777192000000000
0.761887000000000
0.747814000000000
0.732520000000000
0.716362000000000
0.702222000000000
0.686883000000000
0.671661000000000
0.656997000000000
0.642407000000000
0.627545000000000
0.613939000000000
0.599209000000000
0.585887000000000
0.572389000000000
0.557385000000000
0.544569000000000
0.531644000000000
0.517893000000000
0.506681000000000
0.492867000000000
0.479022000000000
0.467874000000000
0.455344000000000
0.442930000000000
0.431464000000000
0.419199000000000
0.407411000000000
0.396465000000000
0.384636000000000
0.374015000000000
0.364052000000000
0.353375000000000
0.343105000000000
0.333843000000000
0.324231000000000
0.314672000000000
0.306106000000000
0.296242000000000
0.287687000000000
0.279040000000000
0.270226000000000
0.262242000000000
0.254424000000000
0.246766000000000
0.239858000000000
0.233247000000000
0.226536000000000
0.220572000000000
0.214731000000000
0.209241000000000
0.205113000000000
0.199052000000000
0.194593000000000
0.190315000000000
0.186042000000000
0.181499000000000
0.177634000000000
0.173191000000000
0.169678000000000
0.166018000000000
0.161947000000000
0.158405000000000
0.154749000000000
0.151296000000000
0.148210000000000
0.144904000000000
0.141581000000000
0.138600000000000
0.135437000000000
0.132513000000000
0.129752000000000
0.126981000000000
0.124306000000000
0.121745000000000
0.119201000000000
0.116565000000000
0.114389000000000
0.111814000000000
0.109473000000000
0.107444000000000
0.104992000000000
0.102969000000000
0.100905000000000
0.0987230020000000
0.0968480040000000
0.0949380030000000
0.0929740000000000
0.0912069980000000
0.0892269980000000
0.0875649970000000
0.0859439970000000
0.0842380000000000
0.0827609970000000
0.0812129970000000
0.0795710010000000
0.0783130010000000
0.0767730030000000
0.0753270020000000
0.0740270020000000
0.0725720000000000
0.0711970030000000
0.0700109970000000
0.0689290020000000
0.0676740040000000
0.0666510020000000
0.0655829980000000
0.0646060030000000
0.0635970010000000
0.0627409960000000
0.0617979990000000
0.0609350020000000
0.0601460000000000
0.0593300010000000
0.0585950020000000
0.0578790010000000
0.0572290010000000
0.0566020010000000
0.0559439990000000
0.0552950020000000
0.0547330010000000
0.0541080010000000
0.0536080000000000
0.0530780000000000
0.0525010000000000
0.0519640000000000
0.0512750000000000
0.0506329980000000
0.0500160010000000
0.0494950000000000
0.0490709990000000
0.0488849990000000
0.0488960000000000
0.0490540010000000
0.0493969990000000
0.0499229990000000
0.0505700000000000
0.0515169990000000
0.0526530000000000
0.0538819990000000
0.0554570000000000
0.0570710000000000
0.0586580000000000
0.0603119990000000
0.0617120010000000
0.0629540010000000
0.0641330030000000
0.0650449990000000
0.0657429990000000
0.0662439990000000
0.0664369990000000
0.0664049980000000
0.0665780010000000
0.0667880030000000
0.0668039990000000
0.0665879990000000
0.0663530010000000
0.0661330000000000
0.0659470040000000
0.0657420010000000
0.0654300000000000
0.0650800020000000
0.0646670010000000
0.0642239970000000
0.0637310000000000
0.0632330030000000
0.0626709980000000
0.0621329990000000
0.0615089980000000
0.0609060000000000
0.0602860000000000
0.0596310010000000
0.0589709990000000
0.0583640000000000
0.0576989990000000
0.0571100000000000
0.0565590000000000
0.0559910010000000
0.0555110010000000
0.0551100000000000
0.0546900000000000
0.0544230010000000
0.0542280000000000
0.0541080010000000
0.0540880000000000
0.0542210010000000
0.0544990000000000
0.0549409990000000
0.0556560010000000
0.0565479990000000
0.0576880020000000
0.0591650010000000
0.0607170020000000
0.0624810010000000
0.0644330010000000
0.0662309970000000
0.0680949990000000
0.0698670000000000
0.0713550000000000
0.0727550010000000
0.0738900010000000
0.0748139990000000
0.0756599980000000
0.0763920020000000
0.0770789980000000
0.0777330030000000
0.0783760030000000
0.0790449980000000
0.0797600000000000
0.0804340020000000
0.0811989980000000
0.0820109990000000
0.0828159970000000
0.0837860030000000
0.0847980010000000
0.0858440030000000
0.0870909990000000
0.0883539990000000
0.0896869970000000
0.0912029970000000
0.0926870030000000
0.0943069980000000
0.0960529970000000
0.0977440030000000
0.0996119980000000
0.101557000000000
0.103437000000000
0.105541000000000
0.107595000000000
0.109618000000000
0.111851000000000
0.113924000000000
0.116018000000000
0.118341000000000
0.120731000000000
0.123453000000000
0.126676000000000
0.130224000000000
0.134787000000000
0.140200000000000
0.146215000000000
0.153967000000000
0.162396000000000
0.171770000000000
0.183218000000000
0.194953000000000
0.208278000000000
0.223470000000000
0.238856000000000
0.256839000000000
0.276814000000000
0.297529000000000
0.322499000000000
0.349035000000000
0.376496000000000
0.408646000000000
0.439317000000000
0.469595000000000
0.499950000000000
0.524859000000000
0.547011000000000
0.565121000000000
0.577927000000000
0.588452000000000
0.595590000000000
0.600562000000000
0.604037000000000
0.605851000000000
0.606167000000000
0.605007000000000
0.602564000000000
0.598585000000000
0.593228000000000
0.587002000000000
0.579300000000000
0.570686000000000
0.561738000000000
0.551154000000000
0.540500000000000
0.529484000000000
0.517030000000000
0.505121000000000
0.492481000000000
0.479027000000000
0.466372000000000
0.452593000000000
0.438861000000000
0.425806000000000
0.411540000000000
0.398075000000000
0.385057000000000
0.371260000000000
0.358736000000000
0.346254000000000
0.333638000000000
0.322523000000000
0.311094000000000
0.300339000000000
0.290658000000000
0.280718000000000
0.271848000000000
0.263696000000000
0.255537000000000
0.248526000000000
0.241942000000000
0.235629000000000
0.230450000000000
0.225483000000000
0.221215000000000
0.217661000000000
0.214479000000000
0.211963000000000
0.209939000000000
0.208424000000000
0.207541000000000
0.207178000000000
0.207398000000000
0.208143000000000
0.209547000000000
0.211441000000000
0.213691000000000
0.216825000000000
0.220242000000000
0.224192000000000
0.228915000000000
0.233681000000000
0.239107000000000
0.245107000000000
0.251024000000000
0.257649000000000
0.239076000000000
0.245069000000000
0.251577000000000
0.258225000000000
0.264765000000000
0.272274000000000
0.279984000000000
0.288372000000000
0.298673000000000
0.309829000000000
0.323792000000000
0.340991000000000
0.360994000000000
0.386881000000000
0.418070000000000
0.453433000000000
0.499707000000000
0.549379000000000
0.606541000000000
0.672900000000000
0.739402000000000
0.813450000000000
0.889225000000000
0.961866000000000
1.03965400000000
1.11097500000000
1.17467590000000
1.23333700000000
1.27917500000000
1.31808810000000
1.35109310000000
1.37637310000000
1.39940300000000
1.41798700000000
1.43416000000000
1.44963900000000
1.46382400000000
1.47763100000000
1.49167000000000
1.50396800000000
1.51557000000000
1.52569500000000
1.53359900000000
1.54008600000000
1.54458590000000
1.54764900000000
1.54961800000000
1.55032300000000
1.54947500000000
1.54753900000000
1.54414200000000
1.53902100000000
1.53288100000000
1.52609000000000
1.51794100000000
1.50978800000000
1.50095200000000
1.49164200000000
1.48285500000000
1.47302700000000
1.46351100000000
1.45444600000000
1.44436710000000
1.43505200000000
1.42548700000000
1.41564600000000
1.40660700000000
1.39695500000000
1.38756500000000
1.37879800000000
1.36923600000000
1.36058700000000
1.35226600000000
1.34377300000000
1.33642700000000
1.32889200000000
1.32230900000000
1.31648190000000
1.31126300000000
1.30711900000000
1.30383210000000
1.30162000000000
1.30073600000000
1.30116200000000
1.30300200000000
1.30612500000000
1.31127910000000
1.31765200000000
1.32618200000000
1.33684800000000
1.34856800000000
1.36331610000000
1.37999900000000
1.39794100000000
1.42002700000000
1.44294200000000
1.46867700000000
1.49811600000000
1.52821100000000
1.56294800000000
1.60020200000000
1.63844100000000
1.68397000000000
1.72901800000000
1.77906100000000
1.83408900000000
1.88904500000000
1.95054200000000
2.01471400000000
2.07734610000000
2.14982390000000
2.21900010000000
2.29086490000000
2.36438700000000
2.43188600000000
2.50312210000000
2.56860800000000
2.62845990000000
2.68914890000000
2.73853900000000
2.78298400000000
2.82697200000000
2.85752390000000
2.89130090000000
2.91448500000000
2.93905210000000
2.95978310000000
2.97185800000000
2.99267200000000
3.00882410000000
3.02439590000000
3.04155900000000
3.06236290000000
3.06448510000000
3.08166100000000
3.09262300000000
3.10258700000000
3.11151100000000
3.11571500000000
3.13127900000000
3.13984890000000
3.14285900000000
3.14471890000000
3.15686490000000
3.17029500000000
3.16542510000000
3.17468190000000
3.17892690000000
3.19240090000000
3.19247700000000
3.19524600000000
3.20059200000000
3.20370410000000
3.20109200000000
3.20640990000000
3.20561100000000
3.22126600000000
3.22047400000000
3.23209190000000
3.23828200000000
3.23367400000000
3.24739190000000
3.23827790000000
3.24151110000000
3.24736190000000
3.25391890000000
3.26280310000000
3.26688600000000
3.27105090000000
3.26639290000000
3.27679800000000
3.27490590000000
3.28186300000000
3.28482510000000
3.29331400000000
3.28748800000000
3.30244990000000
3.30140300000000
3.30154610000000
3.30237600000000
3.31506800000000
3.30202290000000
3.31855610000000
3.31239200000000
3.32948710000000
3.32035800000000
3.32387710000000
3.33950300000000
3.33737110000000
3.34159710000000
3.33394290000000
3.33988400000000
3.33991000000000
3.33901000000000
3.32565810000000
3.32806710000000
3.31436490000000
3.32079790000000
3.31765510000000
3.28700210000000
3.30745910000000
3.30009290000000
3.29968000000000
3.29859300000000
3.28452210000000
3.29869200000000
3.29257300000000
3.31177210000000
3.30612610000000
3.30574010000000
3.33152700000000
3.33270100000000
3.33953910000000
3.32294010000000
3.35836290000000
3.37429590000000
3.34745000000000
3.38686110000000
3.38272310000000
3.38876510000000
3.40604400000000
3.39130000000000
3.41289090000000
3.42059210000000
3.41809890000000
3.43718910000000
3.42345910000000
3.43742700000000
3.45270710000000
3.46026900000000
3.45955110000000
3.46087600000000
3.45447710000000
3.45085810000000
3.46745710000000
3.45302390000000
3.45078610000000
3.46240400000000
3.45665690000000
3.45723200000000
3.46429400000000
3.47721200000000
3.45807100000000
3.46052600000000
3.48043890000000
3.47034910000000
3.47302100000000
3.50016310000000
3.45153310000000
3.46270300000000
3.46975400000000
3.47561910000000
3.48524500000000
3.47960210000000
3.47400090000000
3.50102000000000
3.49917700000000
3.49834300000000
3.50634790000000
3.51518800000000
3.52689100000000
3.52915810000000
3.52736090000000
3.53911500000000
3.52544310000000
3.54099300000000
3.52211000000000
3.56308700000000
3.55735800000000
3.56701490000000
3.56049610000000
3.56803890000000
3.57302900000000
3.58065100000000
3.56443310000000
3.57923290000000
3.56118110000000
3.55386090000000
3.57893110000000
3.54439810000000
3.53475500000000
3.53831700000000
3.55372500000000
3.54336500000000
3.54064890000000
3.52167300000000
3.52156000000000
3.52529190000000
3.50386190000000
3.49866290000000
3.47662810000000
3.48196510000000
3.46527190000000
3.45525690000000
3.43157410000000
3.42739700000000
3.40878700000000
3.40516300000000
3.40250400000000
3.40991310000000
3.38383100000000
3.38328910000000
3.37220810000000
3.36278300000000
3.35808110000000
3.32957200000000
3.31109600000000
3.26425910000000
3.26991200000000
3.25087000000000
3.24488090000000
3.24781300000000
3.25585790000000
3.27928710000000
3.27346800000000
3.29792000000000
3.28512910000000
3.29210400000000
3.30734800000000
3.30088090000000
3.29356290000000
3.29347610000000
3.30977010000000
3.31459000000000
3.31054590000000
3.31064390000000
3.33233810000000
3.33349110000000
3.34342500000000
3.34690090000000
3.35652900000000
3.36605410000000
3.37038110000000
3.38098500000000
3.37730910000000
3.39528110000000
3.40933110000000
3.44703510000000
3.44659810000000
3.44708800000000
3.49287100000000
3.51113100000000
3.52675700000000
3.56145500000000
3.57549500000000
3.62385010000000
3.65717790000000
3.71815800000000
3.72085000000000
3.77942400000000
3.80278710000000
3.83595300000000
3.78530000000000
3.84944390000000
3.84105800000000
3.86652400000000
3.80995490000000
3.86689710000000
3.82567690000000
3.81207490000000
3.78432800000000
3.82433890000000
3.82171890000000
3.80769800000000
3.78931310000000
3.78028010000000
3.74445890000000
3.78664300000000
3.74763200000000
3.74526000000000
3.76278810000000
3.74800210000000
3.77630500000000
3.74656610000000
3.75798300000000
3.71037200000000
3.79821990000000
3.79396890000000
3.76277400000000
3.72977210000000
3.74552890000000
3.74207500000000
3.76139000000000
3.72456790000000
3.73212600000000
3.75904890000000
3.70342110000000
3.72623990000000
3.75681900000000
3.73566890000000
3.72547010000000
3.71464610000000
3.72747400000000
3.70681500000000
3.70828200000000
3.66500000000000
3.69860100000000
3.71312000000000
3.71717910000000
3.69177200000000
3.73792410000000
3.78134700000000
3.69705700000000
3.71626590000000
3.67114710000000
3.70132990000000
3.71687290000000
3.73644090000000
3.69976000000000
3.75369600000000
3.74343610000000
3.74116800000000
3.72515010000000
3.70936490000000
3.74496700000000
3.72363310000000
3.74018100000000
3.71079800000000
3.72226100000000
3.70297190000000
3.71461800000000
3.71690610000000
3.72566800000000
3.68159390000000
3.69059900000000
3.67057610000000
3.68808510000000
3.67934800000000
3.66900300000000
3.71175600000000
3.72520090000000
3.71286990000000
3.63986900000000
3.63606500000000
3.66236500000000
3.67291810000000
3.64143990000000
3.62228990000000
3.63596390000000
3.60939100000000
3.62684490000000
3.61180500000000
3.57698890000000
3.56177210000000
3.58483000000000
3.57036300000000
3.51013400000000
3.55386090000000
3.55000000000000
3.55386500000000
3.50592590000000
3.52574490000000
3.51255890000000
3.49692610000000
3.48460890000000
3.48009610000000
3.48021410000000
3.47012400000000
3.50838210000000
3.46577100000000
3.47767000000000
3.46868900000000
3.43785600000000
3.48447990000000
3.43242190000000
3.45921110000000
3.41907000000000
3.42413500000000
3.43639590000000
3.40857010000000
3.43767000000000
3.41050600000000
3.40803600000000
3.40227010000000
3.38788700000000
3.40299010000000
3.41069510000000
3.39768510000000
3.35196810000000
3.37265800000000
3.36931490000000
3.37650900000000
3.35021400000000
3.35250710000000
3.36944700000000
3.35120700000000
3.34914900000000
3.34910300000000
3.35723300000000
3.35104610000000
3.35399010000000
3.35763190000000
3.34212090000000
3.36182000000000
3.34733100000000
3.35087800000000
3.33686710000000
3.35383010000000
3.33867790000000
3.37046100000000
3.36583400000000
3.38870810000000
3.37694600000000
3.39381910000000
3.37170410000000
3.36926390000000
3.40576200000000
3.38447190000000
3.38522510000000
3.38123200000000
3.38778590000000
3.37369200000000
3.39535400000000
3.39324000000000
3.39083700000000
3.40575910000000
3.36094590000000
3.38302990000000
3.39325900000000
3.37761000000000
3.40030290000000
3.38060690000000
3.39872000000000
3.41775110000000
3.40357090000000
3.37925700000000
3.41291690000000
3.39538000000000
3.47190000000000
3.42821290000000
3.44162390000000
3.44328310000000
3.47595310000000
3.46858690000000
3.48390290000000
3.48016410000000
3.48324890000000
3.48577810000000
3.52313490000000
3.51232910000000
3.51384210000000
3.51443790000000
3.50023200000000
3.53852200000000
3.54000900000000
3.51761010000000
3.56960610000000
3.54264900000000
3.58440490000000
3.55566310000000
3.61542200000000
3.57445600000000
3.61079000000000
3.63182710000000
3.58382010000000
3.59257510000000
3.58689500000000
3.55801610000000
3.61465810000000
3.60332300000000
3.59194990000000
3.62813810000000
3.60056210000000
3.63520600000000
3.58637000000000
3.61630610000000
3.57852600000000
3.68122790000000
3.57385710000000
3.63234810000000
3.61296010000000
3.65343090000000
3.60835290000000
3.61089610000000
3.58486700000000
3.63297300000000