spectre
GradoAlcoholico	10.1899996000000
skip
0.784729000000000
0.807923000000000
0.827098000000000
0.839644000000000
0.855983000000000
0.859866000000000
0.864214000000000
0.866217000000000
0.863279000000000
0.857495000000000
0.852440000000000
0.846239000000000
0.835601000000000
0.826566000000000
0.815807000000000
0.802968000000000
0.792476000000000
0.779796000000000
0.766190000000000
0.752572000000000
0.740096000000000
0.724761000000000
0.711723000000000
0.698861000000000
0.684710000000000
0.672574000000000
0.658732000000000
0.645092000000000
0.632530000000000
0.618756000000000
0.606400000000000
0.594185000000000
0.581580000000000
0.569165000000000
0.557537000000000
0.545273000000000
0.533617000000000
0.522560000000000
0.511341000000000
0.499942000000000
0.488886000000000
0.477448000000000
0.467113000000000
0.456178000000000
0.445412000000000
0.435739000000000
0.425593000000000
0.414393000000000
0.405051000000000
0.395104000000000
0.385261000000000
0.375940000000000
0.366743000000000
0.358363000000000
0.348868000000000
0.340700000000000
0.332534000000000
0.324589000000000
0.315670000000000
0.307588000000000
0.299675000000000
0.291285000000000
0.284190000000000
0.276817000000000
0.269836000000000
0.263554000000000
0.257185000000000
0.251147000000000
0.245601000000000
0.240114000000000
0.234955000000000
0.229961000000000
0.225102000000000
0.220737000000000
0.216697000000000
0.212124000000000
0.208081000000000
0.204036000000000
0.200102000000000
0.196130000000000
0.192056000000000
0.188405000000000
0.184914000000000
0.181525000000000
0.177837000000000
0.174418000000000
0.171077000000000
0.167675000000000
0.164504000000000
0.161335000000000
0.157899000000000
0.154878000000000
0.151845000000000
0.149156000000000
0.146421000000000
0.143595000000000
0.141004000000000
0.138234000000000
0.135541000000000
0.133173000000000
0.130748000000000
0.128023000000000
0.125905000000000
0.123638000000000
0.121309000000000
0.119233000000000
0.117122000000000
0.114876000000000
0.112833000000000
0.110662000000000
0.108813000000000
0.106978000000000
0.104965000000000
0.103419000000000
0.101577000000000
0.0997459960000000
0.0981779990000000
0.0964900030000000
0.0948150010000000
0.0933139990000000
0.0917679970000000
0.0902440030000000
0.0888170000000000
0.0873629970000000
0.0859870020000000
0.0847909970000000
0.0834769980000000
0.0823090000000000
0.0812079980000000
0.0800530020000000
0.0790079980000000
0.0779760030000000
0.0769120010000000
0.0759380010000000
0.0749439970000000
0.0740320010000000
0.0731420000000000
0.0722879990000000
0.0714780020000000
0.0706899990000000
0.0698840020000000
0.0690130000000000
0.0683569980000000
0.0676139970000000
0.0668390020000000
0.0660049990000000
0.0650829970000000
0.0642500000000000
0.0634159970000000
0.0626749990000000
0.0620680000000000
0.0616270010000000
0.0613490010000000
0.0613269990000000
0.0615109990000000
0.0617970000000000
0.0623180010000000
0.0630630030000000
0.0640359970000000
0.0651149970000000
0.0664850030000000
0.0679150000000000
0.0693629980000000
0.0708260010000000
0.0721089990000000
0.0732389990000000
0.0742520020000000
0.0750320030000000
0.0756200030000000
0.0759729970000000
0.0760150030000000
0.0758550020000000
0.0757620040000000
0.0757990030000000
0.0756570030000000
0.0752670020000000
0.0749000010000000
0.0745119970000000
0.0741949980000000
0.0738950000000000
0.0734340030000000
0.0729380030000000
0.0724250000000000
0.0718410020000000
0.0712639990000000
0.0706010010000000
0.0699189980000000
0.0692849980000000
0.0685309990000000
0.0678120030000000
0.0670730020000000
0.0662999970000000
0.0655369980000000
0.0648230020000000
0.0640380010000000
0.0633450000000000
0.0626719970000000
0.0619769990000000
0.0613910000000000
0.0608710010000000
0.0603509990000000
0.0600109990000000
0.0596689990000000
0.0594660010000000
0.0593569990000000
0.0593600010000000
0.0595510010000000
0.0598960000000000
0.0605069990000000
0.0613100010000000
0.0623670000000000
0.0637530010000000
0.0652289990000000
0.0668879970000000
0.0687690000000000
0.0704850030000000
0.0722419990000000
0.0739279990000000
0.0753199980000000
0.0766370000000000
0.0776989980000000
0.0785430000000000
0.0793170030000000
0.0799710010000000
0.0805800040000000
0.0812039970000000
0.0817350000000000
0.0823400020000000
0.0830079990000000
0.0836310010000000
0.0842989980000000
0.0850580040000000
0.0858070030000000
0.0867019970000000
0.0876370000000000
0.0885970000000000
0.0897850020000000
0.0909850000000000
0.0922309980000000
0.0936950000000000
0.0951019970000000
0.0966520010000000
0.0983439980000000
0.0999620040000000
0.101748000000000
0.103597000000000
0.105380000000000
0.107406000000000
0.109375000000000
0.111291000000000
0.113448000000000
0.115439000000000
0.117464000000000
0.119722000000000
0.122030000000000
0.124742000000000
0.127934000000000
0.131469000000000
0.136013000000000
0.141422000000000
0.147397000000000
0.155154000000000
0.163562000000000
0.172939000000000
0.184392000000000
0.196111000000000
0.209450000000000
0.224655000000000
0.240060000000000
0.258064000000000
0.278058000000000
0.298812000000000
0.323811000000000
0.350404000000000
0.377898000000000
0.410098000000000
0.440731000000000
0.471135000000000
0.501487000000000
0.526423000000000
0.548530000000000
0.566648000000000
0.579414000000000
0.589910000000000
0.597010000000000
0.601993000000000
0.605448000000000
0.607251000000000
0.607558000000000
0.606406000000000
0.603967000000000
0.599979000000000
0.594616000000000
0.588416000000000
0.580727000000000
0.572073000000000
0.563131000000000
0.552539000000000
0.541858000000000
0.530809000000000
0.518354000000000
0.506425000000000
0.493733000000000
0.480260000000000
0.467574000000000
0.453778000000000
0.440004000000000
0.426881000000000
0.412555000000000
0.399083000000000
0.386013000000000
0.372155000000000
0.359562000000000
0.347027000000000
0.334394000000000
0.323190000000000
0.311690000000000
0.300894000000000
0.291171000000000
0.281162000000000
0.272249000000000
0.264037000000000
0.255838000000000
0.248749000000000
0.242104000000000
0.235800000000000
0.230582000000000
0.225528000000000
0.221230000000000
0.217683000000000
0.214474000000000
0.211899000000000
0.209942000000000
0.208384000000000
0.207460000000000
0.207137000000000
0.207351000000000
0.208090000000000
0.209440000000000
0.211356000000000
0.213634000000000
0.216779000000000
0.220237000000000
0.224190000000000
0.228875000000000
0.233691000000000
0.239166000000000
0.245142000000000
0.251088000000000
0.257771000000000
0.240275000000000
0.246283000000000
0.252792000000000
0.259452000000000
0.266007000000000
0.273528000000000
0.281246000000000
0.289647000000000
0.299945000000000
0.311129000000000
0.325108000000000
0.342363000000000
0.362401000000000
0.388314000000000
0.419545000000000
0.454919000000000
0.501173000000000
0.550935000000000
0.608162000000000
0.674572000000000
0.741183000000000
0.815238000000000
0.891133000000000
0.963709000000000
1.04179600000000
1.11306410000000
1.17675400000000
1.23531900000000
1.28111200000000
1.31977900000000
1.35294600000000
1.37798090000000
1.40094900000000
1.41940900000000
1.43530910000000
1.45081400000000
1.46499500000000
1.47861600000000
1.49250900000000
1.50467900000000
1.51625000000000
1.52611800000000
1.53441200000000
1.54102900000000
1.54579000000000
1.54905610000000
1.55143090000000
1.55241300000000
1.55190600000000
1.54990100000000
1.54668400000000
1.54182600000000
1.53605700000000
1.52927700000000
1.52140300000000
1.51353500000000
1.50489000000000
1.49571000000000
1.48701800000000
1.47747300000000
1.46824600000000
1.45916800000000
1.44923700000000
1.43999000000000
1.43066000000000
1.42091700000000
1.41204300000000
1.40227500000000
1.39309600000000
1.38442400000000
1.37493800000000
1.36617300000000
1.35785000000000
1.34933100000000
1.34202400000000
1.33451200000000
1.32796200000000
1.32224600000000
1.31679200000000
1.31254300000000
1.30957200000000
1.30722000000000
1.30641310000000
1.30672710000000
1.30856500000000
1.31169900000000
1.31687300000000
1.32343300000000
1.33189400000000
1.34251110000000
1.35451100000000
1.36920910000000
1.38609000000000
1.40388000000000
1.42626600000000
1.44931900000000
1.47497800000000
1.50501890000000
1.53500800000000
1.56963800000000
1.60728100000000
1.64572000000000
1.69138000000000
1.73644900000000
1.78640400000000
1.84198400000000
1.89662900000000
1.95855500000000
2.02229690000000
2.08539700000000
2.15777990000000
2.22700000000000
2.29843210000000
2.37055710000000
2.43965200000000
2.50969600000000
2.57581500000000
2.63466600000000
2.69240900000000
2.74225400000000
2.79017710000000
2.82992600000000
2.86361500000000
2.89177990000000
2.91729810000000
2.94173410000000
2.95919610000000
2.98005010000000
2.99459410000000
3.01813790000000
3.02882190000000
3.04253100000000
3.06203890000000
3.06993790000000
3.08410810000000
3.09310510000000
3.10314990000000
3.11329010000000
3.12146900000000
3.12829490000000
3.13102390000000
3.14223910000000
3.15337710000000
3.15848210000000
3.16393300000000
3.17151000000000
3.17690300000000
3.18650600000000
3.19178700000000
3.18477510000000
3.20211910000000
3.20571210000000
3.20350600000000
3.21082810000000
3.21223810000000
3.21867610000000
3.22366600000000
3.22282700000000
3.23247500000000
3.22934790000000
3.23592810000000
3.24480700000000
3.23932290000000
3.24487400000000
3.25046800000000
3.25174500000000
3.25701310000000
3.25795600000000
3.27128700000000
3.26964590000000
3.26864410000000
3.28012110000000
3.27132300000000
3.28725600000000
3.28835390000000
3.30243300000000
3.30873610000000
3.30379890000000
3.30368490000000
3.31280990000000
3.30691500000000
3.32563210000000
3.32282210000000
3.33594890000000
3.33216690000000
3.33455200000000
3.32639410000000
3.33937600000000
3.33922700000000
3.34358500000000
3.34757590000000
3.33986810000000
3.35218000000000
3.33565590000000
3.34325500000000
3.33086110000000
3.33347110000000
3.33059690000000
3.32128310000000
3.31638910000000
3.30675700000000
3.28307700000000
3.30415200000000
3.29444290000000
3.29486200000000
3.30099800000000
3.30289600000000
3.29627110000000
3.30340100000000
3.29898600000000
3.32372590000000
3.32850500000000
3.33769110000000
3.33833600000000
3.34197590000000
3.36934090000000
3.36546400000000
3.37292190000000
3.40743400000000
3.39630510000000
3.40753290000000
3.40936990000000
3.43804190000000
3.42216490000000
3.43725900000000
3.43827100000000
3.44832990000000
3.44482490000000
3.45549990000000
3.46203800000000
3.44759390000000
3.47480390000000
3.45669890000000
3.46198610000000
3.45768190000000
3.46602800000000
3.48356600000000
3.44781590000000
3.47895910000000
3.47038290000000
3.46951790000000
3.48277090000000
3.47732810000000
3.47557400000000
3.47013590000000
3.47627090000000
3.48587110000000
3.48286390000000
3.48229500000000
3.47093800000000
3.49396990000000
3.50866200000000
3.49901100000000
3.49083900000000
3.51533510000000
3.50154090000000
3.52020790000000
3.48788500000000
3.51049590000000
3.53113510000000
3.52630210000000
3.53875900000000
3.52708790000000
3.55170800000000
3.54531790000000
3.54140090000000
3.55458690000000
3.54572010000000
3.56749010000000
3.56431100000000
3.55580090000000
3.57088800000000
3.56746510000000
3.57163500000000
3.56234290000000
3.57206800000000
3.57443590000000
3.56818200000000
3.56766200000000
3.57902500000000
3.54543400000000
3.55377010000000
3.56176090000000
3.55434800000000
3.53789710000000
3.53130700000000
3.50444790000000
3.50699090000000
3.51584410000000
3.48449900000000
3.48576400000000
3.48057790000000
3.46073100000000
3.46475790000000
3.44400000000000
3.44023200000000
3.42843890000000
3.41406490000000
3.40025710000000
3.40619710000000
3.38843890000000
3.39189510000000
3.37147900000000
3.36258600000000
3.35776400000000
3.33240100000000
3.29687090000000
3.27910590000000
3.25975990000000
3.25783300000000
3.24881290000000
3.24855400000000
3.26167300000000
3.26722290000000
3.27992200000000
3.28964710000000
3.30086800000000
3.29532690000000
3.30207200000000
3.30283090000000
3.29350810000000
3.29262400000000
3.29950900000000
3.30723500000000
3.31208490000000
3.32237100000000
3.33499290000000
3.33859610000000
3.35587100000000
3.36178900000000
3.37504010000000
3.38062410000000
3.37848400000000
3.38901810000000
3.39377310000000
3.40922590000000
3.41681600000000
3.41915990000000
3.43670010000000
3.44717410000000
3.48804210000000
3.50317410000000
3.52970290000000
3.54911800000000
3.56060410000000
3.61762000000000
3.65778490000000
3.71388200000000
3.72604800000000
3.77574800000000
3.83483700000000
3.79960300000000
3.83755900000000
3.78675100000000
3.81183600000000
3.84649300000000
3.79528690000000
3.85928300000000
3.87668990000000
3.79960800000000
3.83867100000000
3.79059100000000
3.80748110000000
3.77118800000000
3.78075100000000
3.75166800000000
3.76530790000000
3.77767610000000
3.74492690000000
3.76545410000000
3.75186490000000
3.75043510000000
3.75216100000000
3.77494690000000
3.74169300000000
3.74080200000000
3.77253890000000
3.72109890000000
3.74080300000000
3.76816890000000
3.75399490000000
3.73426510000000
3.75440500000000
3.74875500000000
3.71902200000000
3.70815300000000
3.72144510000000
3.74620290000000
3.73388000000000
3.70964000000000
3.72378400000000
3.69627500000000
3.71655390000000
3.68038390000000
3.68734790000000
3.69300010000000
3.69091890000000
3.68193510000000
3.69879510000000
3.67519210000000
3.72248700000000
3.71843100000000
3.70406010000000
3.77543400000000
3.72672510000000
3.74572800000000
3.73759700000000
3.68414690000000
3.67506910000000
3.72697710000000
3.71199800000000
3.70027800000000
3.73799610000000
3.70396800000000
3.68880700000000
3.74340510000000
3.77850100000000
3.72515010000000
3.71742890000000
3.69820000000000
3.70947100000000
3.68846510000000
3.67916390000000
3.70955610000000
3.71054010000000
3.66654610000000
3.69123600000000
3.69608810000000
3.72762300000000
3.71381900000000
3.67110710000000
3.69782900000000
3.66342900000000
3.68662690000000
3.63842510000000
3.62936710000000
3.66050410000000
3.61628890000000
3.63168810000000
3.60795400000000
3.59186010000000
3.57364110000000
3.58781910000000
3.56503300000000
3.54273700000000
3.54489490000000
3.56533910000000
3.55688310000000
3.53902890000000
3.52253700000000
3.51548910000000
3.48307990000000
3.50182100000000
3.48828290000000
3.49874590000000
3.46030500000000
3.48279310000000
3.47210190000000
3.50132390000000
3.48220610000000
3.48445300000000
3.47633190000000
3.43491290000000
3.45439290000000
3.43338890000000
3.43449900000000
3.46419690000000
3.42953300000000
3.43048810000000
3.41169100000000
3.42214300000000
3.40169810000000
3.40863200000000
3.42156410000000
3.41024990000000
3.41885300000000
3.39686800000000
3.36977700000000
3.36241700000000
3.37333610000000
3.36021210000000
3.38586000000000
3.36086010000000
3.36197090000000
3.33709600000000
3.34171390000000
3.35620810000000
3.33203790000000
3.35797810000000
3.34856610000000
3.34679600000000
3.35655190000000
3.36801600000000
3.34062190000000
3.34677000000000
3.37463090000000
3.33780790000000
3.37637500000000
3.33823110000000
3.37272810000000
3.36367110000000
3.33667110000000
3.36423210000000
3.37939190000000
3.39534210000000
3.36829210000000
3.40588000000000
3.36238410000000
3.38941600000000
3.38211800000000
3.37126900000000
3.38372900000000
3.38831500000000
3.37413100000000
3.39746400000000
3.36858110000000
3.41948100000000
3.39544200000000
3.39018510000000
3.37683700000000
3.39591190000000
3.40430000000000
3.39082410000000
3.40965290000000
3.40393300000000
3.42703600000000
3.42242100000000
3.41487500000000
3.41037390000000
3.41165590000000
3.45101000000000
3.43416000000000
3.46282290000000
3.43249300000000
3.39939590000000
3.48809190000000
3.46912690000000
3.51108410000000
3.49539300000000
3.48337790000000
3.48846410000000
3.56241490000000
3.52818700000000
3.51992390000000
3.58702590000000
3.55561490000000
3.57920190000000
3.54305200000000
3.53305700000000
3.58686800000000
3.57228490000000
3.60769200000000
3.55168700000000
3.56982210000000
3.59044190000000
3.55324790000000
3.61453700000000
3.63938190000000
3.61900090000000
3.61702200000000
3.69133710000000
3.58837290000000
3.60913610000000
3.64374710000000
3.61946300000000
3.54316400000000
3.63227800000000
3.62343500000000
3.62581710000000
3.64995690000000
3.60860900000000
3.62772490000000
3.60715890000000
3.63783500000000
3.60625510000000
3.64076590000000