spectre
GradoAlcoholico	11.3999996000000
skip
0.829104000000000
0.852710000000000
0.880649000000000
0.903206000000000
0.919587000000000
0.929578000000000
0.940563000000000
0.946118000000000
0.946235000000000
0.946075000000000
0.942108000000000
0.938791000000000
0.931918000000000
0.921535000000000
0.913587000000000
0.902823000000000
0.892430000000000
0.880116000000000
0.865695000000000
0.854245000000000
0.838965000000000
0.825766000000000
0.812032000000000
0.797750000000000
0.781781000000000
0.767838000000000
0.753333000000000
0.738400000000000
0.725013000000000
0.709103000000000
0.695871000000000
0.681472000000000
0.668577000000000
0.653776000000000
0.640802000000000
0.626460000000000
0.612718000000000
0.600580000000000
0.586228000000000
0.572529000000000
0.560568000000000
0.548258000000000
0.535364000000000
0.522511000000000
0.509957000000000
0.497736000000000
0.484710000000000
0.474653000000000
0.462274000000000
0.450193000000000
0.439216000000000
0.427944000000000
0.417439000000000
0.406534000000000
0.397343000000000
0.385958000000000
0.376169000000000
0.367540000000000
0.356830000000000
0.347799000000000
0.337867000000000
0.329414000000000
0.320321000000000
0.311659000000000
0.303396000000000
0.296112000000000
0.288631000000000
0.281966000000000
0.275297000000000
0.269263000000000
0.262712000000000
0.257273000000000
0.251869000000000
0.246525000000000
0.241498000000000
0.236879000000000
0.232156000000000
0.227070000000000
0.222529000000000
0.217826000000000
0.214135000000000
0.209445000000000
0.205258000000000
0.201264000000000
0.196632000000000
0.193489000000000
0.189370000000000
0.185327000000000
0.181786000000000
0.177943000000000
0.174556000000000
0.171555000000000
0.167588000000000
0.164471000000000
0.161297000000000
0.158436000000000
0.155421000000000
0.152131000000000
0.149452000000000
0.146238000000000
0.143913000000000
0.140817000000000
0.138310000000000
0.135691000000000
0.133400000000000
0.130809000000000
0.128414000000000
0.125708000000000
0.123559000000000
0.121156000000000
0.119334000000000
0.116954000000000
0.114947000000000
0.112980000000000
0.111033000000000
0.108993000000000
0.107121000000000
0.105351000000000
0.103599000000000
0.101871000000000
0.100212000000000
0.0983790010000000
0.0968950020000000
0.0951900040000000
0.0936779980000000
0.0923170000000000
0.0907640010000000
0.0894220020000000
0.0882499960000000
0.0869920030000000
0.0857660030000000
0.0845780000000000
0.0833709990000000
0.0822540000000000
0.0811949970000000
0.0801379980000000
0.0791160020000000
0.0781460030000000
0.0770509990000000
0.0763270040000000
0.0753699990000000
0.0744220020000000
0.0736429990000000
0.0727740000000000
0.0719539970000000
0.0710249990000000
0.0700159970000000
0.0690699960000000
0.0681700040000000
0.0673400010000000
0.0666249990000000
0.0661220030000000
0.0658050030000000
0.0656979980000000
0.0657849980000000
0.0660530030000000
0.0664599980000000
0.0670820030000000
0.0680070000000000
0.0689830030000000
0.0703620020000000
0.0717099980000000
0.0730559970000000
0.0745050010000000
0.0757059980000000
0.0767579970000000
0.0776750000000000
0.0783319990000000
0.0788050000000000
0.0790240020000000
0.0789930000000000
0.0786970030000000
0.0785570000000000
0.0786810000000000
0.0785539970000000
0.0781629980000000
0.0777800010000000
0.0773549970000000
0.0770130010000000
0.0766199980000000
0.0761270000000000
0.0755970030000000
0.0750480000000000
0.0744239990000000
0.0737449970000000
0.0731059980000000
0.0723759980000000
0.0717139990000000
0.0709479970000000
0.0701899980000000
0.0694369970000000
0.0686430040000000
0.0678400020000000
0.0670939980000000
0.0662980010000000
0.0655630010000000
0.0648770030000000
0.0641840030000000
0.0635680030000000
0.0630149990000000
0.0624790010000000
0.0621110010000000
0.0617959980000000
0.0615479980000000
0.0614099990000000
0.0614279990000000
0.0616150010000000
0.0619330000000000
0.0625509990000000
0.0633340030000000
0.0643580030000000
0.0657209980000000
0.0671830030000000
0.0688430000000000
0.0706759990000000
0.0723840000000000
0.0741470010000000
0.0757929980000000
0.0771970000000000
0.0784960020000000
0.0795459970000000
0.0803700010000000
0.0811780020000000
0.0818110030000000
0.0824190010000000
0.0829960030000000
0.0835369970000000
0.0841429980000000
0.0847800000000000
0.0853850020000000
0.0860730040000000
0.0868159980000000
0.0875649970000000
0.0884430040000000
0.0893739980000000
0.0903569980000000
0.0915400010000000
0.0927240030000000
0.0939930010000000
0.0954670010000000
0.0968789980000000
0.0984459970000000
0.100125000000000
0.101755000000000
0.103565000000000
0.105441000000000
0.107278000000000
0.109323000000000
0.111333000000000
0.113308000000000
0.115459000000000
0.117498000000000
0.119554000000000
0.121813000000000
0.124117000000000
0.126829000000000
0.130003000000000
0.133511000000000
0.137981000000000
0.143360000000000
0.149303000000000
0.156964000000000
0.165341000000000
0.174641000000000
0.186017000000000
0.197671000000000
0.210944000000000
0.226065000000000
0.241362000000000
0.259266000000000
0.279123000000000
0.299767000000000
0.324657000000000
0.351096000000000
0.378411000000000
0.410448000000000
0.440979000000000
0.471171000000000
0.501387000000000
0.526226000000000
0.548202000000000
0.566297000000000
0.579045000000000
0.589551000000000
0.596680000000000
0.601678000000000
0.605162000000000
0.606987000000000
0.607339000000000
0.606202000000000
0.603822000000000
0.599857000000000
0.594512000000000
0.588325000000000
0.580653000000000
0.572032000000000
0.563151000000000
0.552548000000000
0.541929000000000
0.530923000000000
0.518517000000000
0.506644000000000
0.493990000000000
0.480560000000000
0.467910000000000
0.454167000000000
0.440409000000000
0.427378000000000
0.413129000000000
0.399684000000000
0.386652000000000
0.372884000000000
0.360328000000000
0.347893000000000
0.335286000000000
0.324180000000000
0.312744000000000
0.301996000000000
0.292292000000000
0.282406000000000
0.273496000000000
0.265363000000000
0.257177000000000
0.250128000000000
0.243536000000000
0.237239000000000
0.232039000000000
0.227059000000000
0.222750000000000
0.219181000000000
0.216033000000000
0.213470000000000
0.211451000000000
0.209871000000000
0.208976000000000
0.208607000000000
0.208842000000000
0.209532000000000
0.210878000000000
0.212817000000000
0.215012000000000
0.218068000000000
0.221438000000000
0.225370000000000
0.230037000000000
0.234844000000000
0.240255000000000
0.246246000000000
0.252133000000000
0.258773000000000
0.238285000000000
0.244258000000000
0.250749000000000
0.257364000000000
0.263874000000000
0.271353000000000
0.279025000000000
0.287398000000000
0.297667000000000
0.308796000000000
0.322763000000000
0.339937000000000
0.359969000000000
0.385807000000000
0.417015000000000
0.452344000000000
0.498546000000000
0.548187000000000
0.605345000000000
0.671518000000000
0.737945000000000
0.811809000000000
0.887442000000000
0.959938000000000
1.03766800000000
1.10857500000000
1.17217800000000
1.23050590000000
1.27634390000000
1.31499000000000
1.34812900000000
1.37328800000000
1.39618400000000
1.41488900000000
1.43074200000000
1.44665210000000
1.46097700000000
1.47481000000000
1.48909500000000
1.50123890000000
1.51305700000000
1.52316800000000
1.53113000000000
1.53781800000000
1.54222600000000
1.54546500000000
1.54763310000000
1.54835500000000
1.54778900000000
1.54576190000000
1.54215100000000
1.53746100000000
1.53114800000000
1.52453900000000
1.51618100000000
1.50806900000000
1.49927900000000
1.49005200000000
1.48105500000000
1.47122900000000
1.46176000000000
1.45264010000000
1.44254200000000
1.43302000000000
1.42354600000000
1.41371000000000
1.40461400000000
1.39498790000000
1.38569400000000
1.37680900000000
1.36728500000000
1.35881600000000
1.35025800000000
1.34184900000000
1.33434000000000
1.32695000000000
1.32020600000000
1.31452800000000
1.30914200000000
1.30505500000000
1.30180500000000
1.29925890000000
1.29864700000000
1.29886900000000
1.30082090000000
1.30366100000000
1.30894100000000
1.31544010000000
1.32378490000000
1.33447300000000
1.34623300000000
1.36087100000000
1.37755410000000
1.39524500000000
1.41729900000000
1.44022910000000
1.46571600000000
1.49542900000000
1.52525700000000
1.55982900000000
1.59712300000000
1.63516000000000
1.68080100000000
1.72581700000000
1.77564000000000
1.83068600000000
1.88557900000000
1.94742700000000
2.01089310000000
2.07489710000000
2.14633700000000
2.21588900000000
2.28725000000000
2.36095190000000
2.42982600000000
2.49996710000000
2.56533690000000
2.62489800000000
2.68593690000000
2.73661990000000
2.77936200000000
2.82526800000000
2.85609100000000
2.88410310000000
2.91326400000000
2.93181710000000
2.95821600000000
2.97201900000000
2.99049900000000
3.01179500000000
3.03167610000000
3.03084110000000
3.05527590000000
3.06681300000000
3.07641510000000
3.09226300000000
3.09741090000000
3.11250090000000
3.12198810000000
3.12921810000000
3.13548490000000
3.13999100000000
3.14418510000000
3.15589090000000
3.15033890000000
3.17189000000000
3.17298200000000
3.17808200000000
3.18471910000000
3.19077210000000
3.20459010000000
3.20760110000000
3.20182900000000
3.20812390000000
3.20887800000000
3.20917890000000
3.22180200000000
3.22213700000000
3.22858810000000
3.22471000000000
3.24035100000000
3.23674200000000
3.24298810000000
3.25249000000000
3.25581790000000
3.25951700000000
3.25239990000000
3.25868200000000
3.27104500000000
3.26003190000000
3.26353000000000
3.26539990000000
3.27436210000000
3.28924990000000
3.28636790000000
3.28119300000000
3.29145790000000
3.30153800000000
3.29645610000000
3.31688090000000
3.31723400000000
3.31433300000000
3.32061200000000
3.32048010000000
3.32154300000000
3.32618690000000
3.32760100000000
3.33944510000000
3.34191110000000
3.34546710000000
3.34492490000000
3.33356090000000
3.34365390000000
3.34104800000000
3.31431100000000
3.34104900000000
3.31807090000000
3.33093190000000
3.31472400000000
3.32080600000000
3.32140900000000
3.28876400000000
3.30586410000000
3.29946210000000
3.28909400000000
3.30840110000000
3.30537010000000
3.28610800000000
3.31158710000000
3.30463290000000
3.30345390000000
3.32421300000000
3.35211800000000
3.35103610000000
3.36860200000000
3.36860800000000
3.40031410000000
3.39380790000000
3.39559010000000
3.38451500000000
3.41022110000000
3.43625690000000
3.42168590000000
3.42227700000000
3.42433910000000
3.46890210000000
3.42612200000000
3.44926690000000
3.47441410000000
3.44960190000000
3.45768690000000
3.45487090000000
3.46589400000000
3.46227790000000
3.46208910000000
3.45910600000000
3.46940300000000
3.46023390000000
3.47113200000000
3.45234300000000
3.46545600000000
3.46716810000000
3.47541190000000
3.46511010000000
3.45973610000000
3.47955200000000
3.46647100000000
3.47117400000000
3.48496600000000
3.48280910000000
3.47920700000000
3.49956200000000
3.44422700000000
3.49481300000000
3.46515490000000
3.49070190000000
3.49805400000000
3.49513200000000
3.54319600000000
3.50468300000000
3.51878310000000
3.53449510000000
3.51801400000000
3.52927210000000
3.52292300000000
3.53481100000000
3.54252600000000
3.53483100000000
3.54258800000000
3.57296900000000
3.55394700000000
3.57582900000000
3.55150200000000
3.57069990000000
3.58947900000000
3.55606200000000
3.56349110000000
3.57316590000000
3.54959510000000
3.54256110000000
3.54299400000000
3.55356600000000
3.54769710000000
3.53383590000000
3.53115610000000
3.53464290000000
3.49587110000000
3.49432300000000
3.51960400000000
3.48412900000000
3.48926400000000
3.47666410000000
3.47180800000000
3.45179890000000
3.45033600000000
3.42813800000000
3.40015290000000
3.40926500000000
3.41053300000000
3.39826490000000
3.39573500000000
3.36576010000000
3.35805890000000
3.37085800000000
3.35134910000000
3.32358000000000
3.30028890000000
3.26927300000000
3.26724790000000
3.24574590000000
3.24114800000000
3.25728200000000
3.24784710000000
3.27777790000000
3.26783900000000
3.28305200000000
3.29343390000000
3.28369310000000
3.31097290000000
3.29796910000000
3.30405000000000
3.29532600000000
3.30020500000000
3.31368490000000
3.30119300000000
3.30437900000000
3.33130600000000
3.34449410000000
3.37372400000000
3.35392400000000
3.36446810000000
3.37795210000000
3.38086010000000
3.38677600000000
3.37362790000000
3.38946200000000
3.41235710000000
3.40858200000000
3.46019790000000
3.42710800000000
3.48265000000000
3.47828010000000
3.53985400000000
3.55736590000000
3.59475490000000
3.60751010000000
3.65728900000000
3.69226600000000
3.71091200000000
3.77187610000000
3.77118490000000
3.82626300000000
3.81147690000000
3.80719900000000
3.83353210000000
3.83263400000000
3.81964490000000
3.80643510000000
3.82566690000000
3.84848090000000
3.83718900000000
3.77814290000000
3.81319810000000
3.71313810000000
3.76562310000000
3.72944810000000
3.75777890000000
3.79022910000000
3.78632500000000
3.71500990000000
3.77005790000000
3.72916100000000
3.76535800000000
3.76737090000000
3.76426700000000
3.75468710000000
3.69347690000000
3.71395610000000
3.77116110000000
3.78953790000000
3.70817300000000
3.75948310000000
3.69170310000000
3.68162110000000
3.71814800000000
3.66283010000000
3.62895800000000
3.69647600000000
3.71756100000000
3.68151210000000
3.72453400000000
3.71397300000000
3.71371390000000
3.67909290000000
3.67404890000000
3.65074900000000
3.70445610000000
3.69180390000000
3.70400910000000
3.72404100000000
3.71472600000000
3.72491290000000
3.68251110000000
3.72054790000000
3.72742200000000
3.73197200000000
3.69103410000000
3.73067500000000
3.73990010000000
3.69986700000000
3.72485800000000
3.71387410000000
3.72157910000000
3.74058600000000
3.72663690000000
3.74010490000000
3.71713810000000
3.68094800000000
3.68593310000000
3.66782900000000
3.67836900000000
3.71737790000000
3.69960590000000
3.63231490000000
3.66238590000000
3.66594290000000
3.69838910000000
3.67082100000000
3.71528410000000
3.69915100000000
3.65767790000000
3.65387800000000
3.70320610000000
3.63841390000000
3.64828990000000
3.64893390000000
3.61657910000000
3.60883590000000
3.59317800000000
3.55225300000000
3.57815690000000
3.55603690000000
3.59933810000000
3.60315800000000
3.52408700000000
3.55413510000000
3.49453900000000
3.53594800000000
3.53384800000000
3.50978590000000
3.53128790000000
3.50451590000000
3.51416300000000
3.51316310000000
3.47284790000000
3.45518590000000
3.45220210000000
3.47036100000000
3.44998000000000
3.48198890000000
3.45366500000000
3.46980600000000
3.40157290000000
3.42666700000000
3.42852710000000
3.44614910000000
3.45451500000000
3.44808200000000
3.38953800000000
3.44922400000000
3.42528300000000
3.41257100000000
3.40275000000000
3.40051700000000
3.40520500000000
3.40369610000000
3.39707090000000
3.37773990000000
3.37614490000000
3.36200590000000
3.36099290000000
3.37464690000000
3.39032100000000
3.33985900000000
3.35523700000000
3.34170790000000
3.32347700000000
3.30576900000000
3.33580490000000
3.34352110000000
3.31121800000000
3.32500600000000
3.33592300000000
3.33901910000000
3.33453890000000
3.36980010000000
3.34281400000000
3.33455300000000
3.31816600000000
3.34333990000000
3.36203600000000
3.37039900000000
3.37403200000000
3.36075590000000
3.39686700000000
3.37104200000000
3.33095910000000
3.35605000000000
3.36688710000000
3.36013700000000
3.38337990000000
3.38396600000000
3.37472110000000
3.37365510000000
3.38870100000000
3.39695190000000
3.37306000000000
3.41903590000000
3.36618400000000
3.38455390000000
3.39037700000000
3.36646600000000
3.38002800000000
3.37679510000000
3.37571810000000
3.39037610000000
3.42089700000000
3.35538790000000
3.42838410000000
3.42053010000000
3.41226510000000
3.40407490000000
3.39634800000000
3.43851210000000
3.46245500000000
3.43724990000000
3.45822910000000
3.48786590000000
3.48905210000000
3.51685690000000
3.49176190000000
3.45763610000000
3.52331810000000
3.49105690000000
3.53298810000000
3.55004190000000
3.55842090000000
3.61875100000000
3.60597710000000
3.54701590000000
3.59637900000000
3.55050800000000
3.57935090000000
3.58893110000000
3.58982210000000
3.56242300000000
3.54107000000000
3.55235200000000
3.62471010000000
3.57800700000000
3.59235600000000
3.64046790000000
3.57526900000000
3.55191210000000
3.61017300000000
3.57505390000000
3.58775500000000
3.67264200000000
3.64524010000000
3.57325600000000
3.57353710000000
3.60304190000000
3.63709590000000
3.68133900000000
3.69257090000000
3.60509300000000