spectre
GradoAlcoholico	10.7399998000000
skip
0.842725000000000
0.873201000000000
0.894736000000000
0.916025000000000
0.935111000000000
0.945715000000000
0.957356000000000
0.964606000000000
0.967714000000000
0.971278000000000
0.969239000000000
0.964264000000000
0.957382000000000
0.951195000000000
0.942866000000000
0.932670000000000
0.921880000000000
0.911600000000000
0.897263000000000
0.885596000000000
0.873515000000000
0.857243000000000
0.846009000000000
0.831521000000000
0.816215000000000
0.801965000000000
0.786454000000000
0.772836000000000
0.758720000000000
0.743133000000000
0.728392000000000
0.715549000000000
0.701332000000000
0.686324000000000
0.673951000000000
0.659667000000000
0.645410000000000
0.633422000000000
0.619471000000000
0.606733000000000
0.593348000000000
0.579806000000000
0.567515000000000
0.554759000000000
0.541950000000000
0.529389000000000
0.517765000000000
0.505349000000000
0.493319000000000
0.480870000000000
0.470464000000000
0.459411000000000
0.447817000000000
0.437001000000000
0.426941000000000
0.415811000000000
0.405822000000000
0.396424000000000
0.385305000000000
0.377487000000000
0.366443000000000
0.356882000000000
0.347506000000000
0.339194000000000
0.330184000000000
0.322736000000000
0.315048000000000
0.307087000000000
0.301755000000000
0.294551000000000
0.288239000000000
0.282562000000000
0.275978000000000
0.270703000000000
0.265231000000000
0.260396000000000
0.254681000000000
0.250529000000000
0.245227000000000
0.240651000000000
0.235857000000000
0.231149000000000
0.226793000000000
0.222646000000000
0.217816000000000
0.213748000000000
0.209438000000000
0.205203000000000
0.201528000000000
0.197214000000000
0.193213000000000
0.189790000000000
0.185645000000000
0.182276000000000
0.178583000000000
0.175300000000000
0.172036000000000
0.168605000000000
0.165612000000000
0.162591000000000
0.159280000000000
0.156275000000000
0.153530000000000
0.150602000000000
0.147561000000000
0.145272000000000
0.142391000000000
0.139730000000000
0.137368000000000
0.134787000000000
0.132570000000000
0.130105000000000
0.127626000000000
0.125447000000000
0.123358000000000
0.121231000000000
0.119181000000000
0.117200000000000
0.115079000000000
0.113346000000000
0.111343000000000
0.109474000000000
0.107781000000000
0.105938000000000
0.104234000000000
0.102612000000000
0.101025000000000
0.0994540010000000
0.0981239970000000
0.0967160020000000
0.0952960030000000
0.0940210000000000
0.0926690030000000
0.0913729970000000
0.0902239980000000
0.0889829990000000
0.0878480000000000
0.0867090000000000
0.0855410020000000
0.0845120030000000
0.0835020020000000
0.0823040010000000
0.0814419980000000
0.0804570020000000
0.0794539970000000
0.0783940030000000
0.0772970020000000
0.0761680010000000
0.0752139990000000
0.0742359980000000
0.0734160020000000
0.0728000030000000
0.0723619980000000
0.0721189980000000
0.0719870030000000
0.0721250030000000
0.0724530000000000
0.0729750020000000
0.0737679970000000
0.0746719990000000
0.0758820030000000
0.0771529970000000
0.0784410010000000
0.0797559990000000
0.0808880030000000
0.0818020030000000
0.0826610030000000
0.0833190010000000
0.0837960020000000
0.0839650030000000
0.0839779970000000
0.0836640000000000
0.0833870020000000
0.0833439980000000
0.0830060020000000
0.0824979990000000
0.0820380000000000
0.0815389980000000
0.0811380000000000
0.0806929990000000
0.0801339970000000
0.0795110020000000
0.0789010000000000
0.0781780030000000
0.0774789970000000
0.0767640020000000
0.0759750010000000
0.0751739960000000
0.0743639990000000
0.0735180010000000
0.0726960000000000
0.0718289990000000
0.0709770020000000
0.0701629970000000
0.0693359970000000
0.0685330030000000
0.0677990020000000
0.0670470000000000
0.0663919970000000
0.0657579970000000
0.0652170030000000
0.0647180010000000
0.0643519980000000
0.0640589970000000
0.0638590010000000
0.0638270010000000
0.0639410020000000
0.0642270000000000
0.0648019980000000
0.0655649970000000
0.0665450020000000
0.0678870010000000
0.0693409960000000
0.0709709970000000
0.0727489960000000
0.0744360010000000
0.0761530030000000
0.0777620000000000
0.0791179980000000
0.0803819970000000
0.0813789960000000
0.0821639970000000
0.0829320030000000
0.0835419970000000
0.0841289980000000
0.0846630040000000
0.0852129980000000
0.0857840030000000
0.0863889980000000
0.0869700010000000
0.0876389970000000
0.0883179980000000
0.0890280010000000
0.0898739990000000
0.0907690000000000
0.0916960020000000
0.0928350020000000
0.0939799990000000
0.0952309970000000
0.0966759990000000
0.0980769990000000
0.0995770020000000
0.101223000000000
0.102835000000000
0.104618000000000
0.106436000000000
0.108215000000000
0.110205000000000
0.112156000000000
0.114035000000000
0.116162000000000
0.118161000000000
0.120197000000000
0.122440000000000
0.124749000000000
0.127466000000000
0.130685000000000
0.134249000000000
0.138772000000000
0.144184000000000
0.150149000000000
0.157879000000000
0.166286000000000
0.175627000000000
0.187045000000000
0.198753000000000
0.212072000000000
0.227223000000000
0.242597000000000
0.260629000000000
0.280568000000000
0.301312000000000
0.326315000000000
0.352880000000000
0.380393000000000
0.412516000000000
0.443211000000000
0.473482000000000
0.503809000000000
0.528712000000000
0.550811000000000
0.568969000000000
0.581735000000000
0.592217000000000
0.599324000000000
0.604280000000000
0.607763000000000
0.609544000000000
0.609848000000000
0.608647000000000
0.606184000000000
0.602163000000000
0.596733000000000
0.590435000000000
0.582677000000000
0.573973000000000
0.564975000000000
0.554282000000000
0.543545000000000
0.532446000000000
0.519916000000000
0.507973000000000
0.495275000000000
0.481760000000000
0.469019000000000
0.455196000000000
0.441412000000000
0.428282000000000
0.413938000000000
0.400446000000000
0.387399000000000
0.373519000000000
0.360915000000000
0.348407000000000
0.335747000000000
0.324579000000000
0.313103000000000
0.302324000000000
0.292617000000000
0.282620000000000
0.273721000000000
0.265573000000000
0.257368000000000
0.250316000000000
0.243678000000000
0.237360000000000
0.232132000000000
0.227100000000000
0.222757000000000
0.219226000000000
0.216015000000000
0.213491000000000
0.211504000000000
0.209892000000000
0.208995000000000
0.208654000000000
0.208874000000000
0.209615000000000
0.210936000000000
0.212859000000000
0.215100000000000
0.218199000000000
0.221592000000000
0.225573000000000
0.230251000000000
0.234974000000000
0.240464000000000
0.246419000000000
0.252379000000000
0.259031000000000
0.239330000000000
0.245346000000000
0.251866000000000
0.258503000000000
0.265058000000000
0.272597000000000
0.280293000000000
0.288737000000000
0.299030000000000
0.310207000000000
0.324228000000000
0.341515000000000
0.361588000000000
0.387504000000000
0.418829000000000
0.454249000000000
0.500647000000000
0.550481000000000
0.607779000000000
0.674168000000000
0.740897000000000
0.815008000000000
0.891140000000000
0.963903000000000
1.04205200000000
1.11343710000000
1.17725100000000
1.23570800000000
1.28143700000000
1.31999100000000
1.35290900000000
1.37788610000000
1.40063600000000
1.41914900000000
1.43477000000000
1.45038400000000
1.46433100000000
1.47782500000000
1.49189700000000
1.50381200000000
1.51536910000000
1.52540300000000
1.53334800000000
1.53998200000000
1.54470300000000
1.54784500000000
1.54997500000000
1.55097100000000
1.55019800000000
1.54844700000000
1.54505100000000
1.54012000000000
1.53419200000000
1.52732500000000
1.51927700000000
1.51113100000000
1.50258200000000
1.49325700000000
1.48455800000000
1.47476300000000
1.46560700000000
1.45636500000000
1.44634500000000
1.43702900000000
1.42751200000000
1.41765200000000
1.40876310000000
1.39922200000000
1.38974910000000
1.38126190000000
1.37157910000000
1.36300900000000
1.35455700000000
1.34594000000000
1.33856900000000
1.33126200000000
1.32461200000000
1.31886990000000
1.31355800000000
1.30934200000000
1.30630800000000
1.30393600000000
1.30318800000000
1.30362590000000
1.30555500000000
1.30872200000000
1.31396200000000
1.32053900000000
1.32899400000000
1.33971910000000
1.35173700000000
1.36627300000000
1.38337100000000
1.40109000000000
1.42335100000000
1.44650100000000
1.47237000000000
1.50186300000000
1.53234700000000
1.56714590000000
1.60452800000000
1.64263400000000
1.68849800000000
1.73373310000000
1.78359200000000
1.83957400000000
1.89411290000000
1.95603800000000
2.02020000000000
2.08349300000000
2.15538310000000
2.22543190000000
2.29620290000000
2.36917900000000
2.43915890000000
2.50582190000000
2.57459500000000
2.63189700000000
2.69362000000000
2.73591900000000
2.78693890000000
2.82819290000000
2.86241010000000
2.89268300000000
2.91594510000000
2.93807510000000
2.96076800000000
2.97410800000000
2.99464300000000
2.99766900000000
3.02151700000000
3.03477190000000
3.05779700000000
3.06797410000000
3.08076600000000
3.09342000000000
3.10388990000000
3.11141110000000
3.12546300000000
3.12735300000000
3.13991400000000
3.14348200000000
3.15246890000000
3.16092900000000
3.16261600000000
3.18080400000000
3.16510300000000
3.18077490000000
3.19228510000000
3.18765000000000
3.19530700000000
3.20313810000000
3.20003390000000
3.21378300000000
3.20687100000000
3.21837090000000
3.22396110000000
3.22518300000000
3.23521090000000
3.23199390000000
3.23531510000000
3.25067900000000
3.24954100000000
3.24321790000000
3.25366310000000
3.25390410000000
3.26731300000000
3.25195500000000
3.26559400000000
3.27169490000000
3.27434990000000
3.26525810000000
3.28933600000000
3.28406810000000
3.30283190000000
3.29663710000000
3.29548000000000
3.31273390000000
3.29909900000000
3.32281400000000
3.31635000000000
3.31925390000000
3.31161000000000
3.33042100000000
3.32977390000000
3.34407500000000
3.34025000000000
3.35571290000000
3.34323310000000
3.35690500000000
3.35182910000000
3.35027690000000
3.34856700000000
3.34184790000000
3.35972600000000
3.33611890000000
3.29724100000000
3.32850500000000
3.31739810000000
3.31344700000000
3.31031390000000
3.30978300000000
3.29549690000000
3.27978900000000
3.30097010000000
3.30674000000000
3.29690000000000
3.31778410000000
3.30483290000000
3.31822900000000
3.32082700000000
3.33081200000000
3.34606000000000
3.37403890000000
3.33104900000000
3.38092090000000
3.36783290000000
3.38922100000000
3.39102790000000
3.38749100000000
3.41352890000000
3.41361000000000
3.43243290000000
3.42430710000000
3.43795900000000
3.45039110000000
3.43640400000000
3.44184090000000
3.46715400000000
3.44824410000000
3.45270200000000
3.46693800000000
3.46571900000000
3.47303610000000
3.46756100000000
3.44749690000000
3.47818300000000
3.47125010000000
3.46585700000000
3.48132900000000
3.48369910000000
3.47650290000000
3.48312090000000
3.49707600000000
3.47693800000000
3.48138500000000
3.49289110000000
3.49929810000000
3.48046800000000
3.48291300000000
3.48588200000000
3.46926090000000
3.48592590000000
3.49444010000000
3.49851990000000
3.50236390000000
3.52206210000000
3.51341010000000
3.53062300000000
3.50241800000000
3.51544500000000
3.51073190000000
3.53332090000000
3.54448700000000
3.53108810000000
3.54335690000000
3.52770900000000
3.54875800000000
3.55450800000000
3.57498790000000
3.57253790000000
3.56209990000000
3.55548310000000
3.58805390000000
3.57943890000000
3.56812910000000
3.59468510000000
3.55175590000000
3.59350990000000
3.55914810000000
3.53609610000000
3.56311390000000
3.57209800000000
3.54897810000000
3.52555300000000
3.53776410000000
3.53489300000000
3.49940710000000
3.50240110000000
3.49408200000000
3.48871900000000
3.50478510000000
3.45218990000000
3.46542500000000
3.46118690000000
3.43532110000000
3.43575810000000
3.39365010000000
3.41651890000000
3.40842700000000
3.39058210000000
3.38620500000000
3.37742300000000
3.36067390000000
3.36003400000000
3.33074090000000
3.33099010000000
3.29066210000000
3.26156900000000
3.25378990000000
3.24574710000000
3.24176000000000
3.26590900000000
3.28257300000000
3.27444790000000
3.30600400000000
3.29862690000000
3.31416990000000
3.29797600000000
3.28828910000000
3.31121110000000
3.30647800000000
3.27766700000000
3.32166910000000
3.29829500000000
3.33534790000000
3.33930990000000
3.35302000000000
3.34671500000000
3.37297010000000
3.36394410000000
3.37647200000000
3.37380600000000
3.37370900000000
3.39905690000000
3.40640400000000
3.42270590000000
3.41760610000000
3.44812610000000
3.44647690000000
3.49028990000000
3.51771210000000
3.52914690000000
3.57434110000000
3.60476090000000
3.63056210000000
3.62056090000000
3.69375710000000
3.74087500000000
3.76544900000000
3.71601390000000
3.79406600000000
3.89528990000000
3.83180190000000
3.83673500000000
3.82239010000000
3.82958890000000
3.86461900000000
3.79832510000000
3.80387590000000
3.82647800000000
3.81868600000000
3.83193210000000
3.77002310000000
3.79189800000000
3.72464700000000
3.79306100000000
3.83679010000000
3.73760510000000
3.76126000000000
3.83266500000000
3.72047210000000
3.79131700000000
3.79180000000000
3.72044610000000
3.75333090000000
3.72083590000000
3.77834200000000
3.71266600000000
3.79639010000000
3.72529200000000
3.71966790000000
3.76443410000000
3.75420690000000
3.68140700000000
3.72196700000000
3.75628710000000
3.69388510000000
3.72409110000000
3.69961500000000
3.69108200000000
3.75016090000000
3.69227600000000
3.66909290000000
3.74048710000000
3.66419100000000
3.70655300000000
3.72899200000000
3.72062300000000
3.63867210000000
3.70786310000000
3.75611400000000
3.67438010000000
3.70668510000000
3.74174900000000
3.76339010000000
3.66974210000000
3.76258990000000
3.76391790000000
3.67637490000000
3.73824190000000
3.70762900000000
3.76015090000000
3.71856500000000
3.71470810000000
3.68470910000000
3.70053410000000
3.69242810000000
3.69107890000000
3.70587990000000
3.74185800000000
3.74082490000000
3.71652100000000
3.70927810000000
3.67816400000000
3.68548490000000
3.67769500000000
3.69430590000000
3.73843910000000
3.66586900000000
3.69657300000000
3.72215100000000
3.68278100000000
3.71870990000000
3.60932590000000
3.64426990000000
3.65130710000000
3.55865600000000
3.60159900000000
3.62312010000000
3.57673190000000
3.56923010000000
3.59845900000000
3.57461600000000
3.56732700000000
3.58953690000000
3.52395700000000
3.52562900000000
3.50346710000000
3.53356600000000
3.52840590000000
3.54329300000000
3.50927590000000
3.49176310000000
3.48468090000000
3.49042700000000
3.48590400000000
3.47093390000000
3.47497800000000
3.50113110000000
3.48903610000000
3.46311810000000
3.44741390000000
3.44472000000000
3.45460700000000
3.46589490000000
3.39870500000000
3.39196990000000
3.42825700000000
3.41560600000000
3.44892410000000
3.39891410000000
3.40250490000000
3.41956590000000
3.35292290000000
3.40901090000000
3.37952090000000
3.40883090000000
3.35665390000000
3.37649990000000
3.36333890000000
3.37828110000000
3.34125590000000
3.35778400000000
3.36196800000000
3.34075810000000
3.36261110000000
3.34365300000000
3.33271410000000
3.35127090000000
3.35177210000000
3.34249400000000
3.35151100000000
3.35215310000000
3.36467000000000
3.36197590000000
3.35867690000000
3.35405300000000
3.38335800000000
3.36412500000000
3.35163400000000
3.37828210000000
3.39512400000000
3.36832900000000
3.36627890000000
3.37192990000000
3.39203410000000
3.37804200000000
3.36736700000000
3.39827200000000
3.39563700000000
3.36740490000000
3.37280800000000
3.41288900000000
3.35741810000000
3.40068890000000
3.34575300000000
3.38931800000000
3.40438010000000
3.40719890000000
3.40642500000000
3.36048100000000
3.38117910000000
3.38101290000000
3.42870690000000
3.40865300000000
3.39986400000000
3.43408610000000
3.44056610000000
3.42463490000000
3.44859600000000
3.46815400000000
3.47806000000000
3.44280290000000
3.43557310000000
3.48150110000000
3.45241310000000
3.53714110000000
3.46371290000000
3.53182600000000
3.52170300000000
3.56240390000000
3.56089900000000
3.49950290000000
3.55973700000000
3.52845500000000
3.56606790000000
3.58621810000000
3.59348990000000
3.60104890000000
3.55088810000000
3.47955890000000
3.64555500000000
3.58526610000000
3.64752410000000
3.55309700000000
3.62408400000000
3.54860590000000
3.63978910000000
3.55992790000000
3.57794810000000
3.54967590000000
3.62154100000000
3.68707990000000
3.58621310000000
3.63368390000000
3.62649010000000
3.71868490000000
3.63793400000000
3.54218200000000
3.58664390000000
3.61083790000000
3.63470100000000
3.67438010000000
3.66471510000000
3.64114000000000