spectre
GradoAlcoholico	16.1299992000000
skip
0.876266000000000
0.916707000000000
0.948800000000000
0.974555000000000
0.999829000000000
1.02256200000000
1.03748400000000
1.05014710000000
1.06233100000000
1.06615900000000
1.07295890000000
1.07610600000000
1.07472400000000
1.07640700000000
1.07238400000000
1.06087200000000
1.05308700000000
1.04141600000000
1.02993500000000
1.01892100000000
1.00616800000000
0.990945000000000
0.978853000000000
0.961729000000000
0.946008000000000
0.929905000000000
0.913087000000000
0.895560000000000
0.879646000000000
0.862994000000000
0.845108000000000
0.828454000000000
0.808196000000000
0.791878000000000
0.774858000000000
0.755674000000000
0.738184000000000
0.721620000000000
0.702334000000000
0.685166000000000
0.667892000000000
0.649005000000000
0.631903000000000
0.614739000000000
0.596998000000000
0.580721000000000
0.563182000000000
0.546024000000000
0.530427000000000
0.513717000000000
0.498352000000000
0.483214000000000
0.468276000000000
0.454909000000000
0.441096000000000
0.426486000000000
0.413552000000000
0.400365000000000
0.387481000000000
0.375361000000000
0.363140000000000
0.350631000000000
0.339652000000000
0.329020000000000
0.317970000000000
0.308737000000000
0.299635000000000
0.291250000000000
0.283582000000000
0.275696000000000
0.267741000000000
0.261502000000000
0.254707000000000
0.248222000000000
0.242191000000000
0.236881000000000
0.231119000000000
0.225804000000000
0.220406000000000
0.215471000000000
0.210561000000000
0.205699000000000
0.201347000000000
0.196366000000000
0.191745000000000
0.187841000000000
0.183803000000000
0.179576000000000
0.175695000000000
0.171659000000000
0.167777000000000
0.164218000000000
0.160847000000000
0.157283000000000
0.154360000000000
0.150927000000000
0.147787000000000
0.144979000000000
0.141909000000000
0.138677000000000
0.136334000000000
0.133283000000000
0.130852000000000
0.128363000000000
0.125568000000000
0.123277000000000
0.121107000000000
0.118514000000000
0.116455000000000
0.114236000000000
0.112053000000000
0.110012000000000
0.107996000000000
0.106113000000000
0.104311000000000
0.102429000000000
0.100725000000000
0.0990469980000000
0.0972279980000000
0.0956939980000000
0.0940580000000000
0.0924630020000000
0.0910250020000000
0.0895500030000000
0.0880929980000000
0.0868759970000000
0.0855759980000000
0.0843290020000000
0.0832590010000000
0.0820880010000000
0.0809379970000000
0.0799370040000000
0.0788530040000000
0.0779479970000000
0.0770139990000000
0.0761490020000000
0.0753529970000000
0.0744550000000000
0.0736790000000000
0.0729999990000000
0.0722329990000000
0.0714600010000000
0.0708189980000000
0.0701439980000000
0.0694620010000000
0.0687280000000000
0.0678609980000000
0.0670650010000000
0.0663470030000000
0.0656979980000000
0.0651289970000000
0.0647720020000000
0.0645819980000000
0.0645919960000000
0.0647699980000000
0.0651689990000000
0.0656590010000000
0.0664379970000000
0.0674050000000000
0.0684800000000000
0.0698650030000000
0.0713410000000000
0.0728320030000000
0.0743120010000000
0.0755740030000000
0.0766580030000000
0.0776859970000000
0.0783649980000000
0.0788299960000000
0.0790230040000000
0.0791030000000000
0.0791179980000000
0.0794570000000000
0.0797900040000000
0.0797440040000000
0.0795120000000000
0.0792000000000000
0.0789240000000000
0.0786840020000000
0.0784730020000000
0.0780989970000000
0.0777380020000000
0.0773200020000000
0.0768579990000000
0.0763460030000000
0.0758380000000000
0.0752480030000000
0.0746840020000000
0.0740490030000000
0.0734279980000000
0.0728129970000000
0.0721379970000000
0.0714669970000000
0.0708609970000000
0.0702330020000000
0.0696330000000000
0.0690620020000000
0.0684999970000000
0.0680330020000000
0.0675840010000000
0.0671759990000000
0.0668980030000000
0.0666569990000000
0.0665339980000000
0.0664860010000000
0.0665630030000000
0.0667880030000000
0.0671349990000000
0.0677639990000000
0.0685660020000000
0.0695730000000000
0.0708879980000000
0.0723010000000000
0.0739139990000000
0.0756599980000000
0.0772989990000000
0.0790179970000000
0.0806230010000000
0.0819920000000000
0.0832780000000000
0.0843280030000000
0.0851939990000000
0.0860359970000000
0.0867749970000000
0.0874229970000000
0.0881140010000000
0.0887689960000000
0.0894510000000000
0.0902199970000000
0.0909300000000000
0.0917309970000000
0.0925920010000000
0.0934820030000000
0.0945170000000000
0.0955739990000000
0.0966869970000000
0.0980010030000000
0.0993399990000000
0.100767000000000
0.102393000000000
0.104002000000000
0.105781000000000
0.107743000000000
0.109656000000000
0.111840000000000
0.114105000000000
0.116350000000000
0.118849000000000
0.121260000000000
0.123583000000000
0.126048000000000
0.128232000000000
0.130276000000000
0.132402000000000
0.134416000000000
0.136715000000000
0.139426000000000
0.142442000000000
0.146311000000000
0.151049000000000
0.156337000000000
0.163251000000000
0.170805000000000
0.179248000000000
0.189576000000000
0.200202000000000
0.212311000000000
0.226138000000000
0.240205000000000
0.256694000000000
0.275015000000000
0.294132000000000
0.317208000000000
0.341765000000000
0.367224000000000
0.396966000000000
0.425333000000000
0.453418000000000
0.481612000000000
0.504845000000000
0.525656000000000
0.543063000000000
0.555613000000000
0.566348000000000
0.574046000000000
0.579720000000000
0.584185000000000
0.587022000000000
0.588411000000000
0.588477000000000
0.587238000000000
0.584573000000000
0.580585000000000
0.575701000000000
0.569425000000000
0.562171000000000
0.554548000000000
0.545338000000000
0.535952000000000
0.526187000000000
0.515067000000000
0.504274000000000
0.492807000000000
0.480468000000000
0.468783000000000
0.455990000000000
0.443116000000000
0.430820000000000
0.417278000000000
0.404458000000000
0.392034000000000
0.378770000000000
0.366727000000000
0.354739000000000
0.342578000000000
0.331891000000000
0.320864000000000
0.310484000000000
0.301170000000000
0.291580000000000
0.282990000000000
0.275146000000000
0.267210000000000
0.260350000000000
0.253898000000000
0.247766000000000
0.242648000000000
0.237642000000000
0.233416000000000
0.229840000000000
0.226593000000000
0.224012000000000
0.221845000000000
0.220248000000000
0.219183000000000
0.218654000000000
0.218667000000000
0.219178000000000
0.220244000000000
0.221885000000000
0.223847000000000
0.226567000000000
0.229606000000000
0.233210000000000
0.237453000000000
0.241884000000000
0.246899000000000
0.252355000000000
0.257828000000000
0.263978000000000
0.237187000000000
0.242787000000000
0.248838000000000
0.255019000000000
0.261101000000000
0.268101000000000
0.275276000000000
0.283122000000000
0.292763000000000
0.303260000000000
0.316502000000000
0.332827000000000
0.351926000000000
0.376652000000000
0.406595000000000
0.440605000000000
0.485127000000000
0.532907000000000
0.587705000000000
0.651077000000000
0.714587000000000
0.784861000000000
0.856823000000000
0.925257000000000
0.999017000000000
1.06667300000000
1.12756900000000
1.18487700000000
1.23075400000000
1.27080000000000
1.30630800000000
1.33429690000000
1.36089600000000
1.38338010000000
1.40339990000000
1.42367800000000
1.44242200000000
1.46097600000000
1.47999000000000
1.49618490000000
1.51119600000000
1.52320400000000
1.53180210000000
1.53792600000000
1.54098700000000
1.54262800000000
1.54308900000000
1.54263700000000
1.54111800000000
1.53836410000000
1.53429400000000
1.52835200000000
1.52140500000000
1.51371500000000
1.50456000000000
1.49512700000000
1.48518400000000
1.47468200000000
1.46446300000000
1.45336000000000
1.44273700000000
1.43221000000000
1.42121900000000
1.41099000000000
1.40065900000000
1.39003210000000
1.38040300000000
1.37015700000000
1.36051200000000
1.35144200000000
1.34150400000000
1.33267800000000
1.32395900000000
1.31514000000000
1.30754300000000
1.29973900000000
1.29280500000000
1.28683400000000
1.28072200000000
1.27608390000000
1.27218100000000
1.26917100000000
1.26747800000000
1.26686000000000
1.26767900000000
1.26952200000000
1.27352910000000
1.27852000000000
1.28545700000000
1.29448700000000
1.30463500000000
1.31737600000000
1.33231900000000
1.34825100000000
1.36811400000000
1.38911900000000
1.41258000000000
1.43981600000000
1.46748300000000
1.49964090000000
1.53445300000000
1.57008300000000
1.61287400000000
1.65594100000000
1.70253300000000
1.75533500000000
1.80691700000000
1.86649800000000
1.92811700000000
1.98908200000000
2.05959010000000
2.12795310000000
2.19825510000000
2.27388810000000
2.34191490000000
2.41305400000000
2.48388410000000
2.54741600000000
2.61409400000000
2.67208190000000
2.72012310000000
2.76799010000000
2.80844210000000
2.84683390000000
2.87415700000000
2.90597300000000
2.93052790000000
2.94819810000000
2.96591000000000
2.98421100000000
3.00251510000000
3.01644210000000
3.04467890000000
3.05389900000000
3.06667900000000
3.08148690000000
3.08993010000000
3.10569000000000
3.10388990000000
3.11641310000000
3.12543110000000
3.13562610000000
3.14778090000000
3.15503190000000
3.15871600000000
3.15915700000000
3.17092800000000
3.17083600000000
3.17613010000000
3.18076400000000
3.18589210000000
3.18947600000000
3.19205900000000
3.20843100000000
3.20478300000000
3.20749900000000
3.21425010000000
3.20530610000000
3.22664810000000
3.22496800000000
3.22550110000000
3.23254300000000
3.23975800000000
3.24527600000000
3.24195290000000
3.23155310000000
3.25284000000000
3.25668000000000
3.26111790000000
3.26337000000000
3.26524500000000
3.27365490000000
3.27185800000000
3.27902290000000
3.28768300000000
3.28335910000000
3.28016090000000
3.29393700000000
3.30348800000000
3.30023500000000
3.30885000000000
3.30210400000000
3.31092500000000
3.31899090000000
3.31820300000000
3.31730700000000
3.31807490000000
3.32232190000000
3.33574600000000
3.33532400000000
3.33014700000000
3.34158990000000
3.34054300000000
3.32820110000000
3.32498910000000
3.32569410000000
3.32622690000000
3.30929210000000
3.30788900000000
3.31023790000000
3.29541610000000
3.27967810000000
3.28590300000000
3.30036090000000
3.28611990000000
3.29337600000000
3.29178190000000
3.29007790000000
3.29723100000000
3.30145790000000
3.32332900000000
3.32356310000000
3.33425000000000
3.33228300000000
3.33060790000000
3.35693190000000
3.37260010000000
3.36411500000000
3.39004490000000
3.38754200000000
3.40159700000000
3.42720700000000
3.39915800000000
3.41275100000000
3.42967800000000
3.43064310000000
3.42318800000000
3.42385290000000
3.45435090000000
3.43272810000000
3.43862700000000
3.44388100000000
3.44302800000000
3.45160010000000
3.44247200000000
3.47409800000000
3.45078300000000
3.43320990000000
3.46463200000000
3.44531700000000
3.44277310000000
3.46686700000000
3.48053600000000
3.47066210000000
3.45214300000000
3.46540810000000
3.47462800000000
3.44550900000000
3.47690800000000
3.47240090000000
3.48023510000000
3.46464400000000
3.47985100000000
3.48090790000000
3.48142000000000
3.48324890000000
3.49515600000000
3.50764300000000
3.49140000000000
3.50090600000000
3.49948910000000
3.52530000000000
3.52746300000000
3.52344200000000
3.53544210000000
3.52679110000000
3.54486490000000
3.55691000000000
3.54464010000000
3.54504490000000
3.55135300000000
3.52442190000000
3.55923100000000
3.56695100000000
3.55869200000000
3.55917690000000
3.55171490000000
3.58253790000000
3.53402900000000
3.55139490000000
3.53677610000000
3.55513100000000
3.52574490000000
3.52696200000000
3.52355690000000
3.50513700000000
3.50604800000000
3.49130700000000
3.48795510000000
3.46293500000000
3.46736190000000
3.47112490000000
3.46380810000000
3.42155910000000
3.43583490000000
3.42413400000000
3.40304800000000
3.41228800000000
3.40402790000000
3.40233800000000
3.37669800000000
3.37109990000000
3.36637500000000
3.36575510000000
3.33029600000000
3.31301400000000
3.30341200000000
3.27889490000000
3.25443200000000
3.24411300000000
3.24698810000000
3.24210500000000
3.25790190000000
3.26811190000000
3.27750900000000
3.27753590000000
3.28094600000000
3.30178190000000
3.30151100000000
3.28690200000000
3.29402710000000
3.30006600000000
3.28193900000000
3.31235690000000
3.30252410000000
3.30922600000000
3.32866500000000
3.33466200000000
3.34777590000000
3.36054210000000
3.35415700000000
3.36188100000000
3.36933300000000
3.35538700000000
3.39042900000000
3.39119010000000
3.40615610000000
3.41561010000000
3.43487410000000
3.46114110000000
3.45779300000000
3.49269800000000
3.51671200000000
3.54762510000000
3.57641010000000
3.62127800000000
3.63320300000000
3.70125100000000
3.74387100000000
3.75020790000000
3.79563590000000
3.77961400000000
3.85503890000000
3.85719390000000
3.83125900000000
3.82802610000000
3.81389310000000
3.81261990000000
3.82654690000000
3.81833100000000
3.79845000000000
3.75614090000000
3.74557090000000
3.76241590000000
3.77285600000000
3.72808600000000
3.75706510000000
3.73474910000000
3.70634100000000
3.76750590000000
3.72604490000000
3.72207810000000
3.73620390000000
3.72323300000000
3.71873500000000
3.75746300000000
3.71220800000000
3.69461010000000
3.72006610000000
3.73006890000000
3.75813890000000
3.73973300000000
3.71472600000000
3.74413390000000
3.74799800000000
3.68917890000000
3.69958310000000
3.69455190000000
3.69587590000000
3.70132800000000
3.68424390000000
3.69157510000000
3.70827510000000
3.64721110000000
3.67934390000000
3.62923100000000
3.67489700000000
3.67561790000000
3.67497900000000
3.67981510000000
3.68944100000000
3.68896290000000
3.70561000000000
3.67383290000000
3.72424100000000
3.65491890000000
3.70640900000000
3.71135590000000
3.71834110000000
3.69475010000000
3.67438510000000
3.65054490000000
3.71583200000000
3.69310190000000
3.67840000000000
3.69598600000000
3.66272710000000
3.68853090000000
3.65169410000000
3.65505600000000
3.64934610000000
3.66963600000000
3.65436790000000
3.60459590000000
3.67078800000000
3.65679000000000
3.64826300000000
3.68363500000000
3.65374800000000
3.67749690000000
3.67475390000000
3.65579300000000
3.62572290000000
3.66796300000000
3.59889100000000
3.64442210000000
3.63558100000000
3.57729290000000
3.62303400000000
3.54239200000000
3.59019210000000
3.58188100000000
3.52895690000000
3.58370710000000
3.53693010000000
3.51287890000000
3.51986600000000
3.53483100000000
3.52525710000000
3.49892090000000
3.51976490000000
3.48222990000000
3.49299500000000
3.45725490000000
3.48758410000000
3.47875310000000
3.45843290000000
3.45313190000000
3.46707700000000
3.44028210000000
3.47059110000000
3.46460290000000
3.46008490000000
3.44458790000000
3.43384700000000
3.46365500000000
3.39827300000000
3.41425800000000
3.43818500000000
3.38083000000000
3.40683790000000
3.38771890000000
3.39364500000000
3.39432000000000
3.42990090000000
3.38108110000000
3.36842390000000
3.38396410000000
3.38628890000000
3.39562990000000
3.39105700000000
3.36686300000000
3.34462400000000
3.34986590000000
3.34300900000000
3.33375600000000
3.34192400000000
3.34093310000000
3.33388590000000
3.32787200000000
3.35272100000000
3.34366490000000
3.33089090000000
3.36107210000000
3.34216810000000
3.34579110000000
3.32182190000000
3.37250590000000
3.33783290000000
3.34175610000000
3.36632610000000
3.38553690000000
3.35112910000000
3.36777500000000
3.35661010000000
3.37218190000000
3.37904690000000
3.37736890000000
3.37436200000000
3.38379000000000
3.38310000000000
3.41819600000000
3.38718100000000
3.36885810000000
3.38924190000000
3.37245800000000
3.38186000000000
3.41391710000000
3.37368200000000
3.38401510000000
3.38075090000000
3.36724000000000
3.37511400000000
3.38083600000000
3.38195900000000
3.42056610000000
3.40531300000000
3.39586900000000
3.41703100000000
3.41937800000000
3.44782500000000
3.41251800000000
3.45967100000000
3.43453000000000
3.47058110000000
3.46435190000000
3.46819090000000
3.46554300000000
3.47877100000000
3.49691700000000
3.44181900000000
3.51221990000000
3.52783700000000
3.47332810000000
3.53984190000000
3.50492500000000
3.51978300000000
3.55447790000000
3.55309200000000
3.55643300000000
3.58799100000000
3.56788800000000
3.58476400000000
3.59113790000000
3.62350610000000
3.51460000000000
3.62767910000000
3.58308600000000
3.58935190000000
3.56541400000000
3.60792800000000
3.61280990000000
3.58516500000000
3.57922790000000
3.60963200000000
3.61291500000000
3.63542290000000
3.51019310000000
3.53159810000000
3.58154390000000
3.59228800000000
3.63261010000000
3.68600200000000
3.56174300000000
3.61541600000000
3.61826400000000