spectre
GradoAlcoholico	11.2700005000000
skip
0.774357000000000
0.796902000000000
0.812751000000000
0.827393000000000
0.837447000000000
0.840126000000000
0.844758000000000
0.840542000000000
0.839186000000000
0.832633000000000
0.824762000000000
0.817449000000000
0.807769000000000
0.796457000000000
0.787644000000000
0.775510000000000
0.763776000000000
0.750682000000000
0.737847000000000
0.725760000000000
0.712005000000000
0.697991000000000
0.685786000000000
0.672284000000000
0.659157000000000
0.646780000000000
0.633593000000000
0.620745000000000
0.608185000000000
0.594623000000000
0.582829000000000
0.571001000000000
0.558543000000000
0.547408000000000
0.536169000000000
0.524662000000000
0.512473000000000
0.502201000000000
0.490582000000000
0.479894000000000
0.469298000000000
0.458407000000000
0.447730000000000
0.437380000000000
0.427608000000000
0.416981000000000
0.406825000000000
0.397271000000000
0.388054000000000
0.377543000000000
0.368691000000000
0.360582000000000
0.351324000000000
0.342592000000000
0.334663000000000
0.326973000000000
0.318982000000000
0.310970000000000
0.302905000000000
0.295063000000000
0.287945000000000
0.280162000000000
0.273787000000000
0.266416000000000
0.259995000000000
0.253779000000000
0.248519000000000
0.242589000000000
0.237811000000000
0.232640000000000
0.227741000000000
0.223555000000000
0.219259000000000
0.215702000000000
0.211452000000000
0.207524000000000
0.203561000000000
0.199727000000000
0.196165000000000
0.192906000000000
0.189468000000000
0.185821000000000
0.182867000000000
0.179725000000000
0.176172000000000
0.173512000000000
0.170351000000000
0.167430000000000
0.164584000000000
0.161652000000000
0.158806000000000
0.156457000000000
0.153624000000000
0.151300000000000
0.148511000000000
0.146002000000000
0.143536000000000
0.141385000000000
0.138729000000000
0.136613000000000
0.134455000000000
0.131967000000000
0.130093000000000
0.127902000000000
0.125953000000000
0.124063000000000
0.121852000000000
0.119894000000000
0.118122000000000
0.116210000000000
0.114567000000000
0.112784000000000
0.111080000000000
0.109534000000000
0.107860000000000
0.106234000000000
0.104814000000000
0.103335000000000
0.101830000000000
0.100474000000000
0.0990170020000000
0.0977620040000000
0.0962560030000000
0.0951270010000000
0.0938490030000000
0.0927330030000000
0.0915020030000000
0.0904679970000000
0.0894289990000000
0.0884289970000000
0.0874259990000000
0.0865899990000000
0.0856319960000000
0.0846979990000000
0.0838989990000000
0.0830909980000000
0.0823780000000000
0.0816259980000000
0.0808420030000000
0.0802770030000000
0.0796310010000000
0.0788780000000000
0.0783009980000000
0.0776960030000000
0.0770620030000000
0.0763380010000000
0.0755610020000000
0.0747689980000000
0.0741619990000000
0.0735810030000000
0.0730990020000000
0.0727550010000000
0.0726180000000000
0.0726870000000000
0.0729490000000000
0.0734200030000000
0.0740209970000000
0.0748180000000000
0.0759000030000000
0.0770810020000000
0.0785159990000000
0.0800239970000000
0.0815199990000000
0.0830750020000000
0.0843589980000000
0.0854810030000000
0.0865150020000000
0.0872979980000000
0.0879530010000000
0.0885350030000000
0.0888300020000000
0.0888459980000000
0.0889400020000000
0.0890109990000000
0.0889199970000000
0.0885989960000000
0.0882579980000000
0.0879559960000000
0.0877259970000000
0.0874449980000000
0.0870170000000000
0.0866189970000000
0.0861790030000000
0.0856359970000000
0.0851019990000000
0.0845410000000000
0.0839039980000000
0.0833069980000000
0.0826049970000000
0.0819069970000000
0.0812589970000000
0.0805270000000000
0.0797939970000000
0.0791409980000000
0.0784389970000000
0.0777520020000000
0.0771669970000000
0.0765530020000000
0.0760139970000000
0.0755100030000000
0.0750600030000000
0.0747369970000000
0.0744540020000000
0.0742859990000000
0.0742259990000000
0.0742890020000000
0.0745539960000000
0.0749299970000000
0.0756110030000000
0.0764639970000000
0.0775410010000000
0.0789820030000000
0.0804909990000000
0.0822039990000000
0.0840869990000000
0.0858550000000000
0.0876600000000000
0.0893800040000000
0.0908050020000000
0.0921650010000000
0.0932490010000000
0.0941149960000000
0.0949509960000000
0.0956479980000000
0.0963200030000000
0.0969889980000000
0.0975589980000000
0.0982329990000000
0.0989110020000000
0.0995910020000000
0.100320000000000
0.101112000000000
0.101908000000000
0.102853000000000
0.103841000000000
0.104864000000000
0.106089000000000
0.107343000000000
0.108647000000000
0.110143000000000
0.111608000000000
0.113214000000000
0.114942000000000
0.116623000000000
0.118496000000000
0.120408000000000
0.122259000000000
0.124343000000000
0.126372000000000
0.128345000000000
0.130537000000000
0.132575000000000
0.134612000000000
0.136852000000000
0.139130000000000
0.141785000000000
0.144929000000000
0.148536000000000
0.153036000000000
0.158415000000000
0.164354000000000
0.172044000000000
0.180432000000000
0.189760000000000
0.201105000000000
0.212756000000000
0.225971000000000
0.241051000000000
0.256426000000000
0.274318000000000
0.294194000000000
0.314802000000000
0.339697000000000
0.366140000000000
0.393470000000000
0.425464000000000
0.455961000000000
0.486057000000000
0.516152000000000
0.540848000000000
0.562770000000000
0.580709000000000
0.593411000000000
0.603855000000000
0.610957000000000
0.615952000000000
0.619457000000000
0.621329000000000
0.621694000000000
0.620573000000000
0.618229000000000
0.614321000000000
0.609034000000000
0.602932000000000
0.595310000000000
0.586761000000000
0.577923000000000
0.567408000000000
0.556856000000000
0.545904000000000
0.533569000000000
0.521728000000000
0.509162000000000
0.495804000000000
0.483187000000000
0.469480000000000
0.455784000000000
0.442752000000000
0.428538000000000
0.415112000000000
0.402123000000000
0.388339000000000
0.375817000000000
0.363358000000000
0.350763000000000
0.339663000000000
0.328221000000000
0.317475000000000
0.307811000000000
0.297894000000000
0.288997000000000
0.280844000000000
0.272690000000000
0.265657000000000
0.258997000000000
0.252734000000000
0.247532000000000
0.242493000000000
0.238214000000000
0.234668000000000
0.231416000000000
0.228853000000000
0.226827000000000
0.225215000000000
0.224266000000000
0.223877000000000
0.224043000000000
0.224761000000000
0.226086000000000
0.227940000000000
0.230131000000000
0.233210000000000
0.236576000000000
0.240488000000000
0.245153000000000
0.249866000000000
0.255263000000000
0.261168000000000
0.266911000000000
0.273529000000000
0.242500000000000
0.248474000000000
0.254949000000000
0.261561000000000
0.268075000000000
0.275543000000000
0.283212000000000
0.291577000000000
0.301819000000000
0.312943000000000
0.326899000000000
0.344118000000000
0.364068000000000
0.389899000000000
0.421090000000000
0.456467000000000
0.502629000000000
0.552281000000000
0.609302000000000
0.675409000000000
0.741847000000000
0.815625000000000
0.891229000000000
0.963413000000000
1.04094300000000
1.11181290000000
1.17530100000000
1.23362000000000
1.27943210000000
1.31828000000000
1.35160800000000
1.37708400000000
1.40034700000000
1.41930700000000
1.43550800000000
1.45164600000000
1.46615700000000
1.48033700000000
1.49478600000000
1.50720800000000
1.51935510000000
1.52932890000000
1.53736200000000
1.54397400000000
1.54838000000000
1.55141700000000
1.55353300000000
1.55396700000000
1.55349500000000
1.55136200000000
1.54795100000000
1.54278300000000
1.53673990000000
1.53001400000000
1.52176300000000
1.51370100000000
1.50484300000000
1.49549400000000
1.48659800000000
1.47674890000000
1.46718100000000
1.45798000000000
1.44788100000000
1.43847300000000
1.42901190000000
1.41912900000000
1.41028090000000
1.40049400000000
1.39113610000000
1.38235000000000
1.37293000000000
1.36428500000000
1.35570100000000
1.34718700000000
1.33977100000000
1.33240500000000
1.32569100000000
1.31990690000000
1.31448400000000
1.31034100000000
1.30714400000000
1.30454100000000
1.30381200000000
1.30406400000000
1.30583410000000
1.30870900000000
1.31395100000000
1.32027100000000
1.32855200000000
1.33903900000000
1.35089100000000
1.36545100000000
1.38196400000000
1.39973400000000
1.42159700000000
1.44450400000000
1.46996610000000
1.49950400000000
1.52938500000000
1.56398590000000
1.60107600000000
1.63891700000000
1.68447900000000
1.72939600000000
1.77906100000000
1.83411600000000
1.88870700000000
1.95044000000000
2.01403310000000
2.07777400000000
2.15004490000000
2.21788410000000
2.28928090000000
2.36401800000000
2.43154100000000
2.50198290000000
2.56801100000000
2.62848210000000
2.69097400000000
2.73746110000000
2.78315810000000
2.82693290000000
2.86109590000000
2.89192510000000
2.91895790000000
2.94067100000000
2.96239810000000
2.98054000000000
2.99532510000000
3.01221700000000
3.03065800000000
3.03951810000000
3.05832290000000
3.06882500000000
3.08413910000000
3.09627290000000
3.10993500000000
3.11342310000000
3.12708810000000
3.13051800000000
3.13781690000000
3.15002610000000
3.15412690000000
3.16053890000000
3.16351390000000
3.17502690000000
3.17356400000000
3.18674900000000
3.18805190000000
3.19158290000000
3.20613690000000
3.20158790000000
3.21036510000000
3.21316290000000
3.21930500000000
3.22264790000000
3.21826000000000
3.23057890000000
3.23536990000000
3.23966190000000
3.24357010000000
3.24575400000000
3.24585290000000
3.25937510000000
3.24772910000000
3.26299810000000
3.25760100000000
3.26961490000000
3.26878310000000
3.27300910000000
3.27847290000000
3.27204800000000
3.28828910000000
3.28911900000000
3.28857900000000
3.29562590000000
3.30352000000000
3.30866410000000
3.29369900000000
3.32151200000000
3.32660600000000
3.30729700000000
3.31960390000000
3.33146600000000
3.33649210000000
3.33337900000000
3.33734300000000
3.34900000000000
3.33256410000000
3.34672590000000
3.35668110000000
3.34078410000000
3.33131600000000
3.36124490000000
3.33854700000000
3.34392500000000
3.32680110000000
3.34016300000000
3.31416610000000
3.30734610000000
3.30871800000000
3.29986410000000
3.30664800000000
3.29790590000000
3.29607110000000
3.27113600000000
3.29863000000000
3.29036090000000
3.32146410000000
3.32120390000000
3.32404400000000
3.33207300000000
3.34190990000000
3.34950590000000
3.37488100000000
3.39186000000000
3.36294290000000
3.38810800000000
3.40305300000000
3.41468500000000
3.41407300000000
3.41158010000000
3.43208100000000
3.41388610000000
3.44316910000000
3.44089290000000
3.44744710000000
3.45854090000000
3.42741200000000
3.44107290000000
3.46420000000000
3.46780800000000
3.47109700000000
3.48142290000000
3.45405890000000
3.47620800000000
3.47935700000000
3.46468090000000
3.48426510000000
3.47406790000000
3.49835300000000
3.47871300000000
3.47600790000000
3.48548290000000
3.49150300000000
3.45793200000000
3.48636790000000
3.50328800000000
3.45815300000000
3.48711990000000
3.47719000000000
3.50255800000000
3.50672700000000
3.50242090000000
3.53170990000000
3.51896100000000
3.52324200000000
3.50517200000000
3.50923300000000
3.52837710000000
3.51017500000000
3.53464700000000
3.51915190000000
3.54432110000000
3.54744410000000
3.52778290000000
3.54052400000000
3.55896000000000
3.55599400000000
3.54983590000000
3.55304000000000
3.57072900000000
3.57153890000000
3.56794400000000
3.58385800000000
3.56497500000000
3.59501000000000
3.56459500000000
3.54675010000000
3.57769390000000
3.56044410000000
3.55488110000000
3.53711890000000
3.56289600000000
3.54808400000000
3.51482300000000
3.53833010000000
3.52240800000000
3.50854400000000
3.49230190000000
3.48463510000000
3.46541090000000
3.46403690000000
3.46963310000000
3.45027210000000
3.44937400000000
3.44059990000000
3.44306300000000
3.42305800000000
3.41900800000000
3.40170500000000
3.38385800000000
3.37229200000000
3.36769390000000
3.34987500000000
3.32863690000000
3.32536790000000
3.27790310000000
3.27033710000000
3.26512000000000
3.24423290000000
3.26263810000000
3.25788590000000
3.26670290000000
3.28493500000000
3.28816200000000
3.30311490000000
3.30333810000000
3.31457400000000
3.30687900000000
3.30328010000000
3.30532000000000
3.29801300000000
3.30539700000000
3.30812000000000
3.32617210000000
3.33577900000000
3.34488200000000
3.36752010000000
3.36008690000000
3.36715700000000
3.39470410000000
3.38414500000000
3.38466690000000
3.39958410000000
3.40189790000000
3.41457610000000
3.42681410000000
3.45349100000000
3.45114900000000
3.46220800000000
3.50207500000000
3.49855800000000
3.55917690000000
3.56802700000000
3.61751700000000
3.64747810000000
3.67117500000000
3.77892490000000
3.74515100000000
3.80038000000000
3.82800200000000
3.80363800000000
3.80233910000000
3.85700490000000
3.87819290000000
3.85162900000000
3.83381200000000
3.82134290000000
3.83831810000000
3.86317990000000
3.77973890000000
3.83974290000000
3.78543810000000
3.82108900000000
3.80117990000000
3.75280090000000
3.78584500000000
3.77276610000000
3.79781890000000
3.75346300000000
3.77211900000000
3.74655290000000
3.78208300000000
3.78497000000000
3.77220390000000
3.76707700000000
3.73315190000000
3.77540800000000
3.78590390000000
3.71248390000000
3.76383300000000
3.73712300000000
3.74482490000000
3.69537900000000
3.72119690000000
3.72285100000000
3.70577500000000
3.68964100000000
3.70056300000000
3.70072390000000
3.72072010000000
3.71647190000000
3.70162390000000
3.66498800000000
3.73723790000000
3.71016910000000
3.66970610000000
3.73100710000000
3.69505000000000
3.70103190000000
3.71370510000000
3.74337290000000
3.76437900000000
3.70303390000000
3.73653290000000
3.73267200000000
3.68189690000000
3.68846200000000
3.74445100000000
3.70841100000000
3.71570400000000
3.73309990000000
3.72701100000000
3.72892500000000
3.71501210000000
3.70429710000000
3.73534490000000
3.68643500000000
3.73759010000000
3.68785810000000
3.72497510000000
3.76319910000000
3.71422200000000
3.75177000000000
3.67628000000000
3.68791100000000
3.69132900000000
3.68384700000000
3.74878410000000
3.69559790000000
3.68682500000000
3.65878700000000
3.67725300000000
3.65238000000000
3.65370610000000
3.63866900000000
3.62611290000000
3.64492610000000
3.65279700000000
3.61854410000000
3.60618810000000
3.58006410000000
3.54298000000000
3.56964990000000
3.54539700000000
3.58119890000000
3.49588800000000
3.51706190000000
3.55033710000000
3.56136390000000
3.52814700000000
3.51875810000000
3.50586100000000
3.46063300000000
3.50184110000000
3.47983790000000
3.49175500000000
3.49072190000000
3.46087910000000
3.48715590000000
3.49503990000000
3.47119310000000
3.47797890000000
3.43672110000000
3.43734690000000
3.44182800000000
3.45629810000000
3.43738700000000
3.43634510000000
3.44078110000000
3.42251400000000
3.40970300000000
3.40651010000000
3.42541190000000
3.42499400000000
3.38716010000000
3.40391590000000
3.39326600000000
3.37882400000000
3.35575600000000
3.36193700000000
3.36294890000000
3.38391710000000
3.36416290000000
3.36196800000000
3.35256200000000
3.36790800000000
3.34685710000000
3.32331400000000
3.33822110000000
3.35628200000000
3.34281990000000
3.35233500000000
3.34544710000000
3.36938500000000
3.33747790000000
3.39276700000000
3.35750890000000
3.37551810000000
3.37867500000000
3.38400290000000
3.39533090000000
3.36733700000000
3.37424900000000
3.35248090000000
3.38630390000000
3.40277410000000
3.37558600000000
3.40939400000000
3.38992310000000
3.40750690000000
3.40570000000000
3.39374490000000
3.38731600000000
3.39589410000000
3.36316610000000
3.40726210000000
3.39886500000000
3.38274690000000
3.37100600000000
3.42129110000000
3.40946200000000
3.39169000000000
3.41862610000000
3.40576790000000
3.40894700000000
3.40343090000000
3.42173600000000
3.44498710000000
3.45304890000000
3.43554400000000
3.45224190000000
3.43727590000000
3.44388600000000
3.48425290000000
3.48318510000000
3.52538490000000
3.46923210000000
3.53842090000000
3.52461000000000
3.53049110000000
3.52344490000000
3.51870890000000
3.60372900000000
3.59737210000000
3.54978610000000
3.59101890000000
3.56754710000000
3.53401090000000
3.59074500000000
3.55586600000000
3.67344590000000
3.58612390000000
3.62414910000000
3.59512210000000
3.58507390000000
3.65975000000000
3.55568600000000
3.65251710000000
3.67314100000000
3.63214490000000
3.64147090000000
3.62618210000000
3.58370800000000
3.60952400000000
3.56076500000000
3.70218900000000
3.61364890000000
3.60186910000000
3.63789700000000
3.64992500000000
3.66004800000000
3.61999010000000
3.62586590000000
3.64096810000000