spectre
GradoAlcoholico	12.4099998000000
skip
0.792364000000000
0.819637000000000
0.839438000000000
0.856350000000000
0.872387000000000
0.881552000000000
0.883358000000000
0.886989000000000
0.884330000000000
0.881670000000000
0.876683000000000
0.869570000000000
0.859655000000000
0.849996000000000
0.839507000000000
0.827199000000000
0.814601000000000
0.803460000000000
0.789672000000000
0.775537000000000
0.762430000000000
0.747733000000000
0.735194000000000
0.720100000000000
0.705901000000000
0.692208000000000
0.678796000000000
0.663517000000000
0.650625000000000
0.636801000000000
0.622838000000000
0.609528000000000
0.595290000000000
0.582082000000000
0.569975000000000
0.555795000000000
0.543091000000000
0.530774000000000
0.517222000000000
0.505974000000000
0.492679000000000
0.479367000000000
0.467399000000000
0.454584000000000
0.441913000000000
0.431068000000000
0.419138000000000
0.406890000000000
0.396217000000000
0.383649000000000
0.373323000000000
0.363143000000000
0.352254000000000
0.342482000000000
0.333180000000000
0.323068000000000
0.314052000000000
0.304924000000000
0.295754000000000
0.287110000000000
0.278876000000000
0.270223000000000
0.262170000000000
0.253982000000000
0.246765000000000
0.239854000000000
0.232888000000000
0.226476000000000
0.220705000000000
0.214677000000000
0.209724000000000
0.205516000000000
0.199725000000000
0.195442000000000
0.191315000000000
0.186918000000000
0.182498000000000
0.178641000000000
0.174424000000000
0.170824000000000
0.167280000000000
0.163173000000000
0.159851000000000
0.156628000000000
0.153254000000000
0.150250000000000
0.146752000000000
0.143512000000000
0.140623000000000
0.137495000000000
0.134442000000000
0.132046000000000
0.129229000000000
0.126653000000000
0.124180000000000
0.121460000000000
0.119226000000000
0.116632000000000
0.114322000000000
0.112119000000000
0.109924000000000
0.107479000000000
0.105708000000000
0.103616000000000
0.101438000000000
0.0995970000000000
0.0976260010000000
0.0956749990000000
0.0939449970000000
0.0920099990000000
0.0902829990000000
0.0886320020000000
0.0869100020000000
0.0853940020000000
0.0838359970000000
0.0822580010000000
0.0807529990000000
0.0794870030000000
0.0779739990000000
0.0765950010000000
0.0752800030000000
0.0739199970000000
0.0728169980000000
0.0714590030000000
0.0702390000000000
0.0691509990000000
0.0680740030000000
0.0670460020000000
0.0661799980000000
0.0651400010000000
0.0642189980000000
0.0634059980000000
0.0624869990000000
0.0616800000000000
0.0610040020000000
0.0601980020000000
0.0594780000000000
0.0588469990000000
0.0581640010000000
0.0575390010000000
0.0568990000000000
0.0562370010000000
0.0557370000000000
0.0551250020000000
0.0545440020000000
0.0539529990000000
0.0532119980000000
0.0525210020000000
0.0519119990000000
0.0512890000000000
0.0508870000000000
0.0506399980000000
0.0505889990000000
0.0507149990000000
0.0510400010000000
0.0515079980000000
0.0521340000000000
0.0530560020000000
0.0541180000000000
0.0553090010000000
0.0568020010000000
0.0583789980000000
0.0599379990000000
0.0615490000000000
0.0628869980000000
0.0641179980000000
0.0652389970000000
0.0661040020000000
0.0667859990000000
0.0672750030000000
0.0674270020000000
0.0673680010000000
0.0674550010000000
0.0676290020000000
0.0677070020000000
0.0674860030000000
0.0672219990000000
0.0669910010000000
0.0667689960000000
0.0665329990000000
0.0661849980000000
0.0658169980000000
0.0653909970000000
0.0649020000000000
0.0643879990000000
0.0638590010000000
0.0632959980000000
0.0627039970000000
0.0620759990000000
0.0614600000000000
0.0608460010000000
0.0601309980000000
0.0594879980000000
0.0588559990000000
0.0581750010000000
0.0575539990000000
0.0569889990000000
0.0563879980000000
0.0558930000000000
0.0554549990000000
0.0550480000000000
0.0547569990000000
0.0545190010000000
0.0543720010000000
0.0543520000000000
0.0544420000000000
0.0547050010000000
0.0551269990000000
0.0557980020000000
0.0566710010000000
0.0577500020000000
0.0591830020000000
0.0607029980000000
0.0624130000000000
0.0642979960000000
0.0660530030000000
0.0678720030000000
0.0695950020000000
0.0710700010000000
0.0724390000000000
0.0735289980000000
0.0744310020000000
0.0752590000000000
0.0759920030000000
0.0766630020000000
0.0773219990000000
0.0779400020000000
0.0785939990000000
0.0793100000000000
0.0799729970000000
0.0807449970000000
0.0815560000000000
0.0823699980000000
0.0833199990000000
0.0843200010000000
0.0853720010000000
0.0866070020000000
0.0878750010000000
0.0892089980000000
0.0907370000000000
0.0922129970000000
0.0938460010000000
0.0956330000000000
0.0973440040000000
0.0992399980000000
0.101203000000000
0.103103000000000
0.105254000000000
0.107370000000000
0.109417000000000
0.111654000000000
0.113737000000000
0.115818000000000
0.118118000000000
0.120441000000000
0.123083000000000
0.126205000000000
0.129680000000000
0.134117000000000
0.139416000000000
0.145262000000000
0.152868000000000
0.161100000000000
0.170293000000000
0.181524000000000
0.193039000000000
0.206123000000000
0.221034000000000
0.236159000000000
0.253824000000000
0.273415000000000
0.293801000000000
0.318410000000000
0.344526000000000
0.371576000000000
0.403241000000000
0.433403000000000
0.463277000000000
0.493206000000000
0.517836000000000
0.539738000000000
0.557778000000000
0.570536000000000
0.581107000000000
0.588394000000000
0.593529000000000
0.597219000000000
0.599235000000000
0.599802000000000
0.598920000000000
0.596737000000000
0.593015000000000
0.587937000000000
0.581982000000000
0.574562000000000
0.566197000000000
0.557516000000000
0.547158000000000
0.536738000000000
0.525942000000000
0.513743000000000
0.502047000000000
0.489616000000000
0.476378000000000
0.463882000000000
0.450303000000000
0.436733000000000
0.423832000000000
0.409720000000000
0.396406000000000
0.383524000000000
0.369841000000000
0.357388000000000
0.345014000000000
0.332536000000000
0.321484000000000
0.310131000000000
0.299450000000000
0.289878000000000
0.279964000000000
0.271152000000000
0.263091000000000
0.254973000000000
0.247949000000000
0.241414000000000
0.235142000000000
0.229990000000000
0.225016000000000
0.220752000000000
0.217223000000000
0.214024000000000
0.211496000000000
0.209465000000000
0.207892000000000
0.206962000000000
0.206601000000000
0.206757000000000
0.207483000000000
0.208775000000000
0.210621000000000
0.212842000000000
0.215882000000000
0.219221000000000
0.223066000000000
0.227688000000000
0.232392000000000
0.237746000000000
0.243629000000000
0.249486000000000
0.255967000000000
0.239109000000000
0.245024000000000
0.251425000000000
0.257959000000000
0.264397000000000
0.271787000000000
0.279370000000000
0.287627000000000
0.297750000000000
0.308753000000000
0.322551000000000
0.339543000000000
0.359284000000000
0.384840000000000
0.415700000000000
0.450774000000000
0.496508000000000
0.545662000000000
0.602302000000000
0.667796000000000
0.733640000000000
0.806851000000000
0.881888000000000
0.953585000000000
1.03068600000000
1.10116300000000
1.16424890000000
1.22238100000000
1.26834500000000
1.30730400000000
1.34085300000000
1.36638000000000
1.39000700000000
1.40925000000000
1.42586400000000
1.44237490000000
1.45702400000000
1.47172200000000
1.48660600000000
1.49948200000000
1.51179900000000
1.52207600000000
1.53027200000000
1.53706600000000
1.54160700000000
1.54460500000000
1.54658790000000
1.54736900000000
1.54665700000000
1.54460300000000
1.54123290000000
1.53623800000000
1.53008100000000
1.52334590000000
1.51507600000000
1.50680010000000
1.49789600000000
1.48839000000000
1.47939400000000
1.46942200000000
1.45983200000000
1.45035300000000
1.44022700000000
1.43070500000000
1.42108910000000
1.41125400000000
1.40203000000000
1.39223690000000
1.38272400000000
1.37392500000000
1.36450400000000
1.35587000000000
1.34730010000000
1.33872500000000
1.33133490000000
1.32377800000000
1.31716000000000
1.31135590000000
1.30590300000000
1.30143590000000
1.29822190000000
1.29578600000000
1.29484610000000
1.29501000000000
1.29654400000000
1.29939310000000
1.30429400000000
1.31041300000000
1.31857400000000
1.32885690000000
1.34047310000000
1.35460310000000
1.37100010000000
1.38848400000000
1.41017500000000
1.43265500000000
1.45797400000000
1.48702900000000
1.51645600000000
1.55058400000000
1.58748600000000
1.62494800000000
1.67011000000000
1.71491300000000
1.76404700000000
1.81912700000000
1.87293100000000
1.93407200000000
1.99742900000000
2.06025600000000
2.13194610000000
2.20104500000000
2.27235700000000
2.34702610000000
2.41410210000000
2.48484990000000
2.55215500000000
2.61410590000000
2.67214990000000
2.72600700000000
2.77309610000000
2.81594300000000
2.84898900000000
2.88139200000000
2.90973590000000
2.93098810000000
2.95435090000000
2.97424600000000
2.98692990000000
3.00374100000000
3.01849890000000
3.04038500000000
3.05129910000000
3.06866100000000
3.07525990000000
3.08562710000000
3.09884310000000
3.11395100000000
3.11568000000000
3.12520690000000
3.13468790000000
3.13811800000000
3.14782600000000
3.15903310000000
3.16010310000000
3.16441010000000
3.17530610000000
3.18265600000000
3.18142890000000
3.18841290000000
3.19567300000000
3.19956710000000
3.19818900000000
3.20767210000000
3.19837500000000
3.21136810000000
3.22480890000000
3.21743610000000
3.22525410000000
3.23018910000000
3.23854990000000
3.23450990000000
3.23592590000000
3.24881510000000
3.25112700000000
3.25826600000000
3.25648400000000
3.26489590000000
3.26388410000000
3.26762010000000
3.26807310000000
3.27113890000000
3.28170110000000
3.27566910000000
3.29600810000000
3.28902790000000
3.30362110000000
3.29719310000000
3.29853700000000
3.30964090000000
3.31374600000000
3.31041910000000
3.31523390000000
3.32422710000000
3.31624010000000
3.34309100000000
3.33394690000000
3.33677790000000
3.32828310000000
3.33016300000000
3.34295010000000
3.34026000000000
3.33851700000000
3.33750890000000
3.34651300000000
3.31873110000000
3.32359700000000
3.31092500000000
3.31062010000000
3.31749300000000
3.29698900000000
3.30900790000000
3.29059700000000
3.29380300000000
3.28830790000000
3.28472210000000
3.29528310000000
3.30237700000000
3.32127500000000
3.32515500000000
3.32370500000000
3.31794400000000
3.33580300000000
3.34073500000000
3.34043600000000
3.37988000000000
3.34302210000000
3.37271500000000
3.38206100000000
3.40241410000000
3.40950390000000
3.41726710000000
3.40654300000000
3.43709610000000
3.43966700000000
3.43714500000000
3.43995500000000
3.44562010000000
3.43950610000000
3.44574090000000
3.45023300000000
3.45312000000000
3.44477390000000
3.47058300000000
3.44611500000000
3.45556310000000
3.46297310000000
3.44469190000000
3.44796200000000
3.44140510000000
3.47245690000000
3.46894790000000
3.46256090000000
3.46735810000000
3.46374610000000
3.47552110000000
3.48729300000000
3.47404190000000
3.48656390000000
3.45716000000000
3.47904110000000
3.48315000000000
3.47193600000000
3.48844100000000
3.49720000000000
3.49099710000000
3.47711900000000
3.49708600000000
3.51526590000000
3.52522210000000
3.50641490000000
3.52242590000000
3.51517890000000
3.53068710000000
3.53557110000000
3.55869510000000
3.55952000000000
3.54560300000000
3.56212810000000
3.57402900000000
3.55305910000000
3.57436200000000
3.55695510000000
3.56290510000000
3.57022000000000
3.58319500000000
3.57027510000000
3.55815910000000
3.55692200000000
3.54559490000000
3.53962110000000
3.56846900000000
3.54011390000000
3.51735710000000
3.53689410000000
3.52021000000000
3.53439690000000
3.50846790000000
3.50733710000000
3.51187110000000
3.48027710000000
3.48837490000000
3.45854810000000
3.44637700000000
3.43113400000000
3.42475890000000
3.43570300000000
3.40932800000000
3.40308900000000
3.39868810000000
3.39949010000000
3.37475800000000
3.36702900000000
3.36497310000000
3.34893800000000
3.32166500000000
3.31691500000000
3.27906610000000
3.26402500000000
3.25088690000000
3.23964100000000
3.24694610000000
3.25722500000000
3.27517010000000
3.28299590000000
3.28651310000000
3.30193090000000
3.29128100000000
3.30245590000000
3.29639200000000
3.29488990000000
3.29902010000000
3.28969100000000
3.31300710000000
3.30463910000000
3.31087990000000
3.33758400000000
3.33049390000000
3.34196500000000
3.35766790000000
3.37856790000000
3.36093590000000
3.37924500000000
3.37586690000000
3.39052100000000
3.39188190000000
3.40963890000000
3.42947600000000
3.45369100000000
3.45122910000000
3.47549610000000
3.50544400000000
3.52117110000000
3.55253100000000
3.60161710000000
3.62297700000000
3.63328790000000
3.68094990000000
3.72098900000000
3.77704810000000
3.76607800000000
3.80921100000000
3.82909700000000
3.84514000000000
3.83294800000000
3.81138990000000
3.78892400000000
3.87693310000000
3.82159810000000
3.83152510000000
3.82707500000000
3.78177190000000
3.83174610000000
3.79963990000000
3.76649590000000
3.78124190000000
3.75786500000000
3.73759100000000
3.72437000000000
3.77062800000000
3.76287390000000
3.76198910000000
3.80907010000000
3.75998900000000
3.75253800000000
3.74893900000000
3.74594310000000
3.75261500000000
3.73318410000000
3.78857400000000
3.71748090000000
3.75801210000000
3.71409300000000
3.74385190000000
3.73492410000000
3.67389490000000
3.70449810000000
3.73706390000000
3.74364500000000
3.74316500000000
3.72540690000000
3.71084090000000
3.70556400000000
3.69657110000000
3.69379400000000
3.69263600000000
3.70486500000000
3.71305700000000
3.70192600000000
3.69191690000000
3.71063590000000
3.72474100000000
3.73260500000000
3.70291810000000
3.68062900000000
3.73090510000000
3.70937300000000
3.72011900000000
3.74778600000000
3.71966100000000
3.74237900000000
3.72259900000000
3.74786400000000
3.70787500000000
3.70277690000000
3.71228000000000
3.71895290000000
3.76807590000000
3.69088890000000
3.72330500000000
3.69971200000000
3.68873500000000
3.66608500000000
3.68261600000000
3.72183490000000
3.65864800000000
3.69808010000000
3.70214800000000
3.69238000000000
3.67025900000000
3.67225410000000
3.72651000000000
3.67221590000000
3.66766410000000
3.60932300000000
3.63006590000000
3.63279200000000
3.62019610000000
3.63103800000000
3.59188100000000
3.57877710000000
3.59010100000000
3.59322690000000
3.54934100000000
3.55000310000000
3.55889800000000
3.56072590000000
3.53708290000000
3.51355790000000
3.52196790000000
3.51493690000000
3.49681810000000
3.48055910000000
3.47146800000000
3.48270300000000
3.47470900000000
3.49071290000000
3.47447800000000
3.44737010000000
3.46778890000000
3.43280510000000
3.46389390000000
3.43458010000000
3.45155500000000
3.44115000000000
3.45045900000000
3.38115810000000
3.40136290000000
3.41922590000000
3.40123300000000
3.41031910000000
3.39263700000000
3.40166710000000
3.40572690000000
3.39736390000000
3.39766310000000
3.40484810000000
3.39853310000000
3.37568900000000
3.39267110000000
3.39338210000000
3.36035610000000
3.37024900000000
3.37854500000000
3.34461900000000
3.34115200000000
3.34591700000000
3.34888510000000
3.36543990000000
3.34897590000000
3.33916090000000
3.34331110000000
3.35602190000000
3.36252000000000
3.33398010000000
3.34334400000000
3.30629710000000
3.35770200000000
3.34549090000000
3.37103610000000
3.35279110000000
3.36335300000000
3.37505700000000
3.37556200000000
3.36865710000000
3.39775490000000
3.34829400000000
3.40372300000000
3.35912200000000
3.39071800000000
3.37143710000000
3.39679790000000
3.40222310000000
3.39237400000000
3.37613610000000
3.37821890000000
3.38712500000000
3.38501910000000
3.37608000000000
3.39970110000000
3.39476700000000
3.38997200000000
3.38241410000000
3.40930290000000
3.41644000000000
3.42736200000000
3.39730910000000
3.38207200000000
3.43890190000000
3.41305490000000
3.44580510000000
3.45381590000000
3.44623800000000
3.46804400000000
3.48175500000000
3.47628310000000
3.43650290000000
3.49284510000000
3.53438590000000
3.52198700000000
3.47985790000000
3.50738310000000
3.49752500000000
3.50916410000000
3.53725290000000
3.52534700000000
3.57491800000000
3.52117800000000
3.54608200000000
3.57339410000000
3.58080700000000
3.54574490000000
3.59205290000000
3.54114510000000
3.56635900000000
3.54313300000000
3.59455990000000
3.59772710000000
3.58670210000000
3.60332300000000
3.64083100000000
3.58673190000000
3.59764190000000
3.66290590000000
3.64029290000000
3.64559010000000
3.55966500000000
3.60681100000000
3.61045410000000
3.61488200000000
3.56518700000000
3.60945510000000
3.60489390000000
3.64032600000000
3.63498810000000
3.64086200000000