spectre
GradoAlcoholico	11.0600004000000
skip
0.754322000000000
0.771284000000000
0.792580000000000
0.805839000000000
0.813494000000000
0.816264000000000
0.818404000000000
0.816607000000000
0.812004000000000
0.804794000000000
0.799054000000000
0.789071000000000
0.780741000000000
0.768744000000000
0.759281000000000
0.745894000000000
0.734927000000000
0.720403000000000
0.709169000000000
0.696313000000000
0.682381000000000
0.669349000000000
0.656799000000000
0.643562000000000
0.630690000000000
0.618473000000000
0.606373000000000
0.592929000000000
0.581087000000000
0.567905000000000
0.556384000000000
0.545937000000000
0.533651000000000
0.521685000000000
0.511378000000000
0.498710000000000
0.487960000000000
0.477733000000000
0.465555000000000
0.455899000000000
0.444869000000000
0.433849000000000
0.423694000000000
0.412550000000000
0.403158000000000
0.393155000000000
0.382830000000000
0.373051000000000
0.363331000000000
0.354187000000000
0.344400000000000
0.336013000000000
0.326433000000000
0.318182000000000
0.311221000000000
0.301416000000000
0.293635000000000
0.286269000000000
0.277763000000000
0.270781000000000
0.263067000000000
0.255250000000000
0.249254000000000
0.242073000000000
0.235262000000000
0.229183000000000
0.223808000000000
0.217938000000000
0.212696000000000
0.207646000000000
0.203186000000000
0.198915000000000
0.194760000000000
0.190639000000000
0.186998000000000
0.182978000000000
0.179221000000000
0.175802000000000
0.172256000000000
0.168981000000000
0.165581000000000
0.162319000000000
0.159182000000000
0.156396000000000
0.152983000000000
0.150123000000000
0.147323000000000
0.144402000000000
0.141765000000000
0.138364000000000
0.136367000000000
0.133775000000000
0.130863000000000
0.128750000000000
0.126386000000000
0.123800000000000
0.121788000000000
0.119505000000000
0.117254000000000
0.115253000000000
0.113122000000000
0.110888000000000
0.108779000000000
0.106965000000000
0.104958000000000
0.103242000000000
0.101319000000000
0.0994699970000000
0.0977099980000000
0.0958959980000000
0.0941940020000000
0.0927290020000000
0.0909700020000000
0.0895660000000000
0.0879969970000000
0.0864339990000000
0.0850799980000000
0.0835449990000000
0.0821129980000000
0.0807989980000000
0.0794970020000000
0.0781140030000000
0.0769610030000000
0.0758119970000000
0.0745579970000000
0.0735009980000000
0.0724280030000000
0.0713540020000000
0.0704249960000000
0.0693740030000000
0.0684970020000000
0.0676430020000000
0.0667420030000000
0.0658980010000000
0.0650919970000000
0.0643420000000000
0.0636660010000000
0.0630469990000000
0.0622989980000000
0.0616390000000000
0.0609180000000000
0.0603730010000000
0.0597410020000000
0.0591869990000000
0.0585189980000000
0.0579160000000000
0.0571050010000000
0.0563700010000000
0.0557870010000000
0.0551790000000000
0.0547249990000000
0.0545150000000000
0.0543779990000000
0.0544999990000000
0.0548169990000000
0.0552119990000000
0.0558499990000000
0.0566789990000000
0.0577379990000000
0.0589260010000000
0.0604359990000000
0.0619359980000000
0.0635040030000000
0.0650459980000000
0.0663980020000000
0.0675420020000000
0.0686649980000000
0.0695310010000000
0.0701820030000000
0.0706399980000000
0.0708500000000000
0.0707509960000000
0.0708559980000000
0.0709460010000000
0.0709050000000000
0.0705560000000000
0.0702489990000000
0.0699779990000000
0.0697349980000000
0.0694980030000000
0.0691019970000000
0.0686919990000000
0.0682419990000000
0.0677540000000000
0.0672070010000000
0.0666370020000000
0.0660339970000000
0.0654350000000000
0.0647450010000000
0.0640899990000000
0.0634059980000000
0.0626749990000000
0.0619720000000000
0.0613030010000000
0.0606070010000000
0.0599690010000000
0.0593519990000000
0.0587319990000000
0.0582100000000000
0.0577379990000000
0.0573300010000000
0.0569950010000000
0.0567220000000000
0.0565689990000000
0.0564900000000000
0.0565720010000000
0.0568079990000000
0.0572320000000000
0.0578720010000000
0.0587260020000000
0.0598220010000000
0.0612570010000000
0.0627890010000000
0.0645169990000000
0.0664260010000000
0.0681829970000000
0.0699929970000000
0.0717300030000000
0.0731640010000000
0.0745349970000000
0.0756170000000000
0.0765009970000000
0.0772989990000000
0.0779939960000000
0.0786210000000000
0.0792730000000000
0.0798759980000000
0.0805379970000000
0.0812140030000000
0.0818699970000000
0.0826100040000000
0.0833970010000000
0.0841900040000000
0.0850989970000000
0.0860930010000000
0.0871040000000000
0.0883139970000000
0.0895259980000000
0.0908410030000000
0.0923329960000000
0.0937950020000000
0.0953869970000000
0.0971179980000000
0.0987669970000000
0.100632000000000
0.102556000000000
0.104410000000000
0.106503000000000
0.108541000000000
0.110541000000000
0.112744000000000
0.114802000000000
0.116866000000000
0.119164000000000
0.121512000000000
0.124195000000000
0.127386000000000
0.130941000000000
0.135445000000000
0.140890000000000
0.146859000000000
0.154564000000000
0.162965000000000
0.172299000000000
0.183728000000000
0.195392000000000
0.208668000000000
0.223824000000000
0.239143000000000
0.257084000000000
0.276978000000000
0.297667000000000
0.322583000000000
0.349071000000000
0.376492000000000
0.408562000000000
0.439151000000000
0.469363000000000
0.499597000000000
0.524433000000000
0.546420000000000
0.564494000000000
0.577203000000000
0.587639000000000
0.594748000000000
0.599709000000000
0.603159000000000
0.604976000000000
0.605305000000000
0.604156000000000
0.601739000000000
0.597780000000000
0.592452000000000
0.586256000000000
0.578570000000000
0.569976000000000
0.561055000000000
0.550466000000000
0.539836000000000
0.528813000000000
0.516407000000000
0.504522000000000
0.491908000000000
0.478470000000000
0.465827000000000
0.452083000000000
0.438377000000000
0.425333000000000
0.411091000000000
0.397639000000000
0.384690000000000
0.370875000000000
0.358361000000000
0.345894000000000
0.333322000000000
0.322207000000000
0.310762000000000
0.300026000000000
0.290377000000000
0.280435000000000
0.271590000000000
0.263461000000000
0.255334000000000
0.248341000000000
0.241715000000000
0.235461000000000
0.230252000000000
0.225318000000000
0.220996000000000
0.217482000000000
0.214264000000000
0.211695000000000
0.209768000000000
0.208166000000000
0.207295000000000
0.206980000000000
0.207147000000000
0.207905000000000
0.209278000000000
0.211138000000000
0.213428000000000
0.216505000000000
0.219920000000000
0.223858000000000
0.228555000000000
0.233304000000000
0.238739000000000
0.244673000000000
0.250548000000000
0.257175000000000
0.238088000000000
0.244078000000000
0.250564000000000
0.257193000000000
0.263729000000000
0.271184000000000
0.278885000000000
0.287257000000000
0.297534000000000
0.308669000000000
0.322648000000000
0.339875000000000
0.359875000000000
0.385835000000000
0.416986000000000
0.452340000000000
0.498555000000000
0.548297000000000
0.605428000000000
0.671572000000000
0.738219000000000
0.812099000000000
0.887816000000000
0.960128000000000
1.03790200000000
1.10906000000000
1.17246200000000
1.23075900000000
1.27652200000000
1.31525500000000
1.34830590000000
1.37348700000000
1.39636300000000
1.41494700000000
1.43092800000000
1.44671000000000
1.46116400000000
1.47501300000000
1.48913000000000
1.50115390000000
1.51329900000000
1.52307500000000
1.53107600000000
1.53774800000000
1.54214200000000
1.54507100000000
1.54703400000000
1.54783000000000
1.54726300000000
1.54512800000000
1.54173600000000
1.53693290000000
1.53053500000000
1.52378900000000
1.51548300000000
1.50717790000000
1.49865000000000
1.48907200000000
1.48021100000000
1.47049110000000
1.46092400000000
1.45188200000000
1.44150300000000
1.43220500000000
1.42267390000000
1.41270010000000
1.40375200000000
1.39409100000000
1.38466890000000
1.37591600000000
1.36638300000000
1.35786100000000
1.34940700000000
1.34065900000000
1.33357300000000
1.32584200000000
1.31938800000000
1.31378700000000
1.30838300000000
1.30423100000000
1.30080600000000
1.29869290000000
1.29776900000000
1.29806200000000
1.29999200000000
1.30308900000000
1.30815900000000
1.31468700000000
1.32290700000000
1.33356800000000
1.34551700000000
1.36002400000000
1.37675910000000
1.39441000000000
1.41653900000000
1.43934200000000
1.46497700000000
1.49454300000000
1.52455500000000
1.55925700000000
1.59639800000000
1.63461490000000
1.67992400000000
1.72538200000000
1.77492500000000
1.83025400000000
1.88496100000000
1.94664000000000
2.01063390000000
2.07330800000000
2.14665890000000
2.21454810000000
2.28642890000000
2.36032610000000
2.42865710000000
2.49877810000000
2.56527810000000
2.62583300000000
2.68604590000000
2.73559690000000
2.78289790000000
2.82345200000000
2.85552500000000
2.88744210000000
2.91205410000000
2.93521400000000
2.95417000000000
2.97318010000000
2.98486210000000
3.00630000000000
3.02457310000000
3.03850510000000
3.04509210000000
3.06701300000000
3.08516310000000
3.08458210000000
3.09890700000000
3.10961700000000
3.11653590000000
3.12875600000000
3.14040300000000
3.14166400000000
3.13862710000000
3.16153690000000
3.15283610000000
3.16690610000000
3.17829200000000
3.17298100000000
3.18665100000000
3.18547200000000
3.20457100000000
3.20907500000000
3.20540600000000
3.20442390000000
3.21043210000000
3.20547100000000
3.22786690000000
3.22214510000000
3.22471590000000
3.21866110000000
3.23174410000000
3.23899200000000
3.22945400000000
3.24827000000000
3.24227400000000
3.25758190000000
3.25315810000000
3.25688600000000
3.26932500000000
3.26338100000000
3.27672510000000
3.27268700000000
3.29164000000000
3.27957200000000
3.29262590000000
3.28598090000000
3.28965400000000
3.30754210000000
3.29984000000000
3.30167200000000
3.31346800000000
3.30816390000000
3.31196810000000
3.32398100000000
3.33098290000000
3.31804800000000
3.33102200000000
3.34768300000000
3.31746890000000
3.35958100000000
3.32989000000000
3.34046890000000
3.34824900000000
3.34752700000000
3.33996110000000
3.33931990000000
3.33944390000000
3.32585100000000
3.32363800000000
3.31317810000000
3.29475400000000
3.31285410000000
3.30985590000000
3.31317310000000
3.29478690000000
3.30184790000000
3.28284910000000
3.32965400000000
3.30781890000000
3.32453110000000
3.33107090000000
3.32343410000000
3.33732890000000
3.34306410000000
3.35897800000000
3.38013600000000
3.37781000000000
3.40204190000000
3.38113190000000
3.38446210000000
3.40331010000000
3.41953210000000
3.41186900000000
3.44057890000000
3.43918490000000
3.44547200000000
3.43391990000000
3.43510700000000
3.46104690000000
3.44265510000000
3.47130490000000
3.42880110000000
3.46396490000000
3.45679090000000
3.45933700000000
3.47570490000000
3.47044990000000
3.46129490000000
3.47805000000000
3.46659800000000
3.48078700000000
3.47248010000000
3.47354290000000
3.47497510000000
3.48710890000000
3.46135090000000
3.47800990000000
3.48001690000000
3.46197200000000
3.49505590000000
3.47956900000000
3.47547510000000
3.48812010000000
3.48448110000000
3.45257090000000
3.50561690000000
3.49122690000000
3.50646210000000
3.49708800000000
3.51814290000000
3.52615500000000
3.50144410000000
3.53325890000000
3.52370100000000
3.54512100000000
3.53231310000000
3.52623610000000
3.52931810000000
3.52984190000000
3.56669690000000
3.56473590000000
3.56108810000000
3.54671790000000
3.56693410000000
3.55321100000000
3.54686310000000
3.58164910000000
3.55923100000000
3.55868510000000
3.55714390000000
3.54860000000000
3.54740810000000
3.53806300000000
3.53706190000000
3.54257610000000
3.51545000000000
3.50401090000000
3.50448490000000
3.48810600000000
3.49660400000000
3.47685290000000
3.46745900000000
3.45537590000000
3.44824000000000
3.44490190000000
3.42761990000000
3.43198300000000
3.41025300000000
3.41756510000000
3.39708500000000
3.38780310000000
3.39084200000000
3.36734700000000
3.35457490000000
3.33805390000000
3.33301710000000
3.29403500000000
3.29399200000000
3.27115110000000
3.23068310000000
3.25080700000000
3.23366690000000
3.25123690000000
3.27263310000000
3.29034210000000
3.29401490000000
3.28981710000000
3.29102990000000
3.29969910000000
3.29370810000000
3.30023790000000
3.30915310000000
3.29801890000000
3.31677200000000
3.31003310000000
3.32505700000000
3.31716110000000
3.35340400000000
3.34319210000000
3.34970810000000
3.35599800000000
3.36143210000000
3.36591600000000
3.38063690000000
3.37729600000000
3.41324210000000
3.41847210000000
3.42523600000000
3.43824700000000
3.43058490000000
3.47708990000000
3.47571800000000
3.51856090000000
3.53435990000000
3.59970810000000
3.63940810000000
3.63622090000000
3.72684190000000
3.73621390000000
3.76352600000000
3.82335090000000
3.77225900000000
3.83174300000000
3.80245590000000
3.77861000000000
3.84109310000000
3.82150790000000
3.81648900000000
3.78938790000000
3.86355710000000
3.73220710000000
3.80942990000000
3.77700400000000
3.80038910000000
3.78786900000000
3.78566500000000
3.77889900000000
3.74282410000000
3.70083500000000
3.72190590000000
3.83324190000000
3.75953510000000
3.76819400000000
3.72160600000000
3.73099900000000
3.75764490000000
3.72245100000000
3.70465400000000
3.74700690000000
3.70375900000000
3.74828100000000
3.74235610000000
3.76838800000000
3.63725400000000
3.70740290000000
3.71010210000000
3.66916610000000
3.68686510000000
3.66870690000000
3.70644690000000
3.69052700000000
3.69075300000000
3.71845200000000
3.72018290000000
3.69910910000000
3.70614190000000
3.67077800000000
3.71586700000000
3.64936710000000
3.76790690000000
3.71089910000000
3.70866700000000
3.66070890000000
3.73332000000000
3.70207190000000
3.66533900000000
3.70735190000000
3.68073890000000
3.68824790000000
3.69717000000000
3.72794600000000
3.67940690000000
3.72116300000000
3.67025490000000
3.78550910000000
3.67638610000000
3.71681190000000
3.74299100000000
3.73850300000000
3.70158510000000
3.65791010000000
3.65872790000000
3.67312290000000
3.69922590000000
3.67670300000000
3.69987800000000
3.65867810000000
3.67449900000000
3.69279190000000
3.67276000000000
3.68256500000000
3.65732410000000
3.60792800000000
3.66305400000000
3.63757300000000
3.62032890000000
3.62792490000000
3.65784690000000
3.58417510000000
3.61638310000000
3.64509510000000
3.59105490000000
3.55589200000000
3.60158300000000
3.52478000000000
3.56072090000000
3.49107910000000
3.53548410000000
3.52234100000000
3.52985600000000
3.52512290000000
3.49697900000000
3.48212000000000
3.50315400000000
3.47456690000000
3.48069500000000
3.46803690000000
3.47275810000000
3.44797610000000
3.45999000000000
3.48973700000000
3.44333200000000
3.46381210000000
3.40909190000000
3.43178110000000
3.44696090000000
3.43181490000000
3.44919300000000
3.39654300000000
3.40791200000000
3.39491800000000
3.38958000000000
3.37966990000000
3.37568900000000
3.38102790000000
3.37791300000000
3.40376400000000
3.36640100000000
3.35548310000000
3.38769510000000
3.35804200000000
3.35151000000000
3.35497000000000
3.37208200000000
3.33253290000000
3.35922790000000
3.31739310000000
3.34138300000000
3.34160710000000
3.35000710000000
3.34777810000000
3.34961510000000
3.31571890000000
3.34092690000000
3.32843400000000
3.35868100000000
3.30222300000000
3.34996010000000
3.34081890000000
3.31111000000000
3.35222010000000
3.34160800000000
3.36714910000000
3.34722590000000
3.38351890000000
3.34710000000000
3.38188700000000
3.36139890000000
3.36570600000000
3.38131400000000
3.37949710000000
3.36078100000000
3.35400890000000
3.33695510000000
3.36936500000000
3.35357400000000
3.38059210000000
3.37026600000000
3.36943700000000
3.38796810000000
3.37752390000000
3.42757700000000
3.40036110000000
3.37359500000000
3.38280110000000
3.41160610000000
3.42392610000000
3.37835310000000
3.40905090000000
3.41157390000000
3.46000910000000
3.44307090000000
3.44430490000000
3.45038290000000
3.42729310000000
3.45769190000000
3.43295500000000
3.51564410000000
3.45497990000000
3.45266100000000
3.46665310000000
3.51945210000000
3.52537300000000
3.57612300000000
3.49348000000000
3.54965810000000
3.54233500000000
3.56626300000000
3.51244590000000
3.60373210000000
3.60915900000000
3.53633690000000
3.52905800000000
3.59433010000000
3.55069210000000
3.58842800000000
3.59308000000000
3.53056790000000
3.63064690000000
3.58418200000000
3.60648300000000
3.60342910000000
3.61527490000000
3.64238310000000
3.59400110000000
3.63222910000000
3.58205600000000
3.65498500000000
3.57924800000000
3.56307100000000
3.59129600000000
3.60741900000000
3.59801010000000
3.58190300000000
3.57891700000000
3.63273310000000