spectre
GradoAlcoholico	10.6700001000000
skip
0.709830000000000
0.724789000000000
0.735024000000000
0.744522000000000
0.749224000000000
0.749846000000000
0.746568000000000
0.743290000000000
0.736813000000000
0.728748000000000
0.718852000000000
0.710853000000000
0.698692000000000
0.687060000000000
0.676403000000000
0.662983000000000
0.651224000000000
0.638958000000000
0.625843000000000
0.614068000000000
0.601268000000000
0.588676000000000
0.577516000000000
0.564585000000000
0.552193000000000
0.541739000000000
0.530229000000000
0.518566000000000
0.507681000000000
0.495701000000000
0.485666000000000
0.475022000000000
0.464295000000000
0.454110000000000
0.444497000000000
0.434082000000000
0.424661000000000
0.415848000000000
0.405212000000000
0.395389000000000
0.386761000000000
0.377166000000000
0.368586000000000
0.359188000000000
0.350139000000000
0.342140000000000
0.333255000000000
0.324447000000000
0.316352000000000
0.307715000000000
0.300028000000000
0.292586000000000
0.284853000000000
0.277829000000000
0.270914000000000
0.263584000000000
0.256794000000000
0.250239000000000
0.243465000000000
0.236410000000000
0.230325000000000
0.223562000000000
0.217566000000000
0.211933000000000
0.205872000000000
0.200857000000000
0.195726000000000
0.190728000000000
0.186781000000000
0.182594000000000
0.178076000000000
0.174635000000000
0.170919000000000
0.167183000000000
0.163995000000000
0.160511000000000
0.157203000000000
0.154288000000000
0.151273000000000
0.148428000000000
0.145440000000000
0.142419000000000
0.140138000000000
0.137322000000000
0.134669000000000
0.132196000000000
0.129680000000000
0.127096000000000
0.124793000000000
0.122484000000000
0.119641000000000
0.117935000000000
0.115409000000000
0.113362000000000
0.111604000000000
0.109194000000000
0.107178000000000
0.105410000000000
0.103370000000000
0.101475000000000
0.0997459960000000
0.0978450030000000
0.0960370000000000
0.0942649990000000
0.0924929980000000
0.0909660010000000
0.0892440010000000
0.0875260010000000
0.0862149970000000
0.0844810010000000
0.0830930020000000
0.0816190020000000
0.0802949970000000
0.0787430030000000
0.0774879980000000
0.0760620010000000
0.0749429990000000
0.0735789980000000
0.0723140020000000
0.0712039990000000
0.0699139980000000
0.0686540010000000
0.0676510040000000
0.0665529970000000
0.0654869970000000
0.0645250010000000
0.0636380020000000
0.0626389980000000
0.0617870020000000
0.0609930010000000
0.0601600000000000
0.0594529990000000
0.0586379990000000
0.0579489990000000
0.0572570000000000
0.0565930010000000
0.0559680010000000
0.0554470010000000
0.0548719990000000
0.0542909990000000
0.0536860000000000
0.0532060000000000
0.0527350010000000
0.0521820000000000
0.0517209990000000
0.0511359980000000
0.0505150000000000
0.0499049980000000
0.0493220020000000
0.0488340000000000
0.0484550000000000
0.0482969990000000
0.0483479980000000
0.0484870000000000
0.0488880020000000
0.0494339990000000
0.0501319990000000
0.0510890000000000
0.0522190000000000
0.0534650010000000
0.0550430010000000
0.0566730010000000
0.0582260010000000
0.0599000010000000
0.0613300020000000
0.0625950020000000
0.0637589990000000
0.0646450000000000
0.0654030000000000
0.0659369980000000
0.0661450030000000
0.0660889970000000
0.0662100020000000
0.0664530020000000
0.0665209960000000
0.0662640040000000
0.0660130010000000
0.0657809970000000
0.0656130020000000
0.0654129980000000
0.0650769990000000
0.0647090000000000
0.0643299970000000
0.0638680010000000
0.0633890030000000
0.0628409980000000
0.0622770000000000
0.0617339980000000
0.0611200000000000
0.0604950000000000
0.0598790010000000
0.0592189990000000
0.0585490020000000
0.0579419990000000
0.0572669990000000
0.0566480010000000
0.0560959990000000
0.0555180010000000
0.0550049990000000
0.0545959990000000
0.0541899990000000
0.0538819990000000
0.0536680000000000
0.0535259990000000
0.0535140000000000
0.0536120010000000
0.0538979990000000
0.0543159990000000
0.0550299990000000
0.0559259990000000
0.0570390000000000
0.0585060010000000
0.0600610000000000
0.0618220010000000
0.0637269990000000
0.0655310000000000
0.0673969980000000
0.0691350030000000
0.0706259980000000
0.0720100030000000
0.0731299970000000
0.0740410010000000
0.0748910010000000
0.0756150040000000
0.0762970000000000
0.0769819990000000
0.0775910020000000
0.0782570020000000
0.0789659990000000
0.0796379970000000
0.0803930010000000
0.0812070000000000
0.0819860030000000
0.0829460020000000
0.0839319970000000
0.0849519970000000
0.0861869980000000
0.0874359980000000
0.0887579990000000
0.0902590010000000
0.0917349980000000
0.0933300030000000
0.0950480030000000
0.0967179980000000
0.0985480030000000
0.100453000000000
0.102285000000000
0.104342000000000
0.106374000000000
0.108362000000000
0.110547000000000
0.112605000000000
0.114700000000000
0.117033000000000
0.119432000000000
0.122161000000000
0.125403000000000
0.128966000000000
0.133544000000000
0.138957000000000
0.144969000000000
0.152719000000000
0.161151000000000
0.170528000000000
0.181969000000000
0.193679000000000
0.207025000000000
0.222218000000000
0.237598000000000
0.255585000000000
0.275533000000000
0.296256000000000
0.321213000000000
0.347753000000000
0.375198000000000
0.407335000000000
0.438015000000000
0.468321000000000
0.498664000000000
0.523596000000000
0.545727000000000
0.563913000000000
0.576716000000000
0.587255000000000
0.594418000000000
0.599420000000000
0.602939000000000
0.604791000000000
0.605133000000000
0.604009000000000
0.601618000000000
0.597674000000000
0.592341000000000
0.586159000000000
0.578471000000000
0.569856000000000
0.560952000000000
0.550357000000000
0.539710000000000
0.528690000000000
0.516250000000000
0.504338000000000
0.491700000000000
0.478225000000000
0.465560000000000
0.451781000000000
0.438065000000000
0.424995000000000
0.410723000000000
0.397270000000000
0.384267000000000
0.370441000000000
0.357899000000000
0.345436000000000
0.332833000000000
0.321678000000000
0.310221000000000
0.299441000000000
0.289774000000000
0.279789000000000
0.270912000000000
0.262742000000000
0.254571000000000
0.247531000000000
0.240916000000000
0.234596000000000
0.229400000000000
0.224434000000000
0.220147000000000
0.216593000000000
0.213419000000000
0.210848000000000
0.208865000000000
0.207340000000000
0.206405000000000
0.206084000000000
0.206247000000000
0.207033000000000
0.208373000000000
0.210269000000000
0.212493000000000
0.215672000000000
0.219081000000000
0.223012000000000
0.227735000000000
0.232540000000000
0.237986000000000
0.243955000000000
0.249840000000000
0.256501000000000
0.239260000000000
0.245266000000000
0.251766000000000
0.258414000000000
0.264948000000000
0.272459000000000
0.280139000000000
0.288529000000000
0.298783000000000
0.309909000000000
0.323874000000000
0.341049000000000
0.360991000000000
0.386817000000000
0.417947000000000
0.453185000000000
0.499308000000000
0.548858000000000
0.605957000000000
0.672127000000000
0.738630000000000
0.812578000000000
0.888317000000000
0.960878000000000
1.03864400000000
1.11004300000000
1.17368400000000
1.23221400000000
1.27804990000000
1.31673600000000
1.34999700000000
1.37512000000000
1.39797700000000
1.41646000000000
1.43245100000000
1.44798400000000
1.46199000000000
1.47558200000000
1.48954700000000
1.50149300000000
1.51316000000000
1.52328300000000
1.53125100000000
1.53833790000000
1.54288400000000
1.54643400000000
1.54861100000000
1.54965600000000
1.54929800000000
1.54733500000000
1.54419000000000
1.53936300000000
1.53357100000000
1.52685700000000
1.51890900000000
1.51097400000000
1.50227300000000
1.49311800000000
1.48434700000000
1.47456900000000
1.46541200000000
1.45630200000000
1.44624600000000
1.43718400000000
1.42756000000000
1.41763400000000
1.40883400000000
1.39901490000000
1.38986000000000
1.38117300000000
1.37170400000000
1.36311600000000
1.35470500000000
1.34621100000000
1.33876800000000
1.33145200000000
1.32472000000000
1.31893690000000
1.31353800000000
1.30945210000000
1.30631800000000
1.30401190000000
1.30310300000000
1.30348400000000
1.30535700000000
1.30847200000000
1.31356500000000
1.32014700000000
1.32843600000000
1.33917800000000
1.35105900000000
1.36572690000000
1.38246700000000
1.40014300000000
1.42245600000000
1.44547500000000
1.47112500000000
1.50074100000000
1.53084600000000
1.56536600000000
1.60281600000000
1.64115300000000
1.68648700000000
1.73176400000000
1.78159000000000
1.83680610000000
1.89160700000000
1.95311400000000
2.01684590000000
2.08038900000000
2.15235210000000
2.22127200000000
2.29279090000000
2.36633710000000
2.43360710000000
2.50567390000000
2.57054500000000
2.63090610000000
2.68750910000000
2.73868300000000
2.78346300000000
2.82487800000000
2.86089800000000
2.89128490000000
2.91650200000000
2.93673710000000
2.96084090000000
2.98079610000000
2.99323110000000
3.01157590000000
3.03247500000000
3.04110690000000
3.05545090000000
3.06270910000000
3.07926390000000
3.09809990000000
3.10889790000000
3.11437200000000
3.12301610000000
3.12991810000000
3.13915900000000
3.13996910000000
3.14363600000000
3.15740800000000
3.16990900000000
3.16609690000000
3.17940590000000
3.17732190000000
3.18889310000000
3.18851090000000
3.19121410000000
3.20015190000000
3.19952610000000
3.20957800000000
3.20901800000000
3.21768400000000
3.21649190000000
3.22470190000000
3.22706100000000
3.22727800000000
3.23451090000000
3.23802500000000
3.24193910000000
3.24541500000000
3.25044610000000
3.24796890000000
3.26299310000000
3.25401000000000
3.25526910000000
3.26735000000000
3.26698900000000
3.26946810000000
3.27715400000000
3.28518300000000
3.29071210000000
3.29217100000000
3.30098800000000
3.30238200000000
3.30457000000000
3.29830600000000
3.31544300000000
3.30811100000000
3.32361790000000
3.31489490000000
3.33351900000000
3.33174800000000
3.32611800000000
3.34464690000000
3.33576890000000
3.33719300000000
3.34710100000000
3.33811310000000
3.34872100000000
3.33805700000000
3.32550000000000
3.33711910000000
3.32484290000000
3.33200310000000
3.31708000000000
3.30559610000000
3.29660700000000
3.29937100000000
3.30005600000000
3.29810310000000
3.29388090000000
3.30488990000000
3.31212400000000
3.31185510000000
3.31051610000000
3.30076100000000
3.33504510000000
3.32412600000000
3.34574200000000
3.34304590000000
3.36434890000000
3.36116700000000
3.37727400000000
3.38869500000000
3.40434000000000
3.40011690000000
3.41200490000000
3.39941410000000
3.41854100000000
3.43348500000000
3.43650790000000
3.43446110000000
3.43871590000000
3.44311500000000
3.45480900000000
3.45745400000000
3.45687010000000
3.47264290000000
3.45693710000000
3.47016600000000
3.46424010000000
3.47000500000000
3.48502210000000
3.46753000000000
3.45100310000000
3.47279310000000
3.47099800000000
3.47690110000000
3.50014900000000
3.47536990000000
3.48107100000000
3.47837400000000
3.45648690000000
3.48672100000000
3.47953700000000
3.46693300000000
3.47940300000000
3.47698000000000
3.48466800000000
3.50700310000000
3.49821000000000
3.48262190000000
3.49879790000000
3.49919300000000
3.51033090000000
3.52817510000000
3.51831390000000
3.52159910000000
3.55509000000000
3.51940300000000
3.54430700000000
3.55213310000000
3.55038810000000
3.54152010000000
3.55112500000000
3.56260110000000
3.55412100000000
3.56709190000000
3.55300500000000
3.54756190000000
3.58290200000000
3.56969900000000
3.56227900000000
3.56432800000000
3.56971000000000
3.55760910000000
3.56248090000000
3.55915900000000
3.53446200000000
3.54789090000000
3.54897810000000
3.53095790000000
3.51572390000000
3.51288200000000
3.50228690000000
3.49524690000000
3.48065500000000
3.47582790000000
3.45650010000000
3.45908310000000
3.44969800000000
3.43492100000000
3.42804190000000
3.40787910000000
3.40788290000000
3.39449910000000
3.39329910000000
3.39018800000000
3.36619900000000
3.36317610000000
3.34793810000000
3.32372500000000
3.30117390000000
3.27929500000000
3.26231190000000
3.25397610000000
3.24905800000000
3.25016190000000
3.25618600000000
3.27793600000000
3.29014800000000
3.29111790000000
3.30704500000000
3.29288790000000
3.29166390000000
3.29357910000000
3.30946210000000
3.30247500000000
3.30742600000000
3.29489210000000
3.30693100000000
3.32899090000000
3.32093000000000
3.33809800000000
3.37484410000000
3.36185190000000
3.35952310000000
3.37101790000000
3.37715700000000
3.37996790000000
3.38879700000000
3.40514210000000
3.40229700000000
3.43043300000000
3.43279410000000
3.45418000000000
3.46662900000000
3.49319600000000
3.52590110000000
3.54672290000000
3.57057090000000
3.61452600000000
3.65462490000000
3.71857600000000
3.68455510000000
3.77077510000000
3.76693200000000
3.81094600000000
3.82462500000000
3.77959300000000
3.82892890000000
3.84848000000000
3.83044600000000
3.82483910000000
3.79194590000000
3.75843100000000
3.79764290000000
3.77001600000000
3.85381510000000
3.78006200000000
3.76906900000000
3.75893310000000
3.74249010000000
3.74747110000000
3.74965690000000
3.75912690000000
3.80920410000000
3.75803590000000
3.77085400000000
3.73194790000000
3.76027800000000
3.74484110000000
3.77453400000000
3.72454190000000
3.77306800000000
3.78519610000000
3.73128700000000
3.79345200000000
3.72176000000000
3.75219200000000
3.73282500000000
3.73152800000000
3.69978090000000
3.72203900000000
3.69242810000000
3.65332510000000
3.70399310000000
3.69192700000000
3.68684100000000
3.70542100000000
3.69317200000000
3.70753000000000
3.71312400000000
3.66859100000000
3.68125800000000
3.71468000000000
3.71578000000000
3.70111110000000
3.72218890000000
3.73762300000000
3.73308710000000
3.73962810000000
3.69706110000000
3.74064110000000
3.72080590000000
3.73739000000000
3.75834490000000
3.67033600000000
3.73380300000000
3.70674800000000
3.71051000000000
3.74864700000000
3.69832490000000
3.67984890000000
3.74477100000000
3.70031090000000
3.70428990000000
3.71180800000000
3.71687890000000
3.66374900000000
3.65031100000000
3.65710310000000
3.67948290000000
3.67993590000000
3.76765890000000
3.70747590000000
3.67065410000000
3.69915890000000
3.63483500000000
3.62999700000000
3.63448310000000
3.63253590000000
3.61521910000000
3.64469000000000
3.64223290000000
3.59052990000000
3.63186600000000
3.57625290000000
3.59252000000000
3.55066900000000
3.56261800000000
3.55574010000000
3.52888390000000
3.54144310000000
3.52162790000000
3.52884100000000
3.56652400000000
3.49988510000000
3.49726100000000
3.48646210000000
3.50334500000000
3.47309300000000
3.49391200000000
3.49021290000000
3.46679810000000
3.46843910000000
3.45397090000000
3.45867800000000
3.45771790000000
3.45506310000000
3.43167300000000
3.43407890000000
3.44116210000000
3.40437890000000
3.42388510000000
3.38272190000000
3.42545290000000
3.39577790000000
3.42004700000000
3.39174510000000
3.42245790000000
3.38158390000000
3.38932200000000
3.39667390000000
3.36891510000000
3.37721300000000
3.36486910000000
3.37394500000000
3.35138800000000
3.35212400000000
3.33817910000000
3.34068890000000
3.33288500000000
3.32262490000000
3.34247400000000
3.32908300000000
3.36072900000000
3.35632990000000
3.34103200000000
3.34252690000000
3.34182000000000
3.35378790000000
3.34801100000000
3.36470700000000
3.34584900000000
3.36572000000000
3.35837200000000
3.36153200000000
3.34562990000000
3.36562990000000
3.35605000000000
3.38088010000000
3.40933800000000
3.37001490000000
3.37156510000000
3.38549210000000
3.38887500000000
3.35789610000000
3.39613100000000
3.39438800000000
3.36661010000000
3.37188600000000
3.36516590000000
3.39481590000000
3.37863110000000
3.36455010000000
3.38749410000000
3.38359810000000
3.40443110000000
3.38254310000000
3.41895600000000
3.40673900000000
3.40873100000000
3.41784410000000
3.41324210000000
3.44359900000000
3.44021390000000
3.42758990000000
3.43657590000000
3.48168990000000
3.45077400000000
3.49072000000000
3.46699810000000
3.48169710000000
3.47541900000000
3.50746990000000
3.50087190000000
3.52114300000000
3.52298400000000
3.50333910000000
3.52293900000000
3.53919200000000
3.56740500000000
3.51181290000000
3.60612800000000
3.51665810000000
3.54344200000000
3.57360290000000
3.61170600000000
3.58878210000000
3.62317800000000
3.60953000000000
3.57690190000000
3.59867000000000
3.63676000000000
3.59071800000000
3.59921000000000
3.62758210000000
3.58789710000000
3.59227110000000
3.57577610000000
3.60410690000000
3.60345600000000
3.60848590000000
3.60191300000000
3.62693500000000
3.61669990000000
3.63930200000000
3.66250990000000
3.60406400000000
3.62776400000000
3.61906600000000