spectre
GradoAlcoholico	10.5200005000000
skip
0.867852000000000
0.899918000000000
0.927888000000000
0.948966000000000
0.971995000000000
0.987208000000000
0.998799000000000
1.00816000000000
1.01422700000000
1.01834090000000
1.01932000000000
1.01516000000000
1.00994300000000
1.00242500000000
0.997555000000000
0.985440000000000
0.974616000000000
0.964359000000000
0.949767000000000
0.935312000000000
0.921359000000000
0.905301000000000
0.891183000000000
0.874713000000000
0.859499000000000
0.844711000000000
0.827023000000000
0.811376000000000
0.794722000000000
0.777775000000000
0.761736000000000
0.746930000000000
0.729957000000000
0.714778000000000
0.700370000000000
0.683662000000000
0.668783000000000
0.654072000000000
0.639238000000000
0.623982000000000
0.610067000000000
0.594340000000000
0.581300000000000
0.566433000000000
0.552621000000000
0.538904000000000
0.525842000000000
0.511454000000000
0.498774000000000
0.485613000000000
0.473600000000000
0.461944000000000
0.448346000000000
0.436487000000000
0.425741000000000
0.413874000000000
0.403227000000000
0.392326000000000
0.380901000000000
0.370798000000000
0.360296000000000
0.349330000000000
0.339478000000000
0.330590000000000
0.321299000000000
0.313053000000000
0.305217000000000
0.296846000000000
0.290083000000000
0.282995000000000
0.276102000000000
0.270254000000000
0.263764000000000
0.258142000000000
0.252795000000000
0.247045000000000
0.242400000000000
0.237127000000000
0.231804000000000
0.226779000000000
0.222134000000000
0.217294000000000
0.213007000000000
0.208433000000000
0.203754000000000
0.199930000000000
0.195965000000000
0.191680000000000
0.187822000000000
0.183780000000000
0.180007000000000
0.176721000000000
0.172809000000000
0.169770000000000
0.166038000000000
0.162893000000000
0.160018000000000
0.156954000000000
0.153760000000000
0.150928000000000
0.148348000000000
0.145251000000000
0.142877000000000
0.140197000000000
0.137454000000000
0.135044000000000
0.132496000000000
0.130243000000000
0.128082000000000
0.125542000000000
0.123548000000000
0.121383000000000
0.119460000000000
0.117391000000000
0.115547000000000
0.113658000000000
0.111826000000000
0.110137000000000
0.108376000000000
0.106681000000000
0.105078000000000
0.103301000000000
0.101822000000000
0.100235000000000
0.0988169980000000
0.0974510010000000
0.0962070000000000
0.0947880000000000
0.0937720020000000
0.0924720020000000
0.0913380010000000
0.0902839970000000
0.0891639960000000
0.0881529970000000
0.0873190020000000
0.0862049980000000
0.0853170010000000
0.0844139980000000
0.0835380030000000
0.0827919990000000
0.0819289980000000
0.0811870020000000
0.0804670010000000
0.0797220020000000
0.0790060010000000
0.0782480020000000
0.0774379970000000
0.0766460000000000
0.0759060010000000
0.0753249970000000
0.0747639980000000
0.0744550000000000
0.0742790030000000
0.0742700030000000
0.0744310020000000
0.0747449990000000
0.0752820000000000
0.0760070010000000
0.0769919980000000
0.0780749990000000
0.0794840010000000
0.0809680000000000
0.0824380000000000
0.0839409980000000
0.0852150020000000
0.0863239990000000
0.0873069990000000
0.0880090000000000
0.0884680000000000
0.0887390000000000
0.0887259990000000
0.0886859970000000
0.0887549970000000
0.0890889990000000
0.0890519990000000
0.0887050030000000
0.0883520020000000
0.0880369990000000
0.0878250000000000
0.0874800010000000
0.0870800020000000
0.0866459980000000
0.0861760010000000
0.0856470020000000
0.0851040040000000
0.0845400020000000
0.0838859980000000
0.0832969990000000
0.0826060030000000
0.0819120030000000
0.0812390000000000
0.0805109960000000
0.0798169970000000
0.0791229980000000
0.0784069970000000
0.0777579990000000
0.0771289990000000
0.0764819980000000
0.0759620000000000
0.0754820030000000
0.0750650020000000
0.0747129990000000
0.0744569970000000
0.0742629990000000
0.0741989990000000
0.0742819980000000
0.0745420010000000
0.0748969990000000
0.0755869970000000
0.0764390010000000
0.0775440040000000
0.0789629970000000
0.0805080010000000
0.0822060030000000
0.0841099990000000
0.0859000010000000
0.0877320020000000
0.0894479980000000
0.0909079980000000
0.0922499970000000
0.0933559980000000
0.0942339970000000
0.0950620030000000
0.0957610010000000
0.0964040010000000
0.0970780030000000
0.0976499990000000
0.0983280020000000
0.0990160030000000
0.0996999960000000
0.100447000000000
0.101224000000000
0.102010000000000
0.102952000000000
0.103913000000000
0.104922000000000
0.106156000000000
0.107367000000000
0.108675000000000
0.110151000000000
0.111609000000000
0.113203000000000
0.114914000000000
0.116573000000000
0.118403000000000
0.120303000000000
0.122135000000000
0.124190000000000
0.126184000000000
0.128156000000000
0.130340000000000
0.132386000000000
0.134478000000000
0.136801000000000
0.139120000000000
0.141821000000000
0.145079000000000
0.148685000000000
0.153254000000000
0.158661000000000
0.164647000000000
0.172423000000000
0.180846000000000
0.190226000000000
0.201668000000000
0.213410000000000
0.226689000000000
0.241861000000000
0.257332000000000
0.275334000000000
0.295314000000000
0.316073000000000
0.341097000000000
0.367643000000000
0.395125000000000
0.427310000000000
0.458044000000000
0.488366000000000
0.518782000000000
0.543794000000000
0.565965000000000
0.584189000000000
0.597040000000000
0.607575000000000
0.614733000000000
0.619721000000000
0.623203000000000
0.625015000000000
0.625354000000000
0.624185000000000
0.621749000000000
0.617762000000000
0.612391000000000
0.606165000000000
0.598455000000000
0.589808000000000
0.580862000000000
0.570238000000000
0.559570000000000
0.548508000000000
0.536053000000000
0.524120000000000
0.511421000000000
0.497961000000000
0.485258000000000
0.471424000000000
0.457670000000000
0.444546000000000
0.430247000000000
0.416754000000000
0.403717000000000
0.389840000000000
0.377284000000000
0.364753000000000
0.352118000000000
0.340966000000000
0.329469000000000
0.318656000000000
0.308952000000000
0.298923000000000
0.289994000000000
0.281830000000000
0.273580000000000
0.266544000000000
0.259899000000000
0.253586000000000
0.248363000000000
0.243331000000000
0.239031000000000
0.235490000000000
0.232256000000000
0.229692000000000
0.227734000000000
0.226163000000000
0.225256000000000
0.224890000000000
0.225052000000000
0.225827000000000
0.227214000000000
0.229085000000000
0.231364000000000
0.234456000000000
0.237894000000000
0.241877000000000
0.246572000000000
0.251349000000000
0.256715000000000
0.262680000000000
0.268634000000000
0.275287000000000
0.242961000000000
0.248977000000000
0.255508000000000
0.262190000000000
0.268754000000000
0.276286000000000
0.284032000000000
0.292455000000000
0.302774000000000
0.313959000000000
0.327984000000000
0.345277000000000
0.365354000000000
0.391270000000000
0.422588000000000
0.458040000000000
0.504452000000000
0.554154000000000
0.611466000000000
0.677912000000000
0.744598000000000
0.818789000000000
0.894876000000000
0.967645000000000
1.04572900000000
1.11712900000000
1.18088400000000
1.23954300000000
1.28530600000000
1.32404990000000
1.35711400000000
1.38220000000000
1.40505100000000
1.42344110000000
1.43929510000000
1.45478590000000
1.46869800000000
1.48221700000000
1.49635100000000
1.50826700000000
1.51973100000000
1.52969690000000
1.53763200000000
1.54420400000000
1.54907300000000
1.55221000000000
1.55436500000000
1.55505500000000
1.55474810000000
1.55259900000000
1.54935710000000
1.54424300000000
1.53858600000000
1.53161700000000
1.52373000000000
1.51559700000000
1.50696300000000
1.49797300000000
1.48905500000000
1.47941400000000
1.47021600000000
1.46108700000000
1.45109900000000
1.44182500000000
1.43233600000000
1.42266600000000
1.41362910000000
1.40404110000000
1.39481200000000
1.38573100000000
1.37651710000000
1.36793800000000
1.35943900000000
1.35113500000000
1.34359000000000
1.33624300000000
1.32957900000000
1.32397000000000
1.31851900000000
1.31432400000000
1.31123400000000
1.30898900000000
1.30813900000000
1.30861000000000
1.31046800000000
1.31357500000000
1.31891800000000
1.32536900000000
1.33387600000000
1.34468500000000
1.35665400000000
1.37144900000000
1.38825700000000
1.40608890000000
1.42831300000000
1.45153700000000
1.47717200000000
1.50681900000000
1.53708900000000
1.57187500000000
1.60938600000000
1.64776000000000
1.69356200000000
1.73902200000000
1.78864000000000
1.84474000000000
1.89926100000000
1.96072800000000
2.02461190000000
2.08796600000000
2.16050200000000
2.22911410000000
2.30043600000000
2.37413600000000
2.44200400000000
2.51398490000000
2.57846690000000
2.63801000000000
2.69696090000000
2.74666910000000
2.78805990000000
2.83265300000000
2.86133910000000
2.89135410000000
2.91795300000000
2.94291210000000
2.96632410000000
2.98093510000000
2.99622510000000
3.01064990000000
3.03228210000000
3.04077290000000
3.05398890000000
3.06668400000000
3.08672190000000
3.09091310000000
3.09990190000000
3.11467500000000
3.11968090000000
3.12873600000000
3.13883090000000
3.14059000000000
3.15173100000000
3.15812800000000
3.15959690000000
3.17283390000000
3.18084500000000
3.17600610000000
3.19077710000000
3.18779490000000
3.20945190000000
3.21349690000000
3.21372010000000
3.21079800000000
3.20590900000000
3.22421190000000
3.22297000000000
3.22270610000000
3.22291400000000
3.24297000000000
3.24138690000000
3.23795010000000
3.24458910000000
3.24720500000000
3.25864010000000
3.24900390000000
3.26312900000000
3.26330900000000
3.26067810000000
3.26885290000000
3.27583100000000
3.28745100000000
3.26664500000000
3.27826000000000
3.30486300000000
3.29516700000000
3.30124810000000
3.31516790000000
3.31044100000000
3.30709700000000
3.32055590000000
3.31204610000000
3.32627300000000
3.32389500000000
3.32109090000000
3.31381890000000
3.33143210000000
3.33228800000000
3.34937000000000
3.35275890000000
3.34869190000000
3.35211490000000
3.34118200000000
3.34641790000000
3.33527800000000
3.31625890000000
3.33273510000000
3.33693290000000
3.32626300000000
3.32480410000000
3.30301590000000
3.30469490000000
3.29266910000000
3.29237890000000
3.28464010000000
3.29467390000000
3.31268100000000
3.30918100000000
3.31258700000000
3.31525900000000
3.32623700000000
3.33371090000000
3.35273790000000
3.34624700000000
3.34089900000000
3.37715010000000
3.37590600000000
3.39457510000000
3.38521600000000
3.39624500000000
3.41846610000000
3.39571090000000
3.43277410000000
3.44234610000000
3.43900390000000
3.43454100000000
3.44507410000000
3.45442700000000
3.45994310000000
3.46101000000000
3.46473100000000
3.45475510000000
3.45776390000000
3.46264290000000
3.46014400000000
3.44354300000000
3.46341400000000
3.48889710000000
3.46872810000000
3.48408890000000
3.46068500000000
3.45781800000000
3.50446390000000
3.48303600000000
3.47423790000000
3.46802000000000
3.46525790000000
3.49101090000000
3.47970800000000
3.48111700000000
3.47001700000000
3.49023100000000
3.49444700000000
3.48016190000000
3.48766900000000
3.50820400000000
3.49192000000000
3.48855810000000
3.51695900000000
3.50590300000000
3.50742700000000
3.53670810000000
3.53229500000000
3.56300210000000
3.53105210000000
3.54970690000000
3.53721400000000
3.53778000000000
3.56668210000000
3.58951310000000
3.54881910000000
3.56757090000000
3.56509800000000
3.58898590000000
3.57960610000000
3.55808310000000
3.55472300000000
3.55943800000000
3.56423710000000
3.55309200000000
3.54262400000000
3.55141310000000
3.54696010000000
3.54645710000000
3.53783010000000
3.52846100000000
3.53163290000000
3.50944090000000
3.50301100000000
3.50713610000000
3.49110100000000
3.48085190000000
3.47192410000000
3.45593690000000
3.45272300000000
3.44038890000000
3.44439200000000
3.41713310000000
3.41760610000000
3.40396310000000
3.38898900000000
3.40618400000000
3.37322000000000
3.36827210000000
3.36423800000000
3.33824900000000
3.30993390000000
3.27534700000000
3.26312590000000
3.24761700000000
3.25959400000000
3.25726200000000
3.25360800000000
3.28380800000000
3.28153990000000
3.29347900000000
3.29986410000000
3.29613210000000
3.30340190000000
3.31121210000000
3.30798600000000
3.30327390000000
3.30436610000000
3.30883410000000
3.31222800000000
3.32252000000000
3.34069400000000
3.33363700000000
3.34685300000000
3.36480500000000
3.37325410000000
3.37798400000000
3.38835190000000
3.40699290000000
3.39491610000000
3.42058210000000
3.42793700000000
3.42533900000000
3.43516900000000
3.44965290000000
3.48551390000000
3.48988700000000
3.51609900000000
3.53899190000000
3.57799510000000
3.61958410000000
3.66147490000000
3.71048690000000
3.71679500000000
3.79290600000000
3.78659510000000
3.86178400000000
3.83430500000000
3.85219310000000
3.79583600000000
3.79758000000000
3.81399110000000
3.80565910000000
3.79135610000000
3.79931810000000
3.80501390000000
3.78521390000000
3.79678990000000
3.78189800000000
3.76475410000000
3.73952200000000
3.76305100000000
3.79130410000000
3.81902190000000
3.77799890000000
3.69726300000000
3.76023600000000
3.76107000000000
3.72696710000000
3.74403690000000
3.71200610000000
3.73578100000000
3.75926900000000
3.75457910000000
3.66850590000000
3.70139190000000
3.74931410000000
3.70992710000000
3.72095800000000
3.72198100000000
3.74797700000000
3.69555500000000
3.68731310000000
3.71321110000000
3.74397990000000
3.67233710000000
3.72832610000000
3.73107700000000
3.69143300000000
3.71441890000000
3.64271310000000
3.71000700000000
3.71901110000000
3.67962600000000
3.71371510000000
3.69599510000000
3.69560190000000
3.69340900000000
3.75095700000000
3.72205210000000
3.74291990000000
3.70460800000000
3.72135590000000
3.74677400000000
3.76046400000000
3.76369600000000
3.71073700000000
3.68087790000000
3.74519300000000
3.70243600000000
3.73121310000000
3.71968790000000
3.71691300000000
3.68630410000000
3.71192790000000
3.69217610000000
3.67588590000000
3.69737510000000
3.68185310000000
3.76272890000000
3.68740010000000
3.72009610000000
3.67191290000000
3.67681910000000
3.66517900000000
3.67979190000000
3.66768600000000
3.68264010000000
3.68099590000000
3.68268700000000
3.65139290000000
3.65391300000000
3.62950400000000
3.62575100000000
3.59915090000000
3.56105800000000
3.57192610000000
3.55810310000000
3.54340700000000
3.57242610000000
3.56390310000000
3.56547400000000
3.51356600000000
3.54208900000000
3.50836610000000
3.50744610000000
3.53381490000000
3.50301290000000
3.48451090000000
3.48389010000000
3.49456500000000
3.48674890000000
3.45970990000000
3.49077110000000
3.46234990000000
3.47971510000000
3.46159510000000
3.47061800000000
3.46303200000000
3.44586110000000
3.41542510000000
3.43207000000000
3.43851210000000
3.44774100000000
3.39927700000000
3.43547610000000
3.40868710000000
3.41298790000000
3.39787200000000
3.40395310000000
3.42098090000000
3.39006590000000
3.39790300000000
3.36786290000000
3.37642190000000
3.37372300000000
3.37876200000000
3.36963110000000
3.36706300000000
3.34566210000000
3.35889700000000
3.32537290000000
3.34003900000000
3.35242700000000
3.32922290000000
3.35367890000000
3.35437890000000
3.34069200000000
3.35273410000000
3.33590600000000
3.33945990000000
3.33370490000000
3.33267210000000
3.34606500000000
3.34649490000000
3.34819390000000
3.38933610000000
3.36744400000000
3.38749190000000
3.38057400000000
3.37502290000000
3.39247300000000
3.36770110000000
3.38073490000000
3.35728410000000
3.42130590000000
3.33994010000000
3.36823390000000
3.38138010000000
3.37080790000000
3.35332890000000
3.35617210000000
3.35278300000000
3.37310500000000
3.38141990000000
3.39770100000000
3.39269900000000
3.38459210000000
3.37419300000000
3.40203500000000
3.39138010000000
3.40220400000000
3.38559100000000
3.44609090000000
3.41439100000000
3.45947100000000
3.43273590000000
3.44750400000000
3.45640990000000
3.44048810000000
3.44453910000000
3.44742300000000
3.45611000000000
3.48620200000000
3.58178900000000
3.53748700000000
3.50853300000000
3.46975710000000
3.52129700000000
3.54678800000000
3.50995900000000
3.57685400000000
3.56238600000000
3.59935400000000
3.50933190000000
3.56197810000000
3.54466890000000
3.52916690000000
3.55056600000000
3.58920190000000
3.55194210000000
3.62395310000000
3.57155990000000
3.63899300000000
3.63091110000000
3.65441990000000
3.57009010000000
3.63889000000000
3.61106990000000
3.56598500000000
3.61965610000000
3.62068100000000
3.71902800000000
3.62121110000000
3.71193700000000
3.60378500000000
3.63945100000000
3.62068200000000
3.64570090000000
3.61465100000000
3.55338000000000