spectre
GradoAlcoholico	11.6300001000000
skip
0.757298000000000
0.781371000000000
0.795369000000000
0.808995000000000
0.816547000000000
0.818105000000000
0.819984000000000
0.817444000000000
0.812341000000000
0.805259000000000
0.798703000000000
0.789983000000000
0.777181000000000
0.765372000000000
0.756423000000000
0.742800000000000
0.731092000000000
0.718555000000000
0.703641000000000
0.691834000000000
0.678235000000000
0.664361000000000
0.651996000000000
0.639002000000000
0.625915000000000
0.613614000000000
0.600248000000000
0.588302000000000
0.576047000000000
0.564004000000000
0.551821000000000
0.540897000000000
0.528014000000000
0.517278000000000
0.506487000000000
0.494467000000000
0.483737000000000
0.473307000000000
0.462108000000000
0.451065000000000
0.440806000000000
0.430195000000000
0.419824000000000
0.409646000000000
0.398883000000000
0.389797000000000
0.380184000000000
0.369323000000000
0.360546000000000
0.350849000000000
0.341255000000000
0.333169000000000
0.323869000000000
0.315739000000000
0.308019000000000
0.299373000000000
0.292085000000000
0.284819000000000
0.276377000000000
0.269306000000000
0.261771000000000
0.254354000000000
0.247850000000000
0.240942000000000
0.234172000000000
0.228428000000000
0.222489000000000
0.217564000000000
0.212369000000000
0.207667000000000
0.202960000000000
0.199425000000000
0.194810000000000
0.190952000000000
0.186935000000000
0.183136000000000
0.179768000000000
0.176462000000000
0.172909000000000
0.169865000000000
0.166514000000000
0.163317000000000
0.160646000000000
0.157660000000000
0.154314000000000
0.151841000000000
0.149024000000000
0.146505000000000
0.143800000000000
0.141010000000000
0.138314000000000
0.136176000000000
0.133651000000000
0.131530000000000
0.129370000000000
0.127214000000000
0.124934000000000
0.122747000000000
0.120862000000000
0.118868000000000
0.116961000000000
0.114806000000000
0.113208000000000
0.111008000000000
0.109335000000000
0.107596000000000
0.105705000000000
0.104008000000000
0.102510000000000
0.100840000000000
0.0991830010000000
0.0978040020000000
0.0962350000000000
0.0946929980000000
0.0933559980000000
0.0919030010000000
0.0907170030000000
0.0894439970000000
0.0880410000000000
0.0868749990000000
0.0856200010000000
0.0843620000000000
0.0832339970000000
0.0820910040000000
0.0809469970000000
0.0799679980000000
0.0790779960000000
0.0781020000000000
0.0772029980000000
0.0762960020000000
0.0754939990000000
0.0747620020000000
0.0738850010000000
0.0732119980000000
0.0725049970000000
0.0717760030000000
0.0711999980000000
0.0705650000000000
0.0700440030000000
0.0693489980000000
0.0688449960000000
0.0682220010000000
0.0677549990000000
0.0671999980000000
0.0666560010000000
0.0660969990000000
0.0654060020000000
0.0647870000000000
0.0642549990000000
0.0637229980000000
0.0633779990000000
0.0631679970000000
0.0631460030000000
0.0633289960000000
0.0636959970000000
0.0641840030000000
0.0648730020000000
0.0657579970000000
0.0669440030000000
0.0681679990000000
0.0696830000000000
0.0712450000000000
0.0728280020000000
0.0744379980000000
0.0758749990000000
0.0771280010000000
0.0783810020000000
0.0794240010000000
0.0801519980000000
0.0806580040000000
0.0806699990000000
0.0802669970000000
0.0799679980000000
0.0802650000000000
0.0805689990000000
0.0804580000000000
0.0802560000000000
0.0800869990000000
0.0799179970000000
0.0796900020000000
0.0793839990000000
0.0789809970000000
0.0785890000000000
0.0781190020000000
0.0776270030000000
0.0771360020000000
0.0765369980000000
0.0759690030000000
0.0753490030000000
0.0747170000000000
0.0740899970000000
0.0734030010000000
0.0727429990000000
0.0721269990000000
0.0714780020000000
0.0708710030000000
0.0702650030000000
0.0696830000000000
0.0691990030000000
0.0687519980000000
0.0683069970000000
0.0680370030000000
0.0677969980000000
0.0676779970000000
0.0676470030000000
0.0677599980000000
0.0680119990000000
0.0684250000000000
0.0691310020000000
0.0699820000000000
0.0710989980000000
0.0725300010000000
0.0740929990000000
0.0757960010000000
0.0776799990000000
0.0794679970000000
0.0813049970000000
0.0830489990000000
0.0844710020000000
0.0858530030000000
0.0869510020000000
0.0878639970000000
0.0886989980000000
0.0894090010000000
0.0900859980000000
0.0907270010000000
0.0913499970000000
0.0920099990000000
0.0927020010000000
0.0933990030000000
0.0941570030000000
0.0949420030000000
0.0957439990000000
0.0967030000000000
0.0976910000000000
0.0987230020000000
0.0999630020000000
0.101215000000000
0.102525000000000
0.104045000000000
0.105525000000000
0.107122000000000
0.108865000000000
0.110557000000000
0.112421000000000
0.114351000000000
0.116225000000000
0.118352000000000
0.120434000000000
0.122462000000000
0.124659000000000
0.126711000000000
0.128819000000000
0.131090000000000
0.133394000000000
0.136086000000000
0.139310000000000
0.142848000000000
0.147318000000000
0.152681000000000
0.158618000000000
0.166318000000000
0.174652000000000
0.183963000000000
0.195324000000000
0.206945000000000
0.220161000000000
0.235157000000000
0.250477000000000
0.268320000000000
0.288113000000000
0.308667000000000
0.333513000000000
0.359821000000000
0.387075000000000
0.419012000000000
0.449472000000000
0.479582000000000
0.509691000000000
0.534471000000000
0.556427000000000
0.574508000000000
0.587267000000000
0.597760000000000
0.604978000000000
0.610011000000000
0.613579000000000
0.615495000000000
0.615916000000000
0.614887000000000
0.612540000000000
0.608700000000000
0.603463000000000
0.597369000000000
0.589788000000000
0.581268000000000
0.572439000000000
0.561909000000000
0.551388000000000
0.540445000000000
0.528107000000000
0.516256000000000
0.503721000000000
0.490348000000000
0.477768000000000
0.464048000000000
0.450400000000000
0.437387000000000
0.423193000000000
0.409788000000000
0.396813000000000
0.383022000000000
0.370530000000000
0.358102000000000
0.345508000000000
0.334426000000000
0.323001000000000
0.312281000000000
0.302646000000000
0.292687000000000
0.283849000000000
0.275681000000000
0.267529000000000
0.260492000000000
0.253900000000000
0.247597000000000
0.242413000000000
0.237381000000000
0.233070000000000
0.229587000000000
0.226362000000000
0.223801000000000
0.221761000000000
0.220191000000000
0.219227000000000
0.218878000000000
0.218992000000000
0.219741000000000
0.221026000000000
0.222887000000000
0.225115000000000
0.228187000000000
0.231529000000000
0.235406000000000
0.240012000000000
0.244784000000000
0.250202000000000
0.256066000000000
0.261895000000000
0.268501000000000
0.246362000000000
0.252342000000000
0.258800000000000
0.265403000000000
0.271898000000000
0.279359000000000
0.287014000000000
0.295341000000000
0.305575000000000
0.316683000000000
0.330564000000000
0.347702000000000
0.367604000000000
0.393331000000000
0.424404000000000
0.459550000000000
0.505619000000000
0.554980000000000
0.611852000000000
0.677784000000000
0.743941000000000
0.817540000000000
0.893077000000000
0.965136000000000
1.04270010000000
1.11359800000000
1.17707200000000
1.23547700000000
1.28152800000000
1.32042300000000
1.35395300000000
1.37927000000000
1.40272610000000
1.42156900000000
1.43781100000000
1.45388810000000
1.46825300000000
1.48241100000000
1.49682100000000
1.50920300000000
1.52110900000000
1.53162300000000
1.53950000000000
1.54611300000000
1.55099110000000
1.55409600000000
1.55634500000000
1.55692990000000
1.55650790000000
1.55441590000000
1.55104800000000
1.54623790000000
1.54005100000000
1.53336300000000
1.52512300000000
1.51708200000000
1.50825700000000
1.49885900000000
1.48996600000000
1.48004100000000
1.47065100000000
1.46127500000000
1.45113600000000
1.44182600000000
1.43229310000000
1.42232200000000
1.41334900000000
1.40332500000000
1.39435010000000
1.38529900000000
1.37588410000000
1.36718700000000
1.35880800000000
1.35024000000000
1.34282800000000
1.33531200000000
1.32882910000000
1.32285700000000
1.31754400000000
1.31326200000000
1.31000600000000
1.30773500000000
1.30677400000000
1.30703790000000
1.30877600000000
1.31180600000000
1.31689410000000
1.32335810000000
1.33146000000000
1.34200200000000
1.35377300000000
1.36814400000000
1.38476500000000
1.40220800000000
1.42431290000000
1.44710600000000
1.47242800000000
1.50189200000000
1.53162210000000
1.56592300000000
1.60338700000000
1.64099500000000
1.68612300000000
1.73121700000000
1.78090410000000
1.83579600000000
1.89058400000000
1.95170800000000
2.01533290000000
2.07829190000000
2.15028190000000
2.21895000000000
2.29051710000000
2.36381010000000
2.43247700000000
2.50296000000000
2.56810000000000
2.62788390000000
2.68904300000000
2.74005100000000
2.78862910000000
2.82998300000000
2.85909700000000
2.89253590000000
2.91850090000000
2.94077490000000
2.96412900000000
2.97997900000000
2.99479100000000
3.01812100000000
3.03136710000000
3.04997610000000
3.05994510000000
3.07548400000000
3.08178810000000
3.09842490000000
3.10962390000000
3.11831500000000
3.12615800000000
3.13214900000000
3.14567590000000
3.14655210000000
3.16231300000000
3.16409900000000
3.17291090000000
3.17589090000000
3.18176510000000
3.18918300000000
3.19929190000000
3.20124510000000
3.20359400000000
3.20501090000000
3.20055290000000
3.21740200000000
3.21811200000000
3.22399090000000
3.22698090000000
3.23239490000000
3.23341700000000
3.24150800000000
3.23832890000000
3.24775290000000
3.24510690000000
3.25268100000000
3.25779510000000
3.26835890000000
3.25847010000000
3.26268510000000
3.27786990000000
3.27581500000000
3.28393010000000
3.28607200000000
3.27591900000000
3.29608610000000
3.29811810000000
3.29732700000000
3.29422500000000
3.30278900000000
3.29824710000000
3.31989910000000
3.30825810000000
3.32777190000000
3.31923700000000
3.32837700000000
3.32572790000000
3.34347110000000
3.33837510000000
3.35365390000000
3.35757210000000
3.34152290000000
3.34429690000000
3.34600590000000
3.34991500000000
3.35470510000000
3.34207010000000
3.34268400000000
3.33271190000000
3.33457900000000
3.33897300000000
3.31657700000000
3.31141210000000
3.30861710000000
3.31272600000000
3.33238200000000
3.31106400000000
3.30278990000000
3.31044200000000
3.29695110000000
3.32065200000000
3.31460690000000
3.31713890000000
3.33720300000000
3.36501100000000
3.34973310000000
3.34821610000000
3.37133500000000
3.39385100000000
3.39955090000000
3.40541790000000
3.42608810000000
3.41540190000000
3.42797590000000
3.42883110000000
3.43936900000000
3.44980000000000
3.44262500000000
3.45389800000000
3.47009610000000
3.47663500000000
3.47045710000000
3.45995400000000
3.46181300000000
3.47296690000000
3.49435090000000
3.46910600000000
3.47538590000000
3.47472310000000
3.46279910000000
3.47109200000000
3.45345900000000
3.45562510000000
3.47466610000000
3.47939110000000
3.47236900000000
3.47247910000000
3.48962400000000
3.48973990000000
3.46693210000000
3.45800300000000
3.47672610000000
3.48414300000000
3.51985000000000
3.49111200000000
3.50130700000000
3.52487990000000
3.50154810000000
3.51629810000000
3.52177190000000
3.51391600000000
3.53304600000000
3.51780300000000
3.53232600000000
3.53781800000000
3.53003000000000
3.53312300000000
3.55151010000000
3.54914690000000
3.55437210000000
3.56965800000000
3.55702300000000
3.57908110000000
3.57304810000000
3.59664890000000
3.55999990000000
3.57377200000000
3.57896490000000
3.57355690000000
3.57837200000000
3.56525400000000
3.54949000000000
3.55297900000000
3.55197810000000
3.53923010000000
3.54034900000000
3.55019500000000
3.52947900000000
3.52122090000000
3.49748110000000
3.50047900000000
3.49736690000000
3.50293990000000
3.47619200000000
3.48082900000000
3.46913500000000
3.46159790000000
3.44831490000000
3.44030500000000
3.43758110000000
3.42936300000000
3.40776610000000
3.38122390000000
3.38080000000000
3.36694290000000
3.38204690000000
3.35873290000000
3.32905600000000
3.33186510000000
3.28932810000000
3.28178190000000
3.25279310000000
3.25709510000000
3.25946500000000
3.26527690000000
3.27526090000000
3.30723600000000
3.30481000000000
3.31803610000000
3.29468490000000
3.30845590000000
3.30755590000000
3.30867790000000
3.30105090000000
3.30174490000000
3.31734300000000
3.30838200000000
3.32887410000000
3.33375190000000
3.33751200000000
3.37114600000000
3.36714910000000
3.39146490000000
3.38752100000000
3.38455890000000
3.37912200000000
3.42318610000000
3.41418910000000
3.41399290000000
3.44181800000000
3.46491290000000
3.48303890000000
3.48439190000000
3.49420000000000
3.53173590000000
3.58653000000000
3.59406500000000
3.62386990000000
3.66661100000000
3.69234900000000
3.70925900000000
3.73173900000000
3.85141990000000
3.86765910000000
3.80611990000000
3.89351010000000
3.82660600000000
3.85471200000000
3.82869410000000
3.85233590000000
3.81993890000000
3.82834290000000
3.82789400000000
3.80979610000000
3.81711200000000
3.78086300000000
3.83129910000000
3.80072000000000
3.81824490000000
3.79171200000000
3.73741100000000
3.78207210000000
3.79634090000000
3.75230600000000
3.79022000000000
3.77356700000000
3.75257710000000
3.72987390000000
3.70633700000000
3.77284790000000
3.77114610000000
3.75100800000000
3.75096700000000
3.74544410000000
3.76768800000000
3.75654100000000
3.70602200000000
3.70852210000000
3.82160710000000
3.73458410000000
3.78478190000000
3.69088600000000
3.70586400000000
3.76112790000000
3.70079210000000
3.68222190000000
3.67712900000000
3.69164490000000
3.72763610000000
3.72675200000000
3.71761610000000
3.68384100000000
3.69322900000000
3.73601390000000
3.72507000000000
3.74414610000000
3.75843500000000
3.73422500000000
3.74731590000000
3.80888010000000
3.71949200000000
3.68672700000000
3.76898690000000
3.73609810000000
3.76313500000000
3.72930600000000
3.73200800000000
3.70271610000000
3.69845700000000
3.73194790000000
3.80497100000000
3.70655300000000
3.69683690000000
3.78315710000000
3.68175100000000
3.69406800000000
3.65109990000000
3.71137310000000
3.69446610000000
3.71738510000000
3.67956090000000
3.69210100000000
3.64494300000000
3.69900800000000
3.62141610000000
3.69256400000000
3.65580890000000
3.68762210000000
3.64253810000000
3.65112400000000
3.59860300000000
3.59601210000000
3.59795190000000
3.58372590000000
3.58308910000000
3.53783610000000
3.54357190000000
3.58360290000000
3.55526490000000
3.55446510000000
3.54514100000000
3.53747010000000
3.52001910000000
3.53035090000000
3.52499700000000
3.52232910000000
3.45909000000000
3.49236990000000
3.48897600000000
3.47663500000000
3.45693990000000
3.44620300000000
3.45693490000000
3.47710800000000
3.45052700000000
3.45991610000000
3.44622590000000
3.45267010000000
3.43817710000000
3.42479710000000
3.45519090000000
3.41854310000000
3.44140100000000
3.39578510000000
3.43454100000000
3.41380190000000
3.38899400000000
3.39577700000000
3.37385010000000
3.38873000000000
3.38732000000000
3.40771510000000
3.37740210000000
3.38742090000000
3.37156390000000
3.36731200000000
3.35320090000000
3.32398800000000
3.36908600000000
3.33771110000000
3.35955310000000
3.35575700000000
3.39385600000000
3.36849190000000
3.36942910000000
3.33617900000000
3.35693500000000
3.38435600000000
3.36535500000000
3.35299800000000
3.36447000000000
3.37593200000000
3.34942290000000
3.38672090000000
3.36563900000000
3.40724990000000
3.39664700000000
3.37243010000000
3.37602090000000
3.38435010000000
3.36211900000000
3.36071490000000
3.39025000000000
3.40025000000000
3.37208510000000
3.38443300000000
3.40235400000000
3.37697790000000
3.38673210000000
3.38846490000000
3.40411000000000
3.40171600000000
3.39585900000000
3.40481210000000
3.41479800000000
3.39330290000000
3.41762090000000
3.41892910000000
3.43799090000000
3.42987800000000
3.44253710000000
3.41302990000000
3.47399500000000
3.46525690000000
3.43519310000000
3.46488500000000
3.47412110000000
3.52589300000000
3.50652190000000
3.46790000000000
3.48305700000000
3.50729200000000
3.49273610000000
3.53481100000000
3.56453110000000
3.52100900000000
3.51211190000000
3.55126000000000
3.57876490000000
3.53644390000000
3.58603190000000
3.56031890000000
3.61956410000000
3.48020510000000
3.60378600000000
3.61270900000000
3.67696690000000
3.61262200000000
3.63364200000000
3.62677500000000
3.62059810000000
3.58418010000000
3.54538200000000
3.61664700000000
3.61888100000000
3.65262100000000
3.66986890000000
3.63421390000000
3.59298300000000
3.62239500000000
3.56898000000000
3.70726990000000
3.60842800000000
3.62795090000000
3.63370390000000
3.58585100000000
3.54509310000000
3.63336710000000