spectre
GradoAlcoholico	10.4099998000000
skip
0.771173000000000
0.793110000000000
0.809573000000000
0.829859000000000
0.836264000000000
0.842362000000000
0.844172000000000
0.845316000000000
0.842114000000000
0.835256000000000
0.830156000000000
0.821702000000000
0.811667000000000
0.801709000000000
0.791840000000000
0.779297000000000
0.767511000000000
0.755760000000000
0.742191000000000
0.729798000000000
0.717082000000000
0.703065000000000
0.690209000000000
0.676591000000000
0.664457000000000
0.651946000000000
0.639020000000000
0.624811000000000
0.613207000000000
0.599650000000000
0.587522000000000
0.575993000000000
0.563248000000000
0.551349000000000
0.539003000000000
0.528694000000000
0.516612000000000
0.505639000000000
0.493353000000000
0.483005000000000
0.472011000000000
0.459606000000000
0.449313000000000
0.437793000000000
0.427833000000000
0.418011000000000
0.407365000000000
0.396697000000000
0.386916000000000
0.376390000000000
0.367263000000000
0.357901000000000
0.348454000000000
0.339800000000000
0.331567000000000
0.322573000000000
0.314670000000000
0.306189000000000
0.298005000000000
0.289976000000000
0.282496000000000
0.273888000000000
0.266908000000000
0.259768000000000
0.253147000000000
0.246594000000000
0.240600000000000
0.234792000000000
0.229444000000000
0.224372000000000
0.218651000000000
0.214069000000000
0.210203000000000
0.205490000000000
0.201577000000000
0.197418000000000
0.193666000000000
0.189629000000000
0.185762000000000
0.181696000000000
0.178524000000000
0.174789000000000
0.171463000000000
0.168053000000000
0.164825000000000
0.161700000000000
0.158568000000000
0.155233000000000
0.152359000000000
0.149733000000000
0.146211000000000
0.143344000000000
0.140892000000000
0.138285000000000
0.135820000000000
0.133026000000000
0.130884000000000
0.128021000000000
0.125814000000000
0.123384000000000
0.121145000000000
0.118979000000000
0.116704000000000
0.114705000000000
0.112269000000000
0.110596000000000
0.108370000000000
0.106522000000000
0.104482000000000
0.102787000000000
0.100798000000000
0.0991960020000000
0.0973410010000000
0.0957499970000000
0.0940470020000000
0.0924099980000000
0.0907619970000000
0.0893620030000000
0.0877870020000000
0.0864019990000000
0.0849120020000000
0.0834750010000000
0.0821440000000000
0.0808850010000000
0.0796350020000000
0.0785460030000000
0.0772660000000000
0.0761379970000000
0.0751829970000000
0.0740500020000000
0.0731170030000000
0.0722030030000000
0.0711959970000000
0.0702089970000000
0.0694630000000000
0.0685890020000000
0.0678159970000000
0.0670560000000000
0.0663150030000000
0.0655890030000000
0.0648629960000000
0.0641190040000000
0.0635680030000000
0.0628390010000000
0.0621609990000000
0.0615129990000000
0.0606409980000000
0.0599070010000000
0.0591889990000000
0.0585279990000000
0.0580370020000000
0.0576689990000000
0.0575320010000000
0.0575889980000000
0.0578260010000000
0.0582880010000000
0.0588449980000000
0.0596560020000000
0.0606589990000000
0.0618159990000000
0.0632769990000000
0.0647799970000000
0.0662970020000000
0.0678230000000000
0.0691590010000000
0.0703540000000000
0.0713870000000000
0.0722149980000000
0.0727370010000000
0.0730760020000000
0.0731690000000000
0.0730490010000000
0.0730789970000000
0.0731879990000000
0.0731789990000000
0.0728740020000000
0.0725559960000000
0.0722199980000000
0.0719510020000000
0.0716779980000000
0.0712409990000000
0.0708120020000000
0.0703219990000000
0.0697700010000000
0.0692109990000000
0.0686289970000000
0.0679560010000000
0.0673440020000000
0.0666320030000000
0.0659919980000000
0.0652510000000000
0.0645340010000000
0.0637980030000000
0.0631259980000000
0.0623780000000000
0.0616850000000000
0.0610909980000000
0.0604370010000000
0.0598730000000000
0.0593749990000000
0.0589350010000000
0.0585899990000000
0.0583150010000000
0.0581290010000000
0.0580530020000000
0.0581370000000000
0.0583439990000000
0.0587249990000000
0.0594340000000000
0.0602610000000000
0.0613479990000000
0.0627920030000000
0.0643149990000000
0.0660210030000000
0.0679169970000000
0.0696789990000000
0.0714780020000000
0.0732050020000000
0.0746370030000000
0.0759800000000000
0.0770889970000000
0.0779369990000000
0.0787540000000000
0.0794480000000000
0.0800919980000000
0.0806939970000000
0.0812539980000000
0.0819069970000000
0.0825570000000000
0.0832120030000000
0.0839200020000000
0.0846930000000000
0.0854429980000000
0.0863580030000000
0.0873100010000000
0.0883120000000000
0.0894830000000000
0.0907230000000000
0.0919860010000000
0.0934780020000000
0.0948980000000000
0.0964720030000000
0.0981710030000000
0.0997800010000000
0.101577000000000
0.103425000000000
0.105239000000000
0.107270000000000
0.109231000000000
0.111193000000000
0.113358000000000
0.115388000000000
0.117464000000000
0.119780000000000
0.122159000000000
0.124907000000000
0.128132000000000
0.131727000000000
0.136326000000000
0.141794000000000
0.147849000000000
0.155644000000000
0.164129000000000
0.173578000000000
0.185092000000000
0.196897000000000
0.210337000000000
0.225624000000000
0.241091000000000
0.259222000000000
0.279304000000000
0.300146000000000
0.325317000000000
0.351982000000000
0.379604000000000
0.411922000000000
0.442724000000000
0.473175000000000
0.503644000000000
0.528644000000000
0.550812000000000
0.568951000000000
0.581701000000000
0.592132000000000
0.599185000000000
0.604062000000000
0.607429000000000
0.609152000000000
0.609366000000000
0.608079000000000
0.605530000000000
0.601409000000000
0.595897000000000
0.589571000000000
0.581732000000000
0.572993000000000
0.563920000000000
0.553205000000000
0.542407000000000
0.531267000000000
0.518729000000000
0.506721000000000
0.493958000000000
0.480406000000000
0.467676000000000
0.453824000000000
0.440026000000000
0.426895000000000
0.412571000000000
0.399080000000000
0.386030000000000
0.372166000000000
0.359595000000000
0.347089000000000
0.334462000000000
0.323307000000000
0.311850000000000
0.301043000000000
0.291332000000000
0.281385000000000
0.272497000000000
0.264320000000000
0.256146000000000
0.249101000000000
0.242485000000000
0.236151000000000
0.231011000000000
0.226023000000000
0.221749000000000
0.218195000000000
0.215035000000000
0.212492000000000
0.210531000000000
0.208995000000000
0.208102000000000
0.207816000000000
0.208044000000000
0.208801000000000
0.210190000000000
0.212137000000000
0.214428000000000
0.217557000000000
0.221055000000000
0.224983000000000
0.229698000000000
0.234602000000000
0.240048000000000
0.246084000000000
0.252014000000000
0.258696000000000
0.238601000000000
0.244652000000000
0.251174000000000
0.257856000000000
0.264419000000000
0.271974000000000
0.279719000000000
0.288155000000000
0.298486000000000
0.309710000000000
0.323754000000000
0.341063000000000
0.361165000000000
0.387154000000000
0.418528000000000
0.453971000000000
0.500463000000000
0.550299000000000
0.607733000000000
0.674266000000000
0.741084000000000
0.815435000000000
0.891649000000000
0.964409000000000
1.04271300000000
1.11427200000000
1.17801000000000
1.23640600000000
1.28218600000000
1.32058600000000
1.35350500000000
1.37817200000000
1.40088400000000
1.41887800000000
1.43455700000000
1.44970600000000
1.46360300000000
1.47666600000000
1.49028900000000
1.50215800000000
1.51352200000000
1.52323400000000
1.53103700000000
1.53808900000000
1.54245900000000
1.54591000000000
1.54790290000000
1.54893990000000
1.54844900000000
1.54648100000000
1.54325100000000
1.53823300000000
1.53241900000000
1.52561200000000
1.51772500000000
1.50958500000000
1.50091510000000
1.49178000000000
1.48298390000000
1.47326800000000
1.46404190000000
1.45499210000000
1.44497000000000
1.43587800000000
1.42625400000000
1.41651500000000
1.40755300000000
1.39792800000000
1.38860500000000
1.37994600000000
1.37045200000000
1.36194000000000
1.35350300000000
1.34489500000000
1.33765490000000
1.33038500000000
1.32353000000000
1.31814800000000
1.31254700000000
1.30876700000000
1.30530410000000
1.30332800000000
1.30249300000000
1.30284800000000
1.30498500000000
1.30788600000000
1.31343900000000
1.31994900000000
1.32846500000000
1.33937390000000
1.35147910000000
1.36607000000000
1.38303700000000
1.40105500000000
1.42334000000000
1.44654700000000
1.47246300000000
1.50207400000000
1.53239700000000
1.56714590000000
1.60493400000000
1.64318600000000
1.68914000000000
1.73379000000000
1.78479600000000
1.84003700000000
1.89539190000000
1.95690200000000
2.02156590000000
2.08407210000000
2.15750000000000
2.22562500000000
2.29774310000000
2.37054490000000
2.43869210000000
2.51013400000000
2.57574890000000
2.63486190000000
2.69337200000000
2.74367500000000
2.79018590000000
2.82941510000000
2.86135290000000
2.88981800000000
2.91833500000000
2.93853000000000
2.96134900000000
2.97561000000000
2.99584290000000
3.01446290000000
3.02877000000000
3.04242300000000
3.05141210000000
3.06512000000000
3.08050800000000
3.09295110000000
3.10155800000000
3.11454110000000
3.11761310000000
3.13175010000000
3.13491890000000
3.14661500000000
3.15823100000000
3.15771390000000
3.16267800000000
3.16867710000000
3.17143110000000
3.17571900000000
3.19247790000000
3.19656610000000
3.20085810000000
3.20724200000000
3.20167090000000
3.21173310000000
3.21064900000000
3.21637110000000
3.21394710000000
3.22394300000000
3.22968790000000
3.22701190000000
3.24173500000000
3.24670100000000
3.24852400000000
3.24728890000000
3.25488900000000
3.26022510000000
3.25755100000000
3.26195190000000
3.26452400000000
3.27173400000000
3.27967500000000
3.28354310000000
3.29448390000000
3.28699210000000
3.28373690000000
3.29558490000000
3.30473900000000
3.30124810000000
3.30916310000000
3.31420210000000
3.32189890000000
3.31301310000000
3.32353090000000
3.32841900000000
3.33857800000000
3.34213710000000
3.33931590000000
3.34680600000000
3.33716990000000
3.35164400000000
3.34881810000000
3.33795000000000
3.33866500000000
3.35532500000000
3.32765890000000
3.33943390000000
3.32207990000000
3.31854700000000
3.30550290000000
3.32386400000000
3.29987690000000
3.28881500000000
3.29576990000000
3.30136110000000
3.29454090000000
3.30066700000000
3.28398300000000
3.29521700000000
3.30439000000000
3.31852100000000
3.33673190000000
3.32821200000000
3.35849090000000
3.34713890000000
3.36250210000000
3.36698200000000
3.37285300000000
3.37241290000000
3.39257000000000
3.39696190000000
3.40659400000000
3.40711190000000
3.44688200000000
3.43814900000000
3.43527200000000
3.46216610000000
3.45252700000000
3.43951610000000
3.42563610000000
3.44253110000000
3.47718000000000
3.45355200000000
3.46886400000000
3.48465610000000
3.47272210000000
3.46962000000000
3.46652290000000
3.46688290000000
3.47086910000000
3.48158910000000
3.45965190000000
3.48220900000000
3.46425890000000
3.48131990000000
3.47356510000000
3.47629400000000
3.47450400000000
3.48798800000000
3.47343990000000
3.48702500000000
3.47065090000000
3.48230100000000
3.49227810000000
3.49356790000000
3.48905990000000
3.50358610000000
3.50398210000000
3.50680300000000
3.52667000000000
3.54394390000000
3.50533290000000
3.53856990000000
3.52031110000000
3.54123710000000
3.51729800000000
3.54145790000000
3.53446390000000
3.55124690000000
3.53839900000000
3.56868700000000
3.56646390000000
3.54916500000000
3.56996800000000
3.57275510000000
3.56661010000000
3.54627900000000
3.55124500000000
3.55549100000000
3.56363890000000
3.57065010000000
3.56331490000000
3.56830690000000
3.55417990000000
3.51080200000000
3.54753710000000
3.54124090000000
3.53132010000000
3.51498010000000
3.49972700000000
3.51220200000000
3.48941900000000
3.47299790000000
3.46146010000000
3.46491290000000
3.43599300000000
3.43666510000000
3.43812610000000
3.40459490000000
3.40929390000000
3.38299610000000
3.40989900000000
3.40212990000000
3.36779090000000
3.35787610000000
3.34189390000000
3.32518010000000
3.30095200000000
3.28262900000000
3.25805400000000
3.25515600000000
3.24418400000000
3.26553610000000
3.26141410000000
3.28336410000000
3.28569890000000
3.29140210000000
3.28269410000000
3.33449790000000
3.29443410000000
3.31326290000000
3.30355190000000
3.30296900000000
3.28521900000000
3.31794500000000
3.30841990000000
3.30954790000000
3.34071490000000
3.35050610000000
3.33190800000000
3.36448190000000
3.39986300000000
3.36785890000000
3.38705710000000
3.37721300000000
3.37202600000000
3.40452500000000
3.42422510000000
3.42742990000000
3.43275400000000
3.46240210000000
3.50369910000000
3.51201510000000
3.57143090000000
3.55173610000000
3.60363010000000
3.60077810000000
3.66215800000000
3.71299790000000
3.73803000000000
3.76250700000000
3.80754300000000
3.82782700000000
3.83403400000000
3.83524800000000
3.83938410000000
3.81673100000000
3.83549310000000
3.81793000000000
3.90622400000000
3.83894990000000
3.81719210000000
3.82360600000000
3.78873490000000
3.81488700000000
3.79856110000000
3.78257490000000
3.78240700000000
3.74876810000000
3.74150300000000
3.76821090000000
3.74769000000000
3.78409910000000
3.77682900000000
3.81889200000000
3.75428610000000
3.76139210000000
3.73941710000000
3.74228600000000
3.73861000000000
3.76288890000000
3.73132800000000
3.72726200000000
3.71635390000000
3.75068090000000
3.70250200000000
3.69665000000000
3.74450110000000
3.71516900000000
3.73145100000000
3.63213300000000
3.72002010000000
3.70276590000000
3.71411710000000
3.69361500000000
3.70501090000000
3.69174790000000
3.70660000000000
3.72879790000000
3.68338610000000
3.71298290000000
3.68110900000000
3.67126010000000
3.66783910000000
3.76155300000000
3.67796110000000
3.75453310000000
3.67476700000000
3.76244810000000
3.75213290000000
3.70437500000000
3.72310400000000
3.71963100000000
3.69917890000000
3.74056790000000
3.67897110000000
3.71027800000000
3.67871000000000
3.73774910000000
3.68584300000000
3.69600390000000
3.73277710000000
3.71605990000000
3.69801310000000
3.66776200000000
3.68442610000000
3.68078900000000
3.74525810000000
3.67852500000000
3.67725610000000
3.63533400000000
3.66345100000000
3.65150000000000
3.65757110000000
3.66578600000000
3.66435790000000
3.60874390000000
3.63083790000000
3.59525800000000
3.61185000000000
3.60230590000000
3.58178590000000
3.60896900000000
3.56206200000000
3.56164000000000
3.55686500000000
3.56492900000000
3.56065800000000
3.55955100000000
3.54883790000000
3.54262300000000
3.52871990000000
3.50890210000000
3.52489210000000
3.52291010000000
3.49957700000000
3.49369100000000
3.50571200000000
3.44478890000000
3.46793010000000
3.51371600000000
3.45382690000000
3.46019700000000
3.45433210000000
3.46100810000000
3.44948910000000
3.45624710000000
3.42298200000000
3.44684510000000
3.42397090000000
3.42054390000000
3.42683290000000
3.38742800000000
3.41343310000000
3.41300200000000
3.38800100000000
3.40612790000000
3.36687490000000
3.39419100000000
3.36067200000000
3.38111710000000
3.35916400000000
3.39503690000000
3.38796090000000
3.34535690000000
3.32252690000000
3.35653810000000
3.34989400000000
3.31709690000000
3.34193210000000
3.33066300000000
3.35284400000000
3.33789490000000
3.36567900000000
3.33371900000000
3.34195800000000
3.32818700000000
3.33554410000000
3.37632300000000
3.36731700000000
3.36124610000000
3.35751890000000
3.32390090000000
3.39179990000000
3.34848000000000
3.35117010000000
3.35719490000000
3.40228890000000
3.35876610000000
3.40172790000000
3.37643100000000
3.32740210000000
3.37752800000000
3.39389200000000
3.37290410000000
3.42101190000000
3.36454200000000
3.38150310000000
3.38450690000000
3.34272910000000
3.36653590000000
3.37084600000000
3.40093490000000
3.36723090000000
3.36270500000000
3.38277010000000
3.38454700000000
3.39623500000000
3.41879110000000
3.42124510000000
3.44748090000000
3.45102000000000
3.38591790000000
3.50164200000000
3.42919990000000
3.45155100000000
3.48306490000000
3.47850390000000
3.46835990000000
3.50295310000000
3.50313000000000
3.43381090000000
3.56130790000000
3.49879290000000
3.50402500000000
3.49247100000000
3.55200410000000
3.60268210000000
3.56403800000000
3.57850600000000
3.58830000000000
3.61459300000000
3.60439210000000
3.60503600000000
3.59426190000000
3.54751990000000
3.55002310000000
3.57688590000000
3.59266590000000
3.59522010000000
3.67501710000000
3.58473900000000
3.62332300000000
3.59039090000000
3.59305000000000
3.58123900000000
3.61471010000000
3.63763190000000
3.62962600000000
3.64082410000000
3.66264200000000
3.58547900000000
3.68081500000000
3.58299710000000
3.67701100000000
3.59290290000000
3.57839390000000