spectre
GradoAlcoholico	10.8000002000000
skip
0.974172000000000
1.01743100000000
1.05742390000000
1.08790500000000
1.11781600000000
1.14338600000000
1.17163500000000
1.19031500000000
1.21008690000000
1.22525890000000
1.23522900000000
1.24600300000000
1.25571890000000
1.26302190000000
1.26433500000000
1.27114000000000
1.26999200000000
1.26823200000000
1.26006900000000
1.25812400000000
1.24626300000000
1.23933490000000
1.22726090000000
1.21771710000000
1.20666600000000
1.19616000000000
1.18130900000000
1.16759800000000
1.14861200000000
1.13309600000000
1.11716600000000
1.10397100000000
1.08703700000000
1.06947700000000
1.05401800000000
1.03430000000000
1.01901300000000
1.00188800000000
0.984673000000000
0.967542000000000
0.951408000000000
0.932727000000000
0.917109000000000
0.900581000000000
0.881610000000000
0.867110000000000
0.850185000000000
0.832749000000000
0.817347000000000
0.801899000000000
0.787218000000000
0.771800000000000
0.754625000000000
0.738703000000000
0.725578000000000
0.710869000000000
0.695965000000000
0.681312000000000
0.665571000000000
0.651434000000000
0.637990000000000
0.623899000000000
0.611150000000000
0.598690000000000
0.585191000000000
0.574719000000000
0.563450000000000
0.552314000000000
0.543149000000000
0.531736000000000
0.523421000000000
0.514288000000000
0.504908000000000
0.495944000000000
0.488265000000000
0.479066000000000
0.471141000000000
0.463193000000000
0.455065000000000
0.447099000000000
0.439504000000000
0.431407000000000
0.423866000000000
0.416469000000000
0.408964000000000
0.402489000000000
0.395177000000000
0.387695000000000
0.381274000000000
0.374041000000000
0.367621000000000
0.360916000000000
0.354668000000000
0.348169000000000
0.342816000000000
0.336995000000000
0.331313000000000
0.325335000000000
0.319532000000000
0.314375000000000
0.309228000000000
0.303762000000000
0.299048000000000
0.293954000000000
0.289069000000000
0.284849000000000
0.280057000000000
0.275631000000000
0.271477000000000
0.266980000000000
0.263162000000000
0.259073000000000
0.255166000000000
0.251375000000000
0.247943000000000
0.244107000000000
0.240645000000000
0.237337000000000
0.233869000000000
0.230784000000000
0.227523000000000
0.224407000000000
0.221673000000000
0.218710000000000
0.215615000000000
0.213097000000000
0.210249000000000
0.207670000000000
0.205239000000000
0.202544000000000
0.200305000000000
0.197987000000000
0.195514000000000
0.193257000000000
0.191027000000000
0.188772000000000
0.186723000000000
0.184626000000000
0.182438000000000
0.180471000000000
0.178502000000000
0.176570000000000
0.174720000000000
0.172789000000000
0.170830000000000
0.168892000000000
0.166765000000000
0.164694000000000
0.162704000000000
0.160654000000000
0.158881000000000
0.157309000000000
0.155922000000000
0.154784000000000
0.153960000000000
0.153296000000000
0.152964000000000
0.152840000000000
0.152924000000000
0.153225000000000
0.153850000000000
0.154588000000000
0.155305000000000
0.156070000000000
0.156629000000000
0.157045000000000
0.157326000000000
0.157488000000000
0.157585000000000
0.157616000000000
0.157749000000000
0.157516000000000
0.156689000000000
0.155528000000000
0.154109000000000
0.152990000000000
0.152031000000000
0.150979000000000
0.150005000000000
0.149124000000000
0.148057000000000
0.147022000000000
0.145956000000000
0.144809000000000
0.143715000000000
0.142580000000000
0.141341000000000
0.140228000000000
0.138997000000000
0.137756000000000
0.136627000000000
0.135383000000000
0.134147000000000
0.133019000000000
0.131792000000000
0.130669000000000
0.129621000000000
0.128537000000000
0.127558000000000
0.126631000000000
0.125734000000000
0.125008000000000
0.124327000000000
0.123727000000000
0.123291000000000
0.122926000000000
0.122797000000000
0.122836000000000
0.123115000000000
0.123619000000000
0.124367000000000
0.125421000000000
0.126606000000000
0.127974000000000
0.129517000000000
0.130954000000000
0.132405000000000
0.133767000000000
0.134888000000000
0.135890000000000
0.136615000000000
0.137184000000000
0.137686000000000
0.138052000000000
0.138399000000000
0.138734000000000
0.139067000000000
0.139434000000000
0.139805000000000
0.140214000000000
0.140644000000000
0.141136000000000
0.141662000000000
0.142325000000000
0.143029000000000
0.143795000000000
0.144756000000000
0.145729000000000
0.146794000000000
0.148026000000000
0.149252000000000
0.150614000000000
0.152058000000000
0.153498000000000
0.155092000000000
0.156764000000000
0.158363000000000
0.160155000000000
0.161912000000000
0.163628000000000
0.165558000000000
0.167352000000000
0.169145000000000
0.171203000000000
0.173305000000000
0.175823000000000
0.178853000000000
0.182300000000000
0.186755000000000
0.192071000000000
0.198003000000000
0.205696000000000
0.214080000000000
0.223391000000000
0.234771000000000
0.246450000000000
0.259723000000000
0.274872000000000
0.290296000000000
0.308275000000000
0.328200000000000
0.348941000000000
0.373965000000000
0.400526000000000
0.428018000000000
0.460159000000000
0.490713000000000
0.520882000000000
0.550975000000000
0.575627000000000
0.597393000000000
0.615178000000000
0.627615000000000
0.637853000000000
0.644745000000000
0.649531000000000
0.652779000000000
0.654434000000000
0.654558000000000
0.653206000000000
0.650605000000000
0.646412000000000
0.640865000000000
0.634482000000000
0.626578000000000
0.617796000000000
0.608672000000000
0.597912000000000
0.587104000000000
0.575930000000000
0.563343000000000
0.551320000000000
0.538525000000000
0.524959000000000
0.512188000000000
0.498328000000000
0.484485000000000
0.471343000000000
0.456982000000000
0.443467000000000
0.430398000000000
0.416534000000000
0.403959000000000
0.391446000000000
0.378809000000000
0.367630000000000
0.356166000000000
0.345335000000000
0.335648000000000
0.325660000000000
0.316742000000000
0.308545000000000
0.300319000000000
0.293240000000000
0.286593000000000
0.280261000000000
0.275059000000000
0.269976000000000
0.265621000000000
0.262048000000000
0.258778000000000
0.256119000000000
0.254021000000000
0.252330000000000
0.251283000000000
0.250851000000000
0.250902000000000
0.251630000000000
0.252825000000000
0.254642000000000
0.256857000000000
0.259866000000000
0.263160000000000
0.267046000000000
0.271618000000000
0.276382000000000
0.281726000000000
0.287533000000000
0.293352000000000
0.299847000000000
0.240314000000000
0.246266000000000
0.252741000000000
0.259365000000000
0.265859000000000
0.273329000000000
0.280978000000000
0.289313000000000
0.299553000000000
0.310654000000000
0.324561000000000
0.341715000000000
0.361632000000000
0.387419000000000
0.418526000000000
0.453728000000000
0.499805000000000
0.549392000000000
0.606435000000000
0.672572000000000
0.739074000000000
0.812985000000000
0.888787000000000
0.961305000000000
1.03925200000000
1.11035390000000
1.17397500000000
1.23245500000000
1.27842000000000
1.31699200000000
1.35023900000000
1.37515600000000
1.39805310000000
1.41624900000000
1.43195610000000
1.44741200000000
1.46139600000000
1.47475600000000
1.48854200000000
1.50037710000000
1.51188190000000
1.52182810000000
1.52985410000000
1.53673600000000
1.54167290000000
1.54490700000000
1.54721700000000
1.54821400000000
1.54780700000000
1.54605700000000
1.54249000000000
1.53791000000000
1.53187100000000
1.52511100000000
1.51713600000000
1.50915100000000
1.50052090000000
1.49123600000000
1.48238600000000
1.47264400000000
1.46352200000000
1.45444100000000
1.44435000000000
1.43512400000000
1.42542400000000
1.41575500000000
1.40688800000000
1.39711200000000
1.38783710000000
1.37887100000000
1.36954610000000
1.36096390000000
1.35258810000000
1.34401300000000
1.33662000000000
1.32910700000000
1.32249900000000
1.31680410000000
1.31149800000000
1.30734500000000
1.30400800000000
1.30183700000000
1.30088400000000
1.30130600000000
1.30318400000000
1.30629300000000
1.31147000000000
1.31776090000000
1.32632900000000
1.33691600000000
1.34888700000000
1.36343600000000
1.38028000000000
1.39806700000000
1.42024000000000
1.44322400000000
1.46885700000000
1.49838600000000
1.52861910000000
1.56322900000000
1.60024700000000
1.63849500000000
1.68420510000000
1.72966500000000
1.77927900000000
1.83417800000000
1.88949800000000
1.95143400000000
2.01447300000000
2.07749610000000
2.15011910000000
2.21841910000000
2.29087500000000
2.36532400000000
2.43206190000000
2.50327900000000
2.56725690000000
2.63097310000000
2.68528390000000
2.73746400000000
2.78275610000000
2.82550600000000
2.85875700000000
2.88811490000000
2.91420010000000
2.93334700000000
2.95616700000000
2.97453500000000
2.99197890000000
3.00210310000000
3.02142000000000
3.04439000000000
3.05472900000000
3.06793190000000
3.07493900000000
3.09821300000000
3.11085010000000
3.10305400000000
3.11001710000000
3.12735800000000
3.13545390000000
3.15041090000000
3.14104100000000
3.15829300000000
3.16752410000000
3.17582800000000
3.17405700000000
3.18656300000000
3.18978500000000
3.19778110000000
3.18444200000000
3.20636610000000
3.20089890000000
3.20044210000000
3.21224590000000
3.21700000000000
3.21693710000000
3.22689510000000
3.22244810000000
3.23050690000000
3.23154710000000
3.24426390000000
3.23499200000000
3.24397490000000
3.26336690000000
3.26804490000000
3.26169300000000
3.25569110000000
3.25502400000000
3.26676200000000
3.25934100000000
3.27557400000000
3.28161600000000
3.28234910000000
3.29514500000000
3.28640790000000
3.30363990000000
3.29453110000000
3.30643200000000
3.29801510000000
3.31148910000000
3.31930400000000
3.32536700000000
3.33166910000000
3.33720900000000
3.33582810000000
3.32693100000000
3.33547310000000
3.33092900000000
3.33355310000000
3.34888200000000
3.34939500000000
3.34363890000000
3.33193400000000
3.33275600000000
3.33796910000000
3.33617500000000
3.32076100000000
3.31255600000000
3.30757400000000
3.31043700000000
3.29910900000000
3.28633810000000
3.27590200000000
3.28916500000000
3.30244490000000
3.29765700000000
3.31257510000000
3.30349590000000
3.30892300000000
3.31944110000000
3.33436700000000
3.34850000000000
3.36345600000000
3.34885910000000
3.36164500000000
3.36763410000000
3.41001800000000
3.41725610000000
3.40384890000000
3.43033000000000
3.41926190000000
3.42229510000000
3.44985290000000
3.42886500000000
3.43972610000000
3.44870810000000
3.43641300000000
3.44714810000000
3.44472410000000
3.45932100000000
3.45190500000000
3.44759610000000
3.46959500000000
3.45781710000000
3.47346400000000
3.45393710000000
3.43821600000000
3.46887400000000
3.47256090000000
3.46988700000000
3.47253390000000
3.45360990000000
3.46557090000000
3.48963090000000
3.46959210000000
3.47374110000000
3.47574310000000
3.48214290000000
3.46666690000000
3.49055190000000
3.50212310000000
3.48405910000000
3.49120210000000
3.48224500000000
3.50862000000000
3.51263900000000
3.49208310000000
3.49785900000000
3.52330900000000
3.49229690000000
3.51590110000000
3.51653100000000
3.54748510000000
3.55058290000000
3.53228400000000
3.55914590000000
3.54353400000000
3.57969090000000
3.54873490000000
3.56241390000000
3.57113100000000
3.56859400000000
3.58474210000000
3.55448010000000
3.57024000000000
3.56625700000000
3.58888790000000
3.58411690000000
3.58392690000000
3.56759600000000
3.56300810000000
3.56300400000000
3.52152110000000
3.52791090000000
3.53941800000000
3.51426290000000
3.51945090000000
3.49878410000000
3.48598290000000
3.49801990000000
3.46713400000000
3.45381690000000
3.45775510000000
3.44009490000000
3.43704390000000
3.44376990000000
3.42856310000000
3.41930890000000
3.40181800000000
3.39684300000000
3.39097690000000
3.36842990000000
3.36737610000000
3.34589100000000
3.34268190000000
3.30801110000000
3.28538700000000
3.27301790000000
3.26048800000000
3.24167990000000
3.25661300000000
3.25803400000000
3.28446600000000
3.29476900000000
3.29008390000000
3.30187110000000
3.30904600000000
3.29749490000000
3.29854390000000
3.31003900000000
3.29498790000000
3.30466600000000
3.30635190000000
3.30006600000000
3.32837390000000
3.34028410000000
3.32447700000000
3.34316900000000
3.34417390000000
3.35185600000000
3.37337590000000
3.38693310000000
3.37325190000000
3.37484600000000
3.40206690000000
3.39620710000000
3.44586800000000
3.44027900000000
3.46510510000000
3.48839000000000
3.48687700000000
3.48312810000000
3.56252000000000
3.56016800000000
3.62007590000000
3.66394810000000
3.70971390000000
3.74862410000000
3.78704000000000
3.77132010000000
3.82039090000000
3.81802200000000
3.84497400000000
3.85754300000000
3.93631600000000
3.84273000000000
3.86341690000000
3.79908490000000
3.80032110000000
3.80414890000000
3.82228900000000
3.76992300000000
3.78891990000000
3.79353900000000
3.78007600000000
3.78610110000000
3.75624900000000
3.78117110000000
3.73108910000000
3.77210500000000
3.76638010000000
3.77579310000000
3.77758000000000
3.75716710000000
3.76059790000000
3.75491810000000
3.78011800000000
3.77471490000000
3.70235490000000
3.71689390000000
3.79377290000000
3.69665410000000
3.74733400000000
3.73331500000000
3.68129710000000
3.74372790000000
3.67322610000000
3.67306090000000
3.71563510000000
3.72713090000000
3.75799110000000
3.74161290000000
3.70252110000000
3.69092890000000
3.72617010000000
3.68292900000000
3.70455410000000
3.69518900000000
3.66170410000000
3.72282290000000
3.65555100000000
3.72672010000000
3.77100990000000
3.72754790000000
3.71352410000000
3.73754600000000
3.72262690000000
3.66822600000000
3.79881000000000
3.75792600000000
3.67829610000000
3.71869710000000
3.67308000000000
3.70365690000000
3.71959090000000
3.73452900000000
3.70916390000000
3.68549300000000
3.72349500000000
3.67654200000000
3.71398000000000
3.70546390000000
3.66618200000000
3.75338600000000
3.72740700000000
3.72164510000000
3.66493300000000
3.64567400000000
3.68756010000000
3.70917300000000
3.68074200000000
3.69759990000000
3.66456390000000
3.70422600000000
3.64995910000000
3.62133910000000
3.64467600000000
3.60507800000000
3.56985500000000
3.61768010000000
3.56117200000000
3.54362200000000
3.56737090000000
3.55272700000000
3.55535410000000
3.54372690000000
3.58416800000000
3.56483010000000
3.54222010000000
3.54876800000000
3.50199790000000
3.48636200000000
3.51063200000000
3.47775790000000
3.46515700000000
3.47771000000000
3.47937700000000
3.50452800000000
3.48452810000000
3.48053910000000
3.47482300000000
3.44089010000000
3.46330900000000
3.41170100000000
3.39914610000000
3.44129710000000
3.41959600000000
3.41149710000000
3.41926100000000
3.43730500000000
3.38945010000000
3.40175100000000
3.42157410000000
3.38938810000000
3.38352890000000
3.38567900000000
3.39684700000000
3.39314790000000
3.37282710000000
3.36193990000000
3.36832900000000
3.37508510000000
3.32258510000000
3.35563990000000
3.33353210000000
3.34227990000000
3.36396690000000
3.34485890000000
3.32993600000000
3.34926800000000
3.32307200000000
3.32564090000000
3.34930490000000
3.33477210000000
3.33518000000000
3.33941200000000
3.34355210000000
3.33796000000000
3.34891100000000
3.36576700000000
3.40156700000000
3.35667710000000
3.36606190000000
3.36984400000000
3.37311700000000
3.38206910000000
3.40385100000000
3.35844710000000
3.37394310000000
3.36335610000000
3.38327600000000
3.38674900000000
3.38125610000000
3.38627600000000
3.38916210000000
3.37580390000000
3.38201500000000
3.36269500000000
3.37185600000000
3.39515400000000
3.35590410000000
3.33518000000000
3.40003900000000
3.41926410000000
3.40493110000000
3.44028000000000
3.38498000000000
3.45930290000000
3.42044400000000
3.43148900000000
3.41592000000000
3.44026090000000
3.47638890000000
3.46479610000000
3.42890600000000
3.48005290000000
3.49661590000000
3.46567610000000
3.53225400000000
3.48548100000000
3.50064400000000
3.53888010000000
3.58016110000000
3.49544690000000
3.51694990000000
3.55178900000000
3.56157900000000
3.53816200000000
3.57893800000000
3.55686090000000
3.55134110000000
3.58593110000000
3.56627200000000
3.60569310000000
3.59973310000000
3.67749310000000
3.55600810000000
3.63282800000000
3.58390000000000
3.67586800000000
3.58118610000000
3.59124990000000
3.60160800000000
3.59452300000000
3.64112090000000
3.57244210000000
3.66317010000000
3.60722090000000
3.77951100000000
3.65780210000000
3.61292790000000
3.58157710000000
3.58523890000000
3.63656710000000
3.61897490000000