spectre
GradoAlcoholico	4.23000000000000
skip
0.809228000000000
0.839166000000000
0.857076000000000
0.874258000000000
0.884267000000000
0.898585000000000
0.904815000000000
0.905194000000000
0.903488000000000
0.902187000000000
0.899225000000000
0.893380000000000
0.882462000000000
0.875320000000000
0.865739000000000
0.853125000000000
0.840778000000000
0.830055000000000
0.817369000000000
0.804230000000000
0.790352000000000
0.777018000000000
0.763231000000000
0.750083000000000
0.733978000000000
0.722110000000000
0.707663000000000
0.693281000000000
0.680030000000000
0.666330000000000
0.653132000000000
0.639576000000000
0.626289000000000
0.613706000000000
0.600923000000000
0.588716000000000
0.575434000000000
0.563871000000000
0.551377000000000
0.539194000000000
0.528098000000000
0.515575000000000
0.504534000000000
0.492899000000000
0.482898000000000
0.470749000000000
0.460055000000000
0.448894000000000
0.438223000000000
0.427292000000000
0.417991000000000
0.407662000000000
0.397825000000000
0.388590000000000
0.379647000000000
0.369996000000000
0.361472000000000
0.352980000000000
0.343460000000000
0.334999000000000
0.327085000000000
0.318177000000000
0.311001000000000
0.302677000000000
0.295375000000000
0.288090000000000
0.281619000000000
0.275130000000000
0.269310000000000
0.263072000000000
0.257604000000000
0.252439000000000
0.247323000000000
0.242462000000000
0.238058000000000
0.233711000000000
0.228661000000000
0.224465000000000
0.219990000000000
0.215537000000000
0.212021000000000
0.207531000000000
0.203484000000000
0.199514000000000
0.195994000000000
0.192296000000000
0.188522000000000
0.184822000000000
0.181488000000000
0.177661000000000
0.174424000000000
0.171406000000000
0.167842000000000
0.164863000000000
0.161645000000000
0.158806000000000
0.155631000000000
0.153234000000000
0.150108000000000
0.147398000000000
0.144711000000000
0.142053000000000
0.139382000000000
0.136779000000000
0.134311000000000
0.132115000000000
0.129750000000000
0.127252000000000
0.125026000000000
0.122757000000000
0.120696000000000
0.118542000000000
0.116549000000000
0.114485000000000
0.112698000000000
0.110675000000000
0.108990000000000
0.107095000000000
0.105363000000000
0.103562000000000
0.101888000000000
0.100196000000000
0.0987830010000000
0.0971819980000000
0.0955709960000000
0.0943209980000000
0.0929289980000000
0.0914840030000000
0.0903899970000000
0.0890289990000000
0.0878629980000000
0.0866980030000000
0.0855349970000000
0.0844530020000000
0.0834100020000000
0.0823550000000000
0.0812679980000000
0.0803899990000000
0.0793439970000000
0.0785500030000000
0.0776799990000000
0.0768060010000000
0.0758700000000000
0.0750330020000000
0.0742100030000000
0.0732970010000000
0.0722760040000000
0.0712440010000000
0.0705190000000000
0.0696289990000000
0.0689600040000000
0.0684880020000000
0.0681779980000000
0.0681390020000000
0.0682360010000000
0.0685160010000000
0.0690080000000000
0.0696979980000000
0.0706309970000000
0.0717049990000000
0.0730800030000000
0.0744939970000000
0.0759460030000000
0.0774749960000000
0.0786900000000000
0.0798100010000000
0.0807769970000000
0.0814929980000000
0.0819810030000000
0.0822559970000000
0.0822680000000000
0.0819889980000000
0.0818739980000000
0.0819469990000000
0.0817729980000000
0.0813499990000000
0.0808819980000000
0.0804369970000000
0.0800400000000000
0.0796599980000000
0.0791070010000000
0.0785159990000000
0.0779180010000000
0.0772499960000000
0.0765969980000000
0.0758529980000000
0.0750610010000000
0.0743400010000000
0.0735170020000000
0.0726940040000000
0.0719069990000000
0.0710219960000000
0.0701830010000000
0.0693959970000000
0.0685610030000000
0.0677499990000000
0.0670259970000000
0.0662780030000000
0.0656149980000000
0.0650020020000000
0.0644500030000000
0.0640190020000000
0.0636880030000000
0.0634329990000000
0.0633049980000000
0.0633040000000000
0.0634920000000000
0.0638580020000000
0.0645150020000000
0.0653679970000000
0.0664760020000000
0.0679539960000000
0.0694890020000000
0.0712750030000000
0.0732500030000000
0.0750710000000000
0.0769409980000000
0.0787099970000000
0.0801969990000000
0.0815529970000000
0.0826400000000000
0.0834679980000000
0.0842680040000000
0.0848860000000000
0.0854619960000000
0.0859960020000000
0.0865399990000000
0.0870700030000000
0.0876339970000000
0.0881579970000000
0.0887700020000000
0.0894090010000000
0.0900409970000000
0.0907989960000000
0.0916379990000000
0.0924820010000000
0.0935489980000000
0.0946189980000000
0.0957430010000000
0.0970650020000000
0.0983380000000000
0.0996790010000000
0.101115000000000
0.102469000000000
0.103924000000000
0.105409000000000
0.106839000000000
0.108416000000000
0.110041000000000
0.111633000000000
0.113551000000000
0.115510000000000
0.117606000000000
0.120093000000000
0.122747000000000
0.125953000000000
0.129706000000000
0.133818000000000
0.138956000000000
0.145026000000000
0.151626000000000
0.160098000000000
0.169250000000000
0.179375000000000
0.191722000000000
0.204342000000000
0.218664000000000
0.234883000000000
0.251418000000000
0.270594000000000
0.291830000000000
0.313796000000000
0.340263000000000
0.368324000000000
0.397350000000000
0.431395000000000
0.463923000000000
0.496127000000000
0.528392000000000
0.554953000000000
0.578399000000000
0.597514000000000
0.610722000000000
0.621333000000000
0.628189000000000
0.632682000000000
0.635507000000000
0.636580000000000
0.636002000000000
0.633810000000000
0.630314000000000
0.625144000000000
0.618482000000000
0.611048000000000
0.601986000000000
0.592013000000000
0.581806000000000
0.569798000000000
0.557858000000000
0.545597000000000
0.531877000000000
0.518817000000000
0.505077000000000
0.490544000000000
0.476940000000000
0.462282000000000
0.447734000000000
0.434008000000000
0.419089000000000
0.405090000000000
0.391632000000000
0.377362000000000
0.364399000000000
0.351581000000000
0.338625000000000
0.327165000000000
0.315388000000000
0.304338000000000
0.294405000000000
0.284166000000000
0.275059000000000
0.266711000000000
0.258341000000000
0.251173000000000
0.244506000000000
0.238120000000000
0.232899000000000
0.227880000000000
0.223620000000000
0.220100000000000
0.216971000000000
0.214486000000000
0.212558000000000
0.211076000000000
0.210279000000000
0.210048000000000
0.210386000000000
0.211290000000000
0.212847000000000
0.214925000000000
0.217393000000000
0.220801000000000
0.224466000000000
0.228682000000000
0.233660000000000
0.238783000000000
0.244528000000000
0.250802000000000
0.256997000000000
0.263982000000000
0.245288000000000
0.251593000000000
0.258437000000000
0.265449000000000
0.272342000000000
0.280249000000000
0.288323000000000
0.297118000000000
0.307861000000000
0.319456000000000
0.333941000000000
0.351723000000000
0.372247000000000
0.398763000000000
0.430673000000000
0.466679000000000
0.513893000000000
0.564702000000000
0.623314000000000
0.691460000000000
0.760268000000000
0.837117000000000
0.916401000000000
0.992375000000000
1.07429800000000
1.14916800000000
1.21550700000000
1.27559800000000
1.32166400000000
1.35941400000000
1.39059810000000
1.41298500000000
1.43260300000000
1.44714800000000
1.45920300000000
1.47011300000000
1.47944300000000
1.48818400000000
1.49725200000000
1.50534000000000
1.51402800000000
1.52204700000000
1.53039000000000
1.53796800000000
1.54452200000000
1.55000600000000
1.55432400000000
1.55681800000000
1.55781600000000
1.55706600000000
1.55462900000000
1.55065200000000
1.54566710000000
1.54024300000000
1.53335090000000
1.52642800000000
1.51905890000000
1.51097700000000
1.50352500000000
1.49507800000000
1.48680400000000
1.47851900000000
1.46962700000000
1.46102090000000
1.45213600000000
1.44304300000000
1.43461200000000
1.42522600000000
1.41627900000000
1.40794000000000
1.39856400000000
1.39042900000000
1.38208700000000
1.37386800000000
1.36661200000000
1.35954700000000
1.35335100000000
1.34794290000000
1.34312500000000
1.33940490000000
1.33701000000000
1.33531110000000
1.33523300000000
1.33662300000000
1.33933400000000
1.34353490000000
1.34998000000000
1.35762000000000
1.36729800000000
1.37968100000000
1.39274800000000
1.40895000000000
1.42729200000000
1.44678500000000
1.47068700000000
1.49550700000000
1.52279700000000
1.55443600000000
1.58643400000000
1.62287200000000
1.66264000000000
1.70245500000000
1.75014700000000
1.79791100000000
1.84922100000000
1.90676900000000
1.96313700000000
2.02697300000000
2.09252810000000
2.15696100000000
2.22851710000000
2.30099300000000
2.36908700000000
2.44346500000000
2.50578810000000
2.57683110000000
2.63948990000000
2.69251300000000
2.74547700000000
2.79386400000000
2.83646610000000
2.86815090000000
2.89852310000000
2.91958000000000
2.94552300000000
2.96475600000000
2.98209810000000
2.99673200000000
3.01879100000000
3.03015400000000
3.04315590000000
3.05031110000000
3.06468110000000
3.07817510000000
3.08486700000000
3.11006310000000
3.11751100000000
3.11963700000000
3.13433500000000
3.14118600000000
3.14604900000000
3.15778990000000
3.15951610000000
3.16803000000000
3.17117690000000
3.18349100000000
3.18109200000000
3.19602800000000
3.19133090000000
3.19999000000000
3.20404290000000
3.21400590000000
3.21388510000000
3.21978000000000
3.22227690000000
3.22620700000000
3.23483900000000
3.23197010000000
3.23636010000000
3.24940490000000
3.24079800000000
3.25596590000000
3.24267010000000
3.25867890000000
3.25257800000000
3.26050210000000
3.26499800000000
3.26304410000000
3.28608390000000
3.27431200000000
3.27666710000000
3.28159590000000
3.29330710000000
3.28683900000000
3.29906110000000
3.30236510000000
3.31290790000000
3.31121900000000
3.30164500000000
3.31595610000000
3.31770300000000
3.33618500000000
3.32137300000000
3.33199600000000
3.33428410000000
3.34507610000000
3.33402400000000
3.35306500000000
3.34563990000000
3.35199690000000
3.35723400000000
3.34886290000000
3.35524390000000
3.33932900000000
3.35460310000000
3.34526900000000
3.31296710000000
3.33363600000000
3.33455900000000
3.32035210000000
3.32379510000000
3.32127090000000
3.31734300000000
3.30943110000000
3.30713890000000
3.31723400000000
3.30070400000000
3.33100100000000
3.33178210000000
3.34172390000000
3.31721500000000
3.32172490000000
3.35543390000000
3.38586900000000
3.35912390000000
3.37638310000000
3.38495900000000
3.38651800000000
3.40037390000000
3.40330200000000
3.42424990000000
3.42213890000000
3.44326900000000
3.44312310000000
3.43239400000000
3.47543600000000
3.44714900000000
3.44329090000000
3.49047990000000
3.47039700000000
3.46531390000000
3.46378990000000
3.47103810000000
3.48486500000000
3.44134810000000
3.48426890000000
3.47173190000000
3.46913290000000
3.49286790000000
3.46203400000000
3.48194910000000
3.49696990000000
3.46870210000000
3.48582600000000
3.45193000000000
3.48007700000000
3.49752900000000
3.48847010000000
3.48939700000000
3.47721100000000
3.48605990000000
3.48274590000000
3.50121810000000
3.50651100000000
3.49335790000000
3.48910000000000
3.53410910000000
3.52522110000000
3.51896910000000
3.53526310000000
3.52610110000000
3.51907990000000
3.53971600000000
3.54621410000000
3.53330590000000
3.54240300000000
3.55950090000000
3.54980900000000
3.57227400000000
3.56114510000000
3.54788800000000
3.58706900000000
3.56445600000000
3.54586290000000
3.56676600000000
3.57194810000000
3.58944800000000
3.57357310000000
3.56151010000000
3.55644200000000
3.55989600000000
3.53676700000000
3.54064610000000
3.53654000000000
3.54585600000000
3.54466610000000
3.53999810000000
3.53328700000000
3.49411390000000
3.50507500000000
3.49649000000000
3.48015090000000
3.47811510000000
3.45780110000000
3.45489190000000
3.45751600000000
3.43462300000000
3.41316700000000
3.41970490000000
3.41011600000000
3.37944600000000
3.40090390000000
3.36656900000000
3.38118100000000
3.36988090000000
3.31899090000000
3.32271190000000
3.28652600000000
3.26331310000000
3.26081490000000
3.25677800000000
3.25724790000000
3.27740600000000
3.28447390000000
3.26469590000000
3.28502990000000
3.30139590000000
3.30258200000000
3.30862190000000
3.29667810000000
3.29651810000000
3.30677600000000
3.29857990000000
3.31464290000000
3.31654100000000
3.31008100000000
3.34396000000000
3.34386110000000
3.36438800000000
3.35090300000000
3.37783190000000
3.37865590000000
3.38160300000000
3.37479710000000
3.39424110000000
3.42842200000000
3.38072900000000
3.41161990000000
3.45152900000000
3.45885490000000
3.48672200000000
3.51349810000000
3.52866410000000
3.56775090000000
3.58953190000000
3.61109400000000
3.62714600000000
3.70097400000000
3.72621990000000
3.75868700000000
3.80810500000000
3.76937700000000
3.89154600000000
3.79860710000000
3.81542900000000
3.90874200000000
3.82976390000000
3.81301310000000
3.79795190000000
3.80636500000000
3.82834510000000
3.76244210000000
3.80524110000000
3.77994490000000
3.79826310000000
3.75129200000000
3.74888210000000
3.71148710000000
3.74593710000000
3.80595110000000
3.73414990000000
3.74519400000000
3.74606990000000
3.76122310000000
3.74412700000000
3.73505810000000
3.73079200000000
3.74259400000000
3.74378400000000
3.76017500000000
3.75715710000000
3.74629310000000
3.77640300000000
3.67103000000000
3.73412990000000
3.72205500000000
3.66785690000000
3.69773600000000
3.71983500000000
3.70564200000000
3.71197890000000
3.72085690000000
3.70175600000000
3.71330090000000
3.72270110000000
3.68257400000000
3.68772010000000
3.72905400000000
3.75515390000000
3.66698910000000
3.70265790000000
3.71044400000000
3.71759890000000
3.69393990000000
3.69938990000000
3.70022200000000
3.71237800000000
3.77170110000000
3.72976710000000
3.70774700000000
3.71250100000000
3.73659110000000
3.74540500000000
3.71920300000000
3.70564200000000
3.68665600000000
3.71121910000000
3.76614400000000
3.64369890000000
3.73877500000000
3.73833700000000
3.67592910000000
3.71460200000000
3.72630600000000
3.73097110000000
3.66210890000000
3.71347000000000
3.69971300000000
3.69427490000000
3.65049410000000
3.69907690000000
3.71556710000000
3.67847390000000
3.63000700000000
3.68862700000000
3.65953590000000
3.64144110000000
3.64589810000000
3.60957690000000
3.62928510000000
3.56602910000000
3.62588190000000
3.60908510000000
3.56644610000000
3.55808000000000
3.59433290000000
3.53038600000000
3.56387710000000
3.55204510000000
3.57099200000000
3.53230500000000
3.49156690000000
3.51570510000000
3.46664190000000
3.51479700000000
3.48223300000000
3.47469400000000
3.50910310000000
3.47059110000000
3.48860100000000
3.48920390000000
3.44637200000000
3.46465900000000
3.45362000000000
3.45792700000000
3.47795200000000
3.44788190000000
3.45852590000000
3.44214510000000
3.39700010000000
3.42731500000000
3.39879700000000
3.40142990000000
3.41102000000000
3.41737390000000
3.41622300000000
3.40690490000000
3.37717510000000
3.39548490000000
3.37844990000000
3.36125990000000
3.38338590000000
3.35593390000000
3.34828900000000
3.35000710000000
3.35173010000000
3.33837200000000
3.33237790000000
3.33818790000000
3.33090710000000
3.36375310000000
3.34045200000000
3.29308800000000
3.35273500000000
3.35263990000000
3.37441110000000
3.33399510000000
3.36659790000000
3.33139610000000
3.35522600000000
3.35776090000000
3.35817690000000
3.33602000000000
3.35309700000000
3.37882300000000
3.36128500000000
3.40678810000000
3.41224790000000
3.40272310000000
3.35300590000000
3.31688090000000
3.35483910000000
3.35179500000000
3.38047190000000
3.36692910000000
3.37482090000000
3.36248900000000
3.38705610000000
3.37311700000000
3.37230400000000
3.37988000000000
3.37488390000000
3.37415410000000
3.37676810000000
3.39518500000000
3.38961010000000
3.40089300000000
3.41849590000000
3.43755010000000
3.39928200000000
3.44022390000000
3.44139000000000
3.47586200000000
3.44790700000000
3.45492600000000
3.47979400000000
3.48536210000000
3.49005010000000
3.45368910000000
3.48009300000000
3.47545910000000
3.50008300000000
3.47447610000000
3.53826810000000
3.56193710000000
3.51035900000000
3.57315800000000
3.52259110000000
3.58470700000000
3.55942010000000
3.57308790000000
3.53604600000000
3.52463290000000
3.56791710000000
3.56544590000000
3.56833600000000
3.60200190000000
3.60871100000000
3.60095500000000
3.60380410000000
3.61092810000000
3.60911390000000
3.59949590000000
3.60510800000000
3.60909390000000
3.61629200000000
3.67989490000000
3.65455700000000
3.65398310000000
3.71420910000000
3.66964200000000
3.62552090000000
3.64715190000000
3.57358500000000
3.62308790000000
3.67977500000000