spectre
GradoAlcoholico	10.3500004000000
skip
1.04363890000000
1.07936600000000
1.11504810000000
1.14784400000000
1.18860200000000
1.22119400000000
1.25455500000000
1.28566900000000
1.30223890000000
1.32689400000000
1.34614900000000
1.37165400000000
1.38474800000000
1.40461100000000
1.42690500000000
1.43866000000000
1.45525300000000
1.46936600000000
1.47314100000000
1.48453000000000
1.49535410000000
1.50269400000000
1.50921000000000
1.51069500000000
1.51531800000000
1.52087000000000
1.51834500000000
1.52257800000000
1.52527000000000
1.52184500000000
1.53023100000000
1.52833700000000
1.52423000000000
1.51571300000000
1.51954900000000
1.51482300000000
1.50795600000000
1.50683100000000
1.50083100000000
1.49604700000000
1.49042590000000
1.48543200000000
1.47916810000000
1.47333000000000
1.47137900000000
1.47000900000000
1.46545990000000
1.45679800000000
1.45363300000000
1.45087700000000
1.43862100000000
1.43259200000000
1.43120690000000
1.41855800000000
1.41133400000000
1.39700000000000
1.38152900000000
1.37554100000000
1.36078890000000
1.34609000000000
1.33411100000000
1.32905700000000
1.31860010000000
1.31152700000000
1.30074100000000
1.29492290000000
1.28635800000000
1.27885700000000
1.26918200000000
1.25587800000000
1.23855400000000
1.22910000000000
1.21636100000000
1.19907900000000
1.18576900000000
1.16855200000000
1.14895200000000
1.13026700000000
1.11008100000000
1.08923300000000
1.07057200000000
1.04948600000000
1.03023900000000
1.00916190000000
0.986572000000000
0.966673000000000
0.946175000000000
0.925818000000000
0.906389000000000
0.885187000000000
0.864779000000000
0.845306000000000
0.825783000000000
0.807878000000000
0.790231000000000
0.771839000000000
0.754895000000000
0.738216000000000
0.720937000000000
0.705282000000000
0.689864000000000
0.673845000000000
0.659198000000000
0.645145000000000
0.630796000000000
0.617554000000000
0.603742000000000
0.591058000000000
0.578750000000000
0.566076000000000
0.554179000000000
0.543607000000000
0.531273000000000
0.520308000000000
0.509715000000000
0.498570000000000
0.488704000000000
0.478986000000000
0.468522000000000
0.459597000000000
0.450423000000000
0.440966000000000
0.432639000000000
0.424226000000000
0.415660000000000
0.407946000000000
0.399678000000000
0.391884000000000
0.384840000000000
0.377035000000000
0.369834000000000
0.362953000000000
0.355641000000000
0.348877000000000
0.342202000000000
0.335379000000000
0.329025000000000
0.322593000000000
0.316205000000000
0.310262000000000
0.304172000000000
0.298177000000000
0.292827000000000
0.286879000000000
0.281275000000000
0.275724000000000
0.269882000000000
0.264198000000000
0.258871000000000
0.253177000000000
0.248152000000000
0.243396000000000
0.238766000000000
0.234810000000000
0.230960000000000
0.227482000000000
0.224468000000000
0.221556000000000
0.219006000000000
0.216919000000000
0.214987000000000
0.213366000000000
0.211950000000000
0.210462000000000
0.208946000000000
0.207427000000000
0.205687000000000
0.203966000000000
0.201962000000000
0.199629000000000
0.197202000000000
0.194262000000000
0.191237000000000
0.188599000000000
0.185788000000000
0.183046000000000
0.180502000000000
0.177881000000000
0.175458000000000
0.173115000000000
0.170459000000000
0.167981000000000
0.165538000000000
0.162938000000000
0.160512000000000
0.158015000000000
0.155476000000000
0.153109000000000
0.150625000000000
0.148163000000000
0.145871000000000
0.143422000000000
0.141054000000000
0.138870000000000
0.136489000000000
0.134311000000000
0.132238000000000
0.130099000000000
0.128184000000000
0.126283000000000
0.124405000000000
0.122801000000000
0.121157000000000
0.119689000000000
0.118427000000000
0.117216000000000
0.116255000000000
0.115503000000000
0.114957000000000
0.114724000000000
0.114727000000000
0.115038000000000
0.115590000000000
0.116245000000000
0.117078000000000
0.117907000000000
0.118735000000000
0.119490000000000
0.120030000000000
0.120469000000000
0.120624000000000
0.120668000000000
0.120597000000000
0.120460000000000
0.120293000000000
0.120065000000000
0.119906000000000
0.119762000000000
0.119646000000000
0.119589000000000
0.119563000000000
0.119623000000000
0.119734000000000
0.119918000000000
0.120230000000000
0.120582000000000
0.121123000000000
0.121713000000000
0.122408000000000
0.123262000000000
0.124146000000000
0.125119000000000
0.126235000000000
0.127325000000000
0.128581000000000
0.129877000000000
0.131187000000000
0.132667000000000
0.134163000000000
0.135602000000000
0.137256000000000
0.138844000000000
0.140479000000000
0.142315000000000
0.144258000000000
0.146585000000000
0.149424000000000
0.152720000000000
0.156957000000000
0.162075000000000
0.167791000000000
0.175241000000000
0.183409000000000
0.192555000000000
0.203765000000000
0.215277000000000
0.228368000000000
0.243375000000000
0.258673000000000
0.276463000000000
0.296292000000000
0.316883000000000
0.341768000000000
0.368193000000000
0.395598000000000
0.427703000000000
0.458335000000000
0.488635000000000
0.518991000000000
0.543888000000000
0.565970000000000
0.584045000000000
0.596630000000000
0.606918000000000
0.613754000000000
0.618437000000000
0.621555000000000
0.623026000000000
0.622991000000000
0.621452000000000
0.618612000000000
0.614236000000000
0.608486000000000
0.601876000000000
0.593757000000000
0.584736000000000
0.575419000000000
0.564424000000000
0.553345000000000
0.542015000000000
0.529215000000000
0.516942000000000
0.503955000000000
0.490212000000000
0.477280000000000
0.463238000000000
0.449248000000000
0.435982000000000
0.421493000000000
0.407842000000000
0.394652000000000
0.380680000000000
0.367980000000000
0.355357000000000
0.342616000000000
0.331354000000000
0.319774000000000
0.308851000000000
0.299082000000000
0.288989000000000
0.279991000000000
0.271747000000000
0.263463000000000
0.256325000000000
0.249633000000000
0.243292000000000
0.238008000000000
0.232923000000000
0.228560000000000
0.224961000000000
0.221737000000000
0.219092000000000
0.216996000000000
0.215446000000000
0.214435000000000
0.214059000000000
0.214211000000000
0.214930000000000
0.216199000000000
0.218056000000000
0.220328000000000
0.223392000000000
0.226788000000000
0.230655000000000
0.235332000000000
0.240121000000000
0.245622000000000
0.251551000000000
0.257408000000000
0.264068000000000
0.243324000000000
0.249316000000000
0.255815000000000
0.262484000000000
0.269021000000000
0.276524000000000
0.284242000000000
0.292618000000000
0.302930000000000
0.314110000000000
0.328084000000000
0.345376000000000
0.365348000000000
0.391222000000000
0.422464000000000
0.457867000000000
0.504157000000000
0.553881000000000
0.611197000000000
0.677726000000000
0.744467000000000
0.818836000000000
0.895177000000000
0.968132000000000
1.04653500000000
1.11823900000000
1.18237400000000
1.24117900000000
1.28706900000000
1.32568600000000
1.35837600000000
1.38307600000000
1.40547500000000
1.42350300000000
1.43860700000000
1.45363610000000
1.46681400000000
1.47980500000000
1.49306300000000
1.50433300000000
1.51541300000000
1.52513690000000
1.53302600000000
1.53964700000000
1.54451390000000
1.54782400000000
1.55015500000000
1.55108400000000
1.55057390000000
1.54880400000000
1.54518290000000
1.54035600000000
1.53439300000000
1.52763900000000
1.51970200000000
1.51170100000000
1.50296200000000
1.49376600000000
1.48498300000000
1.47533800000000
1.46610500000000
1.45689090000000
1.44691300000000
1.43771000000000
1.42823900000000
1.41853200000000
1.40948900000000
1.39974000000000
1.39065800000000
1.38172300000000
1.37238600000000
1.36376090000000
1.35546200000000
1.34689800000000
1.33964900000000
1.33227400000000
1.32565300000000
1.31994700000000
1.31469800000000
1.31053810000000
1.30754200000000
1.30543490000000
1.30462300000000
1.30519500000000
1.30707200000000
1.31018810000000
1.31570300000000
1.32223200000000
1.33080300000000
1.34176190000000
1.35382800000000
1.36853000000000
1.38546200000000
1.40336100000000
1.42591200000000
1.44890400000000
1.47500100000000
1.50466000000000
1.53493700000000
1.56986400000000
1.60749300000000
1.64584100000000
1.69152700000000
1.73737500000000
1.78720000000000
1.84235100000000
1.89786700000000
1.95992200000000
2.02387090000000
2.08784600000000
2.15989210000000
2.22884010000000
2.30032900000000
2.37328290000000
2.44250800000000
2.51259300000000
2.57803510000000
2.63727090000000
2.69759890000000
2.74660110000000
2.79099200000000
2.83289100000000
2.86276200000000
2.89177890000000
2.92121200000000
2.93560190000000
2.95985200000000
2.97969010000000
2.98972510000000
3.01091500000000
3.03014710000000
3.04254600000000
3.05770490000000
3.06810090000000
3.07814190000000
3.09370400000000
3.10515900000000
3.11584500000000
3.12935710000000
3.12853190000000
3.15070100000000
3.13125800000000
3.14911200000000
3.16062500000000
3.15870590000000
3.17272900000000
3.16805700000000
3.18426390000000
3.18108890000000
3.18830300000000
3.18878100000000
3.19879700000000
3.20250110000000
3.20637610000000
3.20995500000000
3.21831390000000
3.22464300000000
3.22426010000000
3.22206000000000
3.23841190000000
3.24864510000000
3.23812200000000
3.25274900000000
3.24200200000000
3.24994490000000
3.25981690000000
3.26160500000000
3.26149890000000
3.26131700000000
3.26680800000000
3.26647210000000
3.27299590000000
3.27792810000000
3.27669410000000
3.29287700000000
3.28387900000000
3.28381300000000
3.29571200000000
3.29765200000000
3.30256890000000
3.30420490000000
3.31305910000000
3.32611890000000
3.31515910000000
3.32600810000000
3.33564400000000
3.32581710000000
3.33819890000000
3.33876800000000
3.34702490000000
3.34748200000000
3.34553000000000
3.35126400000000
3.35735390000000
3.32735800000000
3.33120890000000
3.32045200000000
3.33006000000000
3.32366800000000
3.31006000000000
3.30345610000000
3.28503890000000
3.28933410000000
3.29995610000000
3.30316090000000
3.30376100000000
3.30069300000000
3.29927490000000
3.31533910000000
3.30062290000000
3.32843800000000
3.33085700000000
3.34602400000000
3.35271690000000
3.35194610000000
3.37585500000000
3.36630800000000
3.39190700000000
3.37718890000000
3.39390400000000
3.41174600000000
3.41709590000000
3.44415090000000
3.41466190000000
3.40073390000000
3.44192600000000
3.44632510000000
3.44983200000000
3.46873810000000
3.46891000000000
3.43849490000000
3.45120810000000
3.45816590000000
3.45787500000000
3.46593810000000
3.46972300000000
3.46417310000000
3.48085690000000
3.47233200000000
3.45486400000000
3.42792610000000
3.48005600000000
3.45573400000000
3.46319390000000
3.46444390000000
3.46055390000000
3.47253700000000
3.46745610000000
3.46883800000000
3.46288990000000
3.48675390000000
3.47612310000000
3.48667000000000
3.47686910000000
3.50199290000000
3.49895100000000
3.49671290000000
3.50627990000000
3.52191900000000
3.48284510000000
3.51297590000000
3.51597400000000
3.52709290000000
3.55658790000000
3.53273610000000
3.53321290000000
3.56402900000000
3.54906510000000
3.54457310000000
3.55528690000000
3.53807000000000
3.54385300000000
3.57011890000000
3.57154610000000
3.56085210000000
3.55853890000000
3.56260800000000
3.56056190000000
3.54625510000000
3.55856800000000
3.55213190000000
3.53730890000000
3.52932310000000
3.53076100000000
3.55012200000000
3.53038410000000
3.50764890000000
3.52249910000000
3.52502200000000
3.48383090000000
3.47096200000000
3.46307210000000
3.45376610000000
3.45458200000000
3.44213200000000
3.43636800000000
3.40150690000000
3.42621210000000
3.40300200000000
3.40814210000000
3.40999510000000
3.37568310000000
3.36907600000000
3.35269400000000
3.34499500000000
3.33120890000000
3.30749890000000
3.27578090000000
3.25653200000000
3.24538800000000
3.24571800000000
3.25342610000000
3.25226310000000
3.27437810000000
3.28555700000000
3.28183890000000
3.29629990000000
3.28361610000000
3.30713890000000
3.31076190000000
3.31625600000000
3.29068400000000
3.28588700000000
3.31028100000000
3.29923110000000
3.32142810000000
3.33169290000000
3.33309510000000
3.36219410000000
3.36317400000000
3.37514310000000
3.37319800000000
3.37672710000000
3.39987400000000
3.38261700000000
3.38724800000000
3.40802410000000
3.42565990000000
3.45075800000000
3.45884700000000
3.47478890000000
3.48366090000000
3.51439400000000
3.55280400000000
3.54807710000000
3.63992000000000
3.62618900000000
3.72573490000000
3.69604400000000
3.79860210000000
3.80099300000000
3.85953810000000
3.83871200000000
3.82330990000000
3.87337400000000
3.79604600000000
3.79894800000000
3.79528400000000
3.87527700000000
3.85842610000000
3.81636500000000
3.82059600000000
3.77770710000000
3.78041290000000
3.74343110000000
3.78042200000000
3.71213290000000
3.77997400000000
3.75055600000000
3.77568890000000
3.78139500000000
3.75416400000000
3.71763400000000
3.74495700000000
3.77443910000000
3.68634200000000
3.72958590000000
3.79667590000000
3.81319500000000
3.70877910000000
3.79807400000000
3.75345900000000
3.72202610000000
3.76651000000000
3.70025710000000
3.73967500000000
3.71805310000000
3.71916600000000
3.71206500000000
3.71690200000000
3.67294500000000
3.67787790000000
3.68950800000000
3.69658400000000
3.72453310000000
3.67295500000000
3.70938610000000
3.69690610000000
3.69911500000000
3.71496510000000
3.68707800000000
3.67740800000000
3.68222190000000
3.70641710000000
3.71977090000000
3.71764300000000
3.73906490000000
3.76851300000000
3.69359800000000
3.70804600000000
3.69642090000000
3.68394710000000
3.72113700000000
3.70088700000000
3.71689890000000
3.67617300000000
3.75661610000000
3.76135710000000
3.72176190000000
3.68808890000000
3.67529990000000
3.71182700000000
3.67763300000000
3.68304400000000
3.63992000000000
3.65502190000000
3.70116000000000
3.65510110000000
3.74650310000000
3.73298690000000
3.65937210000000
3.70552990000000
3.66266300000000
3.64472510000000
3.65215400000000
3.68262200000000
3.64283200000000
3.64317890000000
3.63066200000000
3.58431290000000
3.58702990000000
3.57156400000000
3.57786200000000
3.55586600000000
3.55854700000000
3.60564090000000
3.54431010000000
3.50787400000000
3.51581910000000
3.54085300000000
3.50658200000000
3.48508600000000
3.50454090000000
3.49822400000000
3.48527910000000
3.45611810000000
3.47092510000000
3.46338890000000
3.47418310000000
3.51042100000000
3.50176810000000
3.47048000000000
3.44076110000000
3.45499210000000
3.42838310000000
3.45760490000000
3.44406010000000
3.43441610000000
3.41284990000000
3.40545890000000
3.39543600000000
3.39837790000000
3.38129310000000
3.39862200000000
3.40171290000000
3.37876700000000
3.40292190000000
3.38810300000000
3.40500400000000
3.37418010000000
3.37222100000000
3.39300490000000
3.35806990000000
3.34989090000000
3.35144810000000
3.35425000000000
3.35491300000000
3.37546990000000
3.36771110000000
3.36492610000000
3.36142610000000
3.33436700000000
3.36121610000000
3.35777710000000
3.34945010000000
3.35859700000000
3.37430410000000
3.37526990000000
3.33775210000000
3.34207300000000
3.35204510000000
3.35248210000000
3.37645290000000
3.38311000000000
3.36859610000000
3.37491010000000
3.39856200000000
3.34904290000000
3.38086100000000
3.36006000000000
3.39466190000000
3.37343690000000
3.37787010000000
3.39898800000000
3.39249300000000
3.40100190000000
3.34626390000000
3.38204190000000
3.40515900000000
3.38375900000000
3.38870000000000
3.38051610000000
3.39109990000000
3.38181710000000
3.39990900000000
3.41857410000000
3.38009690000000
3.43000700000000
3.41578600000000
3.47716900000000
3.39575910000000
3.44319700000000
3.53164790000000
3.44633010000000
3.41825390000000
3.46502210000000
3.49290610000000
3.50153400000000
3.46909000000000
3.49250890000000
3.47291990000000
3.48717000000000
3.49784710000000
3.50731400000000
3.55756690000000
3.49262810000000
3.52280210000000
3.54732490000000
3.54432800000000
3.53218600000000
3.57029290000000
3.55818700000000
3.61061310000000
3.58569690000000
3.59327410000000
3.60626290000000
3.57101610000000
3.55642600000000
3.59481910000000
3.63037400000000
3.56706090000000
3.55970410000000
3.56419800000000
3.60294290000000
3.56442690000000
3.61979290000000
3.61486100000000
3.66342810000000
3.58070800000000
3.65459110000000
3.61007400000000
3.63810610000000
3.60481410000000
3.62465410000000
3.58727910000000
3.57215500000000