spectre
GradoAlcoholico	10.8000002000000
skip
0.792496000000000
0.814549000000000
0.833885000000000
0.847997000000000
0.864529000000000
0.870216000000000
0.873279000000000
0.871895000000000
0.871312000000000
0.868919000000000
0.862884000000000
0.855787000000000
0.848526000000000
0.839068000000000
0.828586000000000
0.816916000000000
0.805237000000000
0.795832000000000
0.780717000000000
0.769086000000000
0.755398000000000
0.743197000000000
0.729608000000000
0.717384000000000
0.703451000000000
0.690636000000000
0.677796000000000
0.664362000000000
0.651391000000000
0.638668000000000
0.625622000000000
0.614251000000000
0.601596000000000
0.589763000000000
0.577783000000000
0.565461000000000
0.554302000000000
0.542682000000000
0.531022000000000
0.520522000000000
0.509264000000000
0.498918000000000
0.488420000000000
0.477684000000000
0.466165000000000
0.456770000000000
0.446238000000000
0.435181000000000
0.426254000000000
0.416156000000000
0.406624000000000
0.397683000000000
0.388677000000000
0.379912000000000
0.370916000000000
0.362318000000000
0.353961000000000
0.346395000000000
0.337895000000000
0.330328000000000
0.322262000000000
0.313555000000000
0.306993000000000
0.299506000000000
0.292991000000000
0.286049000000000
0.279897000000000
0.274107000000000
0.268492000000000
0.262905000000000
0.257816000000000
0.253020000000000
0.247952000000000
0.243529000000000
0.239082000000000
0.235047000000000
0.230483000000000
0.226616000000000
0.222283000000000
0.218254000000000
0.214278000000000
0.210174000000000
0.206616000000000
0.202742000000000
0.198672000000000
0.195154000000000
0.191935000000000
0.188171000000000
0.184998000000000
0.181254000000000
0.177901000000000
0.174629000000000
0.171263000000000
0.168282000000000
0.165017000000000
0.162146000000000
0.159132000000000
0.156284000000000
0.153277000000000
0.150699000000000
0.147880000000000
0.145052000000000
0.142354000000000
0.139836000000000
0.137366000000000
0.134904000000000
0.132395000000000
0.129965000000000
0.127794000000000
0.125304000000000
0.123279000000000
0.121134000000000
0.118935000000000
0.116962000000000
0.115139000000000
0.113060000000000
0.111171000000000
0.109450000000000
0.107559000000000
0.105893000000000
0.104152000000000
0.102316000000000
0.100930000000000
0.0993060020000000
0.0977659970000000
0.0963409990000000
0.0949940010000000
0.0935499970000000
0.0923760010000000
0.0910810010000000
0.0898559990000000
0.0886790010000000
0.0875139980000000
0.0864050020000000
0.0853839960000000
0.0843430010000000
0.0832879990000000
0.0823540020000000
0.0813080000000000
0.0804570020000000
0.0795359980000000
0.0786290020000000
0.0778430030000000
0.0769269990000000
0.0760549980000000
0.0752120020000000
0.0741579980000000
0.0731740000000000
0.0723290000000000
0.0714899970000000
0.0707250010000000
0.0702290010000000
0.0698359980000000
0.0697500040000000
0.0698060020000000
0.0700210030000000
0.0704580020000000
0.0710719970000000
0.0719500040000000
0.0729850010000000
0.0742779970000000
0.0756549980000000
0.0770120020000000
0.0784349960000000
0.0796390030000000
0.0806720030000000
0.0816100020000000
0.0822919980000000
0.0827110040000000
0.0829270040000000
0.0828709970000000
0.0825909970000000
0.0824640020000000
0.0825420020000000
0.0824230020000000
0.0820719970000000
0.0816480000000000
0.0812230040000000
0.0808380020000000
0.0804530010000000
0.0799100030000000
0.0793600010000000
0.0788050000000000
0.0781759990000000
0.0775289980000000
0.0768219980000000
0.0761020030000000
0.0754029970000000
0.0746230040000000
0.0738300010000000
0.0730739980000000
0.0722670030000000
0.0714749990000000
0.0707319970000000
0.0699200030000000
0.0691709970000000
0.0684740020000000
0.0677570030000000
0.0671340000000000
0.0665740000000000
0.0660530030000000
0.0656339970000000
0.0652929990000000
0.0650760010000000
0.0649359970000000
0.0649280030000000
0.0651030020000000
0.0654459970000000
0.0660120030000000
0.0668160020000000
0.0678379980000000
0.0692069980000000
0.0706489980000000
0.0723019990000000
0.0741079970000000
0.0758010000000000
0.0775780010000000
0.0792289970000000
0.0806130020000000
0.0819230010000000
0.0829439980000000
0.0837809970000000
0.0845509990000000
0.0852050040000000
0.0858170020000000
0.0863960010000000
0.0869399980000000
0.0875260010000000
0.0881699990000000
0.0887949990000000
0.0894669960000000
0.0902030020000000
0.0909300000000000
0.0917970020000000
0.0927359980000000
0.0937170010000000
0.0948949980000000
0.0960849970000000
0.0973550010000000
0.0988060010000000
0.100228000000000
0.101781000000000
0.103472000000000
0.105114000000000
0.106920000000000
0.108788000000000
0.110602000000000
0.112672000000000
0.114649000000000
0.116617000000000
0.118778000000000
0.120814000000000
0.122852000000000
0.125149000000000
0.127428000000000
0.130122000000000
0.133313000000000
0.136858000000000
0.141336000000000
0.146752000000000
0.152704000000000
0.160413000000000
0.168798000000000
0.178129000000000
0.189536000000000
0.201211000000000
0.214503000000000
0.229591000000000
0.244968000000000
0.262903000000000
0.282766000000000
0.303442000000000
0.328417000000000
0.354867000000000
0.382280000000000
0.414403000000000
0.445010000000000
0.475253000000000
0.505514000000000
0.530369000000000
0.552409000000000
0.570500000000000
0.583235000000000
0.593682000000000
0.600746000000000
0.605678000000000
0.609091000000000
0.610883000000000
0.611157000000000
0.609962000000000
0.607504000000000
0.603506000000000
0.598112000000000
0.591884000000000
0.584156000000000
0.575499000000000
0.566544000000000
0.555928000000000
0.545241000000000
0.534228000000000
0.521754000000000
0.509843000000000
0.497173000000000
0.483705000000000
0.471034000000000
0.457237000000000
0.443485000000000
0.430404000000000
0.416152000000000
0.402695000000000
0.389680000000000
0.375858000000000
0.363314000000000
0.350833000000000
0.338216000000000
0.327099000000000
0.315652000000000
0.304886000000000
0.295214000000000
0.285271000000000
0.276400000000000
0.268262000000000
0.260093000000000
0.253053000000000
0.246457000000000
0.240156000000000
0.234976000000000
0.229980000000000
0.225699000000000
0.222145000000000
0.218972000000000
0.216396000000000
0.214410000000000
0.212829000000000
0.211889000000000
0.211568000000000
0.211738000000000
0.212496000000000
0.213825000000000
0.215697000000000
0.217943000000000
0.221056000000000
0.224435000000000
0.228372000000000
0.232995000000000
0.237808000000000
0.243220000000000
0.249178000000000
0.255039000000000
0.261611000000000
0.240135000000000
0.246133000000000
0.252619000000000
0.259249000000000
0.265786000000000
0.273285000000000
0.280985000000000
0.289366000000000
0.299645000000000
0.310800000000000
0.324786000000000
0.342004000000000
0.362034000000000
0.387894000000000
0.419159000000000
0.454534000000000
0.500910000000000
0.550682000000000
0.607931000000000
0.674135000000000
0.740829000000000
0.814888000000000
0.890751000000000
0.963225000000000
1.04107110000000
1.11214200000000
1.17565100000000
1.23403200000000
1.27979700000000
1.31844600000000
1.35158100000000
1.37657900000000
1.39944700000000
1.41807100000000
1.43381090000000
1.44967900000000
1.46381400000000
1.47754500000000
1.49155400000000
1.50388600000000
1.51546600000000
1.52541010000000
1.53328800000000
1.53982100000000
1.54435210000000
1.54724000000000
1.54928700000000
1.55005000000000
1.54925100000000
1.54717200000000
1.54370400000000
1.53862800000000
1.53236790000000
1.52549000000000
1.51734500000000
1.50915500000000
1.50025000000000
1.49091600000000
1.48198700000000
1.47212300000000
1.46278000000000
1.45350100000000
1.44336900000000
1.43406200000000
1.42448790000000
1.41467910000000
1.40567990000000
1.39584200000000
1.38669800000000
1.37788110000000
1.36834800000000
1.35964000000000
1.35120400000000
1.34275310000000
1.33538900000000
1.32801800000000
1.32124400000000
1.31544400000000
1.31018200000000
1.30602000000000
1.30284700000000
1.30059500000000
1.29979210000000
1.30011300000000
1.30198600000000
1.30509310000000
1.31016300000000
1.31667700000000
1.32506100000000
1.33567090000000
1.34764900000000
1.36223300000000
1.37904100000000
1.39698000000000
1.41882300000000
1.44182400000000
1.46768110000000
1.49706900000000
1.52702200000000
1.56176100000000
1.59918590000000
1.63739100000000
1.68295900000000
1.72822800000000
1.77794300000000
1.83323400000000
1.88796000000000
1.94978000000000
2.01378890000000
2.07694290000000
2.14934800000000
2.21805190000000
2.29025700000000
2.36237600000000
2.43181990000000
2.50222800000000
2.56691690000000
2.62941910000000
2.68773200000000
2.73860000000000
2.78382710000000
2.82423000000000
2.85954500000000
2.88734600000000
2.91623090000000
2.93877790000000
2.95500800000000
2.97809910000000
2.99237800000000
3.00820090000000
3.02724290000000
3.04070590000000
3.05063700000000
3.07071210000000
3.08243200000000
3.09385400000000
3.10463400000000
3.11278800000000
3.12220810000000
3.12880300000000
3.12876700000000
3.14611410000000
3.14940690000000
3.15723110000000
3.16890000000000
3.17051510000000
3.17186500000000
3.18142290000000
3.18185210000000
3.18761400000000
3.19450900000000
3.20479110000000
3.20206090000000
3.20605300000000
3.21082900000000
3.21131710000000
3.21655200000000
3.22098490000000
3.22954200000000
3.23588400000000
3.23266100000000
3.23651700000000
3.23347810000000
3.25026890000000
3.24615100000000
3.25329800000000
3.25504090000000
3.26158600000000
3.25798390000000
3.27111290000000
3.26837400000000
3.27459500000000
3.27533100000000
3.28417900000000
3.28193310000000
3.28910590000000
3.29183790000000
3.29968690000000
3.30076910000000
3.31087800000000
3.30501200000000
3.31369900000000
3.31146910000000
3.30965400000000
3.33225200000000
3.32316210000000
3.33323790000000
3.32421090000000
3.33062600000000
3.34309700000000
3.34364700000000
3.33717990000000
3.34617810000000
3.33979800000000
3.31778310000000
3.33485700000000
3.32248400000000
3.32761190000000
3.31056590000000
3.30086990000000
3.30466010000000
3.30399200000000
3.28746290000000
3.29094510000000
3.28972700000000
3.31025600000000
3.28920790000000
3.30399300000000
3.31332210000000
3.30045890000000
3.31748800000000
3.31915090000000
3.32082700000000
3.33660410000000
3.35210390000000
3.36242100000000
3.37678600000000
3.37786100000000
3.39136600000000
3.37645410000000
3.39831710000000
3.39249490000000
3.42502400000000
3.41148500000000
3.42211200000000
3.42651510000000
3.45203590000000
3.42154600000000
3.46173810000000
3.45078210000000
3.46980500000000
3.46967510000000
3.45455690000000
3.46703290000000
3.44969200000000
3.45150900000000
3.45634390000000
3.46497200000000
3.46698900000000
3.45410110000000
3.46886400000000
3.44056010000000
3.45616700000000
3.48052310000000
3.47626400000000
3.46498890000000
3.47775410000000
3.47186710000000
3.47876500000000
3.48821710000000
3.48014690000000
3.46861100000000
3.47860190000000
3.47270800000000
3.48131490000000
3.49882890000000
3.50474500000000
3.49030400000000
3.50982500000000
3.52090600000000
3.50656510000000
3.51741500000000
3.51408000000000
3.53298000000000
3.53425290000000
3.55489300000000
3.54450890000000
3.55421210000000
3.54210400000000
3.55665590000000
3.54473500000000
3.56677890000000
3.54645400000000
3.58052400000000
3.57585810000000
3.55294110000000
3.56722500000000
3.58035710000000
3.54893400000000
3.55401210000000
3.55046700000000
3.55771900000000
3.52645210000000
3.52999000000000
3.51773500000000
3.52982000000000
3.52517390000000
3.50288010000000
3.48480300000000
3.49354600000000
3.47850390000000
3.46419500000000
3.46010090000000
3.43916990000000
3.43966290000000
3.42709210000000
3.41950610000000
3.40552810000000
3.39621090000000
3.39222500000000
3.38106390000000
3.36171290000000
3.37714600000000
3.36048790000000
3.33758500000000
3.32439990000000
3.29962900000000
3.27172710000000
3.25660990000000
3.23742100000000
3.23888710000000
3.25038000000000
3.25456310000000
3.28012800000000
3.28194900000000
3.28444410000000
3.28872900000000
3.28498790000000
3.29445410000000
3.29463510000000
3.30119300000000
3.29293110000000
3.28936790000000
3.30254290000000
3.30145000000000
3.31032110000000
3.32721400000000
3.34567000000000
3.34940000000000
3.35916210000000
3.35767290000000
3.36381010000000
3.36200090000000
3.39186600000000
3.38013700000000
3.41048000000000
3.42034100000000
3.42921900000000
3.43323490000000
3.45767210000000
3.48927810000000
3.49669000000000
3.52765300000000
3.55924010000000
3.57897710000000
3.62623310000000
3.64916490000000
3.68488100000000
3.70160100000000
3.76824310000000
3.80154900000000
3.78050590000000
3.78403090000000
3.80366110000000
3.82484700000000
3.83270190000000
3.80193500000000
3.80299400000000
3.82768610000000
3.82588290000000
3.81398110000000
3.84647990000000
3.78120710000000
3.77371600000000
3.81177710000000
3.79313490000000
3.75188710000000
3.75338010000000
3.74427800000000
3.74536800000000
3.77684210000000
3.73196290000000
3.75939010000000
3.75305510000000
3.75805000000000
3.73261400000000
3.75083400000000
3.75764110000000
3.71943000000000
3.74920390000000
3.74993710000000
3.75775500000000
3.77299810000000
3.70041990000000
3.70375300000000
3.71521590000000
3.72316500000000
3.67870590000000
3.70937800000000
3.70360990000000
3.70328210000000
3.71167490000000
3.67000890000000
3.69014310000000
3.69818310000000
3.68750190000000
3.70696810000000
3.70720410000000
3.68469600000000
3.67218900000000
3.73940990000000
3.70422100000000
3.69921900000000
3.71364310000000
3.71638890000000
3.71785400000000
3.73357110000000
3.72344400000000
3.70410990000000
3.69092300000000
3.72172310000000
3.71962900000000
3.69780300000000
3.69908910000000
3.73494600000000
3.70376210000000
3.72518210000000
3.71013310000000
3.71138410000000
3.74416710000000
3.70277500000000
3.67187400000000
3.68909190000000
3.67974000000000
3.70335100000000
3.69083400000000
3.69437600000000
3.67534710000000
3.69381690000000
3.71562910000000
3.69069910000000
3.67176700000000
3.66205190000000
3.66227510000000
3.65142110000000
3.63815590000000
3.60564990000000
3.60468890000000
3.60530300000000
3.60692310000000
3.59988900000000
3.58137890000000
3.57631610000000
3.53425000000000
3.51979990000000
3.58454390000000
3.52866100000000
3.54687090000000
3.51770900000000
3.51236510000000
3.51371410000000
3.49789000000000
3.49449900000000
3.48703100000000
3.50669190000000
3.48052810000000
3.48485490000000
3.49206210000000
3.48051910000000
3.46192000000000
3.46148900000000
3.46488500000000
3.44038890000000
3.44453100000000
3.44048400000000
3.44137500000000
3.43090010000000
3.42159800000000
3.43301610000000
3.40899210000000
3.42772890000000
3.39735700000000
3.40419410000000
3.40633610000000
3.42073010000000
3.38118700000000
3.39226600000000
3.38147400000000
3.38813300000000
3.39218400000000
3.36339090000000
3.34665700000000
3.34993290000000
3.37814400000000
3.35032010000000
3.32879810000000
3.35110690000000
3.32564900000000
3.34616300000000
3.33314490000000
3.34772110000000
3.33233690000000
3.34467600000000
3.34673400000000
3.33272910000000
3.36371710000000
3.35629890000000
3.37346700000000
3.34504600000000
3.35554410000000
3.35229710000000
3.37021300000000
3.35982610000000
3.38197710000000
3.38492110000000
3.37047000000000
3.38199310000000
3.37107490000000
3.38648800000000
3.38463400000000
3.37727500000000
3.40662000000000
3.39479300000000
3.39059590000000
3.38396410000000
3.40254400000000
3.35159300000000
3.38063410000000
3.38930700000000
3.38613200000000
3.37488790000000
3.38712190000000
3.39883900000000
3.38116500000000
3.41221690000000
3.40327310000000
3.41784690000000
3.38817310000000
3.44514890000000
3.43212390000000
3.41718790000000
3.43319200000000
3.46135210000000
3.46459290000000
3.44729400000000
3.48199300000000
3.44145390000000
3.48236800000000
3.48837710000000
3.48746110000000
3.49773410000000
3.51691200000000
3.49746700000000
3.53615000000000
3.55561300000000
3.57172700000000
3.48979210000000
3.54393790000000
3.58262610000000
3.56630990000000
3.55972100000000
3.56522700000000
3.58546900000000
3.54963400000000
3.56022910000000
3.58931090000000
3.56334710000000
3.60613390000000
3.60436200000000
3.55317900000000
3.59445690000000
3.62252400000000
3.60249210000000
3.61834690000000
3.62014600000000
3.62128400000000
3.57378600000000
3.62119200000000
3.55764890000000
3.63774300000000
3.60152410000000
3.58563400000000
3.61015010000000
3.58703900000000
3.56283810000000
3.61107610000000