spectre
GradoAlcoholico	12.9499998000000
skip
0.884283000000000
0.923547000000000
0.959125000000000
0.989076000000000
1.01413700000000
1.03865100000000
1.06153700000000
1.07906790000000
1.08814700000000
1.09775810000000
1.10420200000000
1.10947000000000
1.11222990000000
1.10831500000000
1.11002800000000
1.10697100000000
1.09869800000000
1.08939100000000
1.07806400000000
1.06731000000000
1.05506300000000
1.04037590000000
1.02656900000000
1.01055100000000
0.994700000000000
0.979743000000000
0.963365000000000
0.944905000000000
0.927967000000000
0.910429000000000
0.892696000000000
0.876339000000000
0.858486000000000
0.842104000000000
0.823628000000000
0.805550000000000
0.787684000000000
0.771102000000000
0.753393000000000
0.735116000000000
0.719216000000000
0.701186000000000
0.685486000000000
0.669436000000000
0.652030000000000
0.636249000000000
0.619493000000000
0.603013000000000
0.588825000000000
0.573056000000000
0.557226000000000
0.543716000000000
0.527885000000000
0.514404000000000
0.501513000000000
0.486534000000000
0.473644000000000
0.459340000000000
0.446425000000000
0.434143000000000
0.423122000000000
0.409060000000000
0.398444000000000
0.387074000000000
0.375392000000000
0.366064000000000
0.356698000000000
0.347186000000000
0.338788000000000
0.329811000000000
0.322148000000000
0.314419000000000
0.307148000000000
0.300284000000000
0.294152000000000
0.286852000000000
0.280113000000000
0.274033000000000
0.267574000000000
0.262165000000000
0.256247000000000
0.249999000000000
0.245133000000000
0.239132000000000
0.233607000000000
0.228445000000000
0.222938000000000
0.218335000000000
0.213106000000000
0.208015000000000
0.203089000000000
0.198546000000000
0.194046000000000
0.189967000000000
0.185844000000000
0.181688000000000
0.177678000000000
0.173994000000000
0.169991000000000
0.166340000000000
0.162617000000000
0.159076000000000
0.155736000000000
0.152389000000000
0.149075000000000
0.146099000000000
0.143122000000000
0.140080000000000
0.137103000000000
0.134277000000000
0.131576000000000
0.129054000000000
0.126262000000000
0.123859000000000
0.121549000000000
0.119130000000000
0.116708000000000
0.114481000000000
0.112191000000000
0.110049000000000
0.107990000000000
0.105873000000000
0.103968000000000
0.102081000000000
0.100225000000000
0.0985609960000000
0.0967030000000000
0.0950940030000000
0.0936630000000000
0.0919580010000000
0.0905530010000000
0.0891129970000000
0.0876370000000000
0.0862860010000000
0.0849800040000000
0.0836609970000000
0.0825570000000000
0.0812830030000000
0.0800710020000000
0.0791060030000000
0.0779469980000000
0.0768530000000000
0.0758930000000000
0.0748000000000000
0.0737859980000000
0.0727560000000000
0.0715620000000000
0.0705119970000000
0.0694620010000000
0.0685260000000000
0.0676689970000000
0.0670230020000000
0.0665979980000000
0.0663720000000000
0.0663210000000000
0.0664720010000000
0.0668039990000000
0.0673289970000000
0.0680840020000000
0.0690269990000000
0.0702300000000000
0.0715209990000000
0.0728060010000000
0.0741579980000000
0.0752770010000000
0.0762709980000000
0.0771360020000000
0.0777530000000000
0.0782279970000000
0.0784310030000000
0.0783329980000000
0.0780410020000000
0.0778850020000000
0.0778670010000000
0.0776759980000000
0.0772629980000000
0.0768319960000000
0.0764160010000000
0.0760179980000000
0.0756329970000000
0.0750940000000000
0.0745799990000000
0.0739779990000000
0.0733150020000000
0.0726609980000000
0.0719759990000000
0.0712239970000000
0.0705360030000000
0.0697570000000000
0.0689399990000000
0.0682279990000000
0.0673929970000000
0.0666100010000000
0.0658359970000000
0.0650490000000000
0.0643149990000000
0.0636370030000000
0.0629369990000000
0.0622919980000000
0.0617370010000000
0.0611849990000000
0.0608149990000000
0.0604620020000000
0.0602339990000000
0.0601060020000000
0.0600900020000000
0.0602429990000000
0.0605719980000000
0.0611770000000000
0.0619519990000000
0.0629469980000000
0.0642609970000000
0.0656920000000000
0.0673320000000000
0.0691109970000000
0.0708009970000000
0.0725409980000000
0.0741589960000000
0.0755240020000000
0.0768230040000000
0.0778450000000000
0.0786869970000000
0.0794529990000000
0.0801140000000000
0.0807129960000000
0.0812940000000000
0.0818379970000000
0.0824439970000000
0.0830909980000000
0.0837090020000000
0.0843949990000000
0.0851660000000000
0.0859050010000000
0.0868310030000000
0.0877650010000000
0.0887710010000000
0.0899659990000000
0.0911789980000000
0.0924799960000000
0.0939510020000000
0.0953999980000000
0.0970000030000000
0.0987289990000000
0.100426000000000
0.102291000000000
0.104262000000000
0.106160000000000
0.108294000000000
0.110393000000000
0.112424000000000
0.114658000000000
0.116736000000000
0.118775000000000
0.121024000000000
0.123275000000000
0.125931000000000
0.128982000000000
0.132403000000000
0.136791000000000
0.142029000000000
0.147843000000000
0.155372000000000
0.163582000000000
0.172714000000000
0.183850000000000
0.195282000000000
0.208293000000000
0.223133000000000
0.238152000000000
0.255686000000000
0.275258000000000
0.295542000000000
0.319995000000000
0.345993000000000
0.372937000000000
0.404447000000000
0.434556000000000
0.464286000000000
0.494111000000000
0.518657000000000
0.540492000000000
0.558505000000000
0.571230000000000
0.581797000000000
0.589093000000000
0.594276000000000
0.597947000000000
0.600036000000000
0.600587000000000
0.599716000000000
0.597540000000000
0.593851000000000
0.588781000000000
0.582837000000000
0.575435000000000
0.567070000000000
0.558397000000000
0.548097000000000
0.537689000000000
0.526929000000000
0.514751000000000
0.503080000000000
0.490666000000000
0.477440000000000
0.464983000000000
0.451399000000000
0.437878000000000
0.424991000000000
0.410899000000000
0.397597000000000
0.384695000000000
0.371032000000000
0.358589000000000
0.346255000000000
0.333798000000000
0.322762000000000
0.311440000000000
0.300804000000000
0.291211000000000
0.281321000000000
0.272558000000000
0.264502000000000
0.256379000000000
0.249395000000000
0.242849000000000
0.236602000000000
0.231428000000000
0.226445000000000
0.222175000000000
0.218618000000000
0.215428000000000
0.212827000000000
0.210872000000000
0.209285000000000
0.208325000000000
0.207948000000000
0.208063000000000
0.208800000000000
0.210044000000000
0.211827000000000
0.214062000000000
0.217041000000000
0.220364000000000
0.224201000000000
0.228752000000000
0.233458000000000
0.238835000000000
0.244648000000000
0.250389000000000
0.256946000000000
0.237478000000000
0.243361000000000
0.249768000000000
0.256293000000000
0.262713000000000
0.270090000000000
0.277648000000000
0.285894000000000
0.295990000000000
0.306964000000000
0.320732000000000
0.337703000000000
0.357461000000000
0.382962000000000
0.413829000000000
0.448760000000000
0.494508000000000
0.543709000000000
0.600146000000000
0.665702000000000
0.731491000000000
0.804599000000000
0.879520000000000
0.951133000000000
1.02817900000000
1.09850800000000
1.16160000000000
1.21980200000000
1.26560500000000
1.30468500000000
1.33830000000000
1.36401610000000
1.38777490000000
1.40713410000000
1.42369700000000
1.44040000000000
1.45542000000000
1.47028600000000
1.48518200000000
1.49822800000000
1.51062700000000
1.52098600000000
1.52929100000000
1.53571000000000
1.54018500000000
1.54299700000000
1.54493200000000
1.54536400000000
1.54471700000000
1.54246600000000
1.53925500000000
1.53390800000000
1.52779400000000
1.52058400000000
1.51226600000000
1.50386000000000
1.49463900000000
1.48505290000000
1.47592100000000
1.46561900000000
1.45595100000000
1.44647300000000
1.43610700000000
1.42649500000000
1.41679800000000
1.40679500000000
1.39759190000000
1.38772400000000
1.37838800000000
1.36941800000000
1.35987790000000
1.35105200000000
1.34256200000000
1.33403500000000
1.32664800000000
1.31907000000000
1.31236300000000
1.30668700000000
1.30114600000000
1.29685100000000
1.29338900000000
1.29106100000000
1.29011600000000
1.29015600000000
1.29176500000000
1.29460200000000
1.29957200000000
1.30569100000000
1.31355000000000
1.32396100000000
1.33549500000000
1.34974300000000
1.36602700000000
1.38315200000000
1.40490900000000
1.42746400000000
1.45261000000000
1.48155800000000
1.51093300000000
1.54499100000000
1.58156500000000
1.61922600000000
1.66423700000000
1.70898290000000
1.75766690000000
1.81274500000000
1.86653600000000
1.92786900000000
1.99072300000000
2.05402990000000
2.12530900000000
2.19390390000000
2.26610400000000
2.34077600000000
2.40791700000000
2.47937800000000
2.54743100000000
2.60819200000000
2.66755290000000
2.71730400000000
2.76743200000000
2.81266090000000
2.84480810000000
2.87987300000000
2.90482590000000
2.93284700000000
2.94724010000000
2.96698400000000
2.98479200000000
2.99841190000000
3.02053000000000
3.03220300000000
3.05434300000000
3.05947900000000
3.07562090000000
3.08705090000000
3.10549690000000
3.11152910000000
3.10532900000000
3.12352400000000
3.12981100000000
3.13445090000000
3.14369010000000
3.15227510000000
3.15945600000000
3.16633610000000
3.16689400000000
3.17485500000000
3.18322110000000
3.18723300000000
3.19936900000000
3.19458890000000
3.19961190000000
3.20151810000000
3.20109010000000
3.21013310000000
3.21386690000000
3.20539090000000
3.22207590000000
3.22633290000000
3.22875000000000
3.24023800000000
3.23763300000000
3.25030590000000
3.24664400000000
3.25213290000000
3.25300500000000
3.26131390000000
3.26577590000000
3.26014900000000
3.26903700000000
3.27277590000000
3.28285290000000
3.28284100000000
3.27821990000000
3.28898410000000
3.30492810000000
3.31261610000000
3.30372100000000
3.30767300000000
3.30260300000000
3.31376910000000
3.31436900000000
3.31418800000000
3.32254290000000
3.33567190000000
3.33625100000000
3.33018490000000
3.33932710000000
3.33308290000000
3.33059910000000
3.33203200000000
3.33637810000000
3.33717990000000
3.34180090000000
3.32834100000000
3.32219910000000
3.30965300000000
3.32390000000000
3.32140090000000
3.29757500000000
3.30171300000000
3.29628110000000
3.28088810000000
3.28827190000000
3.29875110000000
3.28919410000000
3.29097010000000
3.31703090000000
3.32996800000000
3.33965900000000
3.32594300000000
3.31416510000000
3.35253690000000
3.34866500000000
3.37181900000000
3.35215000000000
3.38845300000000
3.39698100000000
3.41734190000000
3.41629600000000
3.41920090000000
3.42641500000000
3.41231610000000
3.43049410000000
3.43221090000000
3.43588090000000
3.45553300000000
3.43922710000000
3.43761300000000
3.44994500000000
3.46165700000000
3.44617510000000
3.47317790000000
3.44621490000000
3.46585110000000
3.46745990000000
3.44518490000000
3.47962500000000
3.43572810000000
3.44962000000000
3.45386790000000
3.46701290000000
3.44552400000000
3.45855310000000
3.48424200000000
3.47157500000000
3.47040800000000
3.48429800000000
3.45319890000000
3.48255800000000
3.48997210000000
3.48479510000000
3.49423910000000
3.48773790000000
3.48442790000000
3.49836210000000
3.50211500000000
3.50633100000000
3.52078700000000
3.52089500000000
3.54113600000000
3.54295490000000
3.53650810000000
3.51060200000000
3.52422190000000
3.55533910000000
3.54650690000000
3.55693790000000
3.54815100000000
3.56540300000000
3.55070090000000
3.56004910000000
3.56085210000000
3.57831410000000
3.57048700000000
3.58488490000000
3.55795790000000
3.55921700000000
3.56442190000000
3.56123090000000
3.55116890000000
3.51307990000000
3.54764800000000
3.51695900000000
3.52243210000000
3.52749990000000
3.50995590000000
3.48776390000000
3.50351190000000
3.47892190000000
3.46798400000000
3.45054010000000
3.44247390000000
3.44613000000000
3.42731310000000
3.42784600000000
3.40754200000000
3.40267710000000
3.39886500000000
3.38623500000000
3.36901500000000
3.37543200000000
3.34491610000000
3.35329100000000
3.32649590000000
3.31493900000000
3.28444190000000
3.25633500000000
3.23014500000000
3.24313400000000
3.24782200000000
3.26485610000000
3.26949690000000
3.28269100000000
3.28422090000000
3.29480790000000
3.28533600000000
3.29741100000000
3.30008100000000
3.28630090000000
3.28572510000000
3.30106710000000
3.30151890000000
3.31384110000000
3.30760000000000
3.31443910000000
3.34173800000000
3.37195110000000
3.36236410000000
3.36161490000000
3.37493990000000
3.36757210000000
3.36938810000000
3.38697290000000
3.41608190000000
3.39246510000000
3.43087600000000
3.45032310000000
3.44634290000000
3.49143410000000
3.48853900000000
3.51458000000000
3.54025700000000
3.59601400000000
3.62385300000000
3.66814900000000
3.68360500000000
3.70842100000000
3.71500610000000
3.78976390000000
3.79288200000000
3.75156900000000
3.82372090000000
3.82903600000000
3.83478190000000
3.84562800000000
3.85338210000000
3.91935300000000
3.80503610000000
3.78492690000000
3.84105300000000
3.78547410000000
3.85176400000000
3.77242900000000
3.72738500000000
3.77173400000000
3.80664800000000
3.75663300000000
3.75113510000000
3.79583410000000
3.77797600000000
3.76994200000000
3.69647000000000
3.71571900000000
3.72545100000000
3.79752210000000
3.75849700000000
3.73761110000000
3.70046310000000
3.71629100000000
3.72451900000000
3.76792410000000
3.67481710000000
3.69481300000000
3.71046900000000
3.64575200000000
3.73512290000000
3.67845010000000
3.71798210000000
3.71532010000000
3.65358000000000
3.68292090000000
3.69731590000000
3.68209200000000
3.65506510000000
3.66949610000000
3.67075900000000
3.77599500000000
3.66974810000000
3.71732000000000
3.65133690000000
3.67305800000000
3.72490000000000
3.72160700000000
3.72822810000000
3.70331310000000
3.68643810000000
3.67740890000000
3.68139790000000
3.73623610000000
3.74729700000000
3.73868990000000
3.68239500000000
3.72110610000000
3.71523000000000
3.69728210000000
3.77301410000000
3.75535010000000
3.72918010000000
3.71952700000000
3.68245790000000
3.68254400000000
3.66765400000000
3.67701790000000
3.70662500000000
3.68334600000000
3.69044900000000
3.67473790000000
3.67267990000000
3.70004010000000
3.70012900000000
3.62543510000000
3.67251900000000
3.64954900000000
3.67898010000000
3.62775900000000
3.61856890000000
3.58375910000000
3.58484200000000
3.58015110000000
3.59430190000000
3.59666400000000
3.59665610000000
3.57422900000000
3.54652190000000
3.56486610000000
3.48508910000000
3.53587510000000
3.53991290000000
3.52130600000000
3.53593400000000
3.50063990000000
3.47832390000000
3.52011990000000
3.48706390000000
3.46609810000000
3.47779390000000
3.45660310000000
3.46142200000000
3.46360210000000
3.43419500000000
3.46390700000000
3.43601300000000
3.42987490000000
3.44274710000000
3.44768600000000
3.42812200000000
3.43325090000000
3.39957000000000
3.38696410000000
3.40266110000000
3.41588210000000
3.40272810000000
3.38887910000000
3.41897990000000
3.40878390000000
3.39835810000000
3.37401800000000
3.35925700000000
3.38816310000000
3.36432000000000
3.38048700000000
3.37064790000000
3.37248110000000
3.36442210000000
3.34882900000000
3.33745790000000
3.34692190000000
3.32611200000000
3.31802610000000
3.35109310000000
3.32948090000000
3.36206290000000
3.35867810000000
3.36678410000000
3.34909200000000
3.37432600000000
3.35935500000000
3.36769890000000
3.37127400000000
3.37904310000000
3.32290510000000
3.34571290000000
3.36939810000000
3.36469410000000
3.37297700000000
3.35720490000000
3.38050010000000
3.35065390000000
3.36757210000000
3.38687900000000
3.37886910000000
3.37930200000000
3.40783810000000
3.40058400000000
3.36416700000000
3.37729100000000
3.37278510000000
3.42207410000000
3.42036010000000
3.41136190000000
3.38710590000000
3.38931390000000
3.40812710000000
3.41253900000000
3.44041990000000
3.37500190000000
3.43310190000000
3.42102690000000
3.45643590000000
3.44366000000000
3.49309400000000
3.47323800000000
3.51198410000000
3.48575500000000
3.49667810000000
3.49261190000000
3.47434900000000
3.43949890000000
3.48730900000000
3.53648710000000
3.55836110000000
3.54211310000000
3.55135890000000
3.55640410000000
3.52439000000000
3.53955100000000
3.53696200000000
3.52892990000000
3.56765290000000
3.54383210000000
3.57492210000000
3.59412290000000
3.57165600000000
3.58713790000000
3.58320590000000
3.55453110000000
3.58674410000000
3.51984500000000
3.53868700000000
3.61441300000000
3.64939190000000
3.61684300000000
3.68281100000000
3.57135890000000
3.59984990000000
3.66223790000000
3.57231210000000
3.63099600000000
3.62000890000000
3.71418500000000
3.63203000000000
3.59426000000000
3.64379810000000
3.59093310000000