spectre
GradoAlcoholico	8.92000010000000
skip
0.699460000000000
0.713531000000000
0.724313000000000
0.731107000000000
0.736592000000000
0.735468000000000
0.734549000000000
0.731744000000000
0.726163000000000
0.718673000000000
0.710276000000000
0.703618000000000
0.691648000000000
0.681402000000000
0.671772000000000
0.660353000000000
0.650268000000000
0.637715000000000
0.626673000000000
0.614441000000000
0.604404000000000
0.592304000000000
0.581718000000000
0.570784000000000
0.558364000000000
0.548695000000000
0.537946000000000
0.526444000000000
0.516551000000000
0.505694000000000
0.495604000000000
0.485963000000000
0.475468000000000
0.466450000000000
0.457125000000000
0.447037000000000
0.438150000000000
0.429197000000000
0.419611000000000
0.410868000000000
0.402535000000000
0.393422000000000
0.385514000000000
0.376541000000000
0.368178000000000
0.360690000000000
0.352344000000000
0.343871000000000
0.336187000000000
0.328545000000000
0.320929000000000
0.314093000000000
0.306481000000000
0.299586000000000
0.293373000000000
0.286169000000000
0.279754000000000
0.273720000000000
0.267268000000000
0.260714000000000
0.254161000000000
0.247891000000000
0.242568000000000
0.236771000000000
0.230899000000000
0.225882000000000
0.220891000000000
0.216210000000000
0.211774000000000
0.207521000000000
0.203331000000000
0.199911000000000
0.195843000000000
0.192266000000000
0.188989000000000
0.185606000000000
0.182059000000000
0.178763000000000
0.175713000000000
0.172479000000000
0.169674000000000
0.166713000000000
0.163682000000000
0.160592000000000
0.157449000000000
0.154992000000000
0.151947000000000
0.149437000000000
0.147032000000000
0.144203000000000
0.141701000000000
0.138979000000000
0.136767000000000
0.134317000000000
0.131725000000000
0.129530000000000
0.127333000000000
0.124918000000000
0.122679000000000
0.120552000000000
0.118472000000000
0.116356000000000
0.114128000000000
0.112182000000000
0.110158000000000
0.108098000000000
0.106349000000000
0.104437000000000
0.102584000000000
0.100718000000000
0.0990720020000000
0.0973529960000000
0.0956050010000000
0.0940309990000000
0.0926309970000000
0.0909600030000000
0.0896219980000000
0.0880550000000000
0.0865620000000000
0.0852409970000000
0.0838309970000000
0.0823900030000000
0.0811930000000000
0.0799959970000000
0.0787030010000000
0.0776989980000000
0.0765789970000000
0.0753759970000000
0.0744580030000000
0.0734329970000000
0.0725160020000000
0.0715710000000000
0.0706890000000000
0.0698240030000000
0.0690089990000000
0.0682659970000000
0.0674740000000000
0.0667819980000000
0.0660249960000000
0.0653460030000000
0.0647260030000000
0.0639730020000000
0.0634230000000000
0.0627999980000000
0.0621090010000000
0.0614840020000000
0.0606780010000000
0.0599670000000000
0.0593019980000000
0.0587010010000000
0.0582359990000000
0.0578829980000000
0.0577870010000000
0.0578650010000000
0.0581579990000000
0.0585860010000000
0.0592090000000000
0.0600030010000000
0.0610850010000000
0.0622869990000000
0.0637300010000000
0.0652650000000000
0.0667729970000000
0.0683339980000000
0.0696880000000000
0.0708609970000000
0.0719399970000000
0.0726910010000000
0.0733359980000000
0.0737420020000000
0.0738549980000000
0.0738599970000000
0.0738630000000000
0.0739979970000000
0.0739160030000000
0.0735410000000000
0.0732150000000000
0.0729039980000000
0.0726080020000000
0.0723510010000000
0.0719359960000000
0.0714960020000000
0.0710330010000000
0.0705149990000000
0.0699459980000000
0.0693560020000000
0.0687510000000000
0.0681150030000000
0.0674270020000000
0.0667200010000000
0.0660609980000000
0.0653209980000000
0.0646200030000000
0.0639100000000000
0.0631709990000000
0.0625080020000000
0.0618860010000000
0.0612500010000000
0.0607220010000000
0.0602019990000000
0.0597670000000000
0.0594489980000000
0.0591549990000000
0.0589880010000000
0.0589490010000000
0.0590219980000000
0.0592550000000000
0.0596610010000000
0.0603399980000000
0.0612020010000000
0.0623009990000000
0.0637750030000000
0.0653069990000000
0.0670719970000000
0.0689869970000000
0.0707919970000000
0.0726459990000000
0.0743850020000000
0.0758339990000000
0.0772100020000000
0.0782990010000000
0.0791630000000000
0.0800020020000000
0.0807019990000000
0.0813440010000000
0.0819519980000000
0.0825529990000000
0.0831810010000000
0.0838529990000000
0.0845090000000000
0.0852120000000000
0.0859630030000000
0.0867289980000000
0.0876429980000000
0.0885830000000000
0.0895579980000000
0.0907559990000000
0.0919620020000000
0.0932310000000000
0.0946969990000000
0.0961209980000000
0.0976559970000000
0.0993380030000000
0.100920000000000
0.102675000000000
0.104492000000000
0.106248000000000
0.108229000000000
0.110164000000000
0.112066000000000
0.114202000000000
0.116223000000000
0.118308000000000
0.120651000000000
0.123048000000000
0.125904000000000
0.129211000000000
0.132922000000000
0.137622000000000
0.143205000000000
0.149371000000000
0.157321000000000
0.165941000000000
0.175542000000000
0.187224000000000
0.199207000000000
0.212835000000000
0.228308000000000
0.244048000000000
0.262378000000000
0.282732000000000
0.303841000000000
0.329311000000000
0.356333000000000
0.384275000000000
0.416998000000000
0.448210000000000
0.479009000000000
0.509843000000000
0.535111000000000
0.557488000000000
0.575707000000000
0.588458000000000
0.598827000000000
0.605784000000000
0.610528000000000
0.613731000000000
0.615263000000000
0.615295000000000
0.613822000000000
0.611080000000000
0.606779000000000
0.601056000000000
0.594530000000000
0.586462000000000
0.577531000000000
0.568300000000000
0.557335000000000
0.546371000000000
0.535062000000000
0.522314000000000
0.510142000000000
0.497230000000000
0.483484000000000
0.470606000000000
0.456600000000000
0.442630000000000
0.429393000000000
0.414952000000000
0.401342000000000
0.388170000000000
0.374228000000000
0.361563000000000
0.348968000000000
0.336261000000000
0.325030000000000
0.313468000000000
0.302638000000000
0.292849000000000
0.282821000000000
0.273842000000000
0.265674000000000
0.257420000000000
0.250339000000000
0.243729000000000
0.237369000000000
0.232193000000000
0.227187000000000
0.222927000000000
0.219396000000000
0.216223000000000
0.213707000000000
0.211735000000000
0.210189000000000
0.209337000000000
0.209045000000000
0.209268000000000
0.210114000000000
0.211509000000000
0.213479000000000
0.215870000000000
0.219045000000000
0.222589000000000
0.226606000000000
0.231385000000000
0.236296000000000
0.241853000000000
0.247894000000000
0.253880000000000
0.260677000000000
0.239650000000000
0.245743000000000
0.252350000000000
0.259107000000000
0.265761000000000
0.273390000000000
0.281214000000000
0.289725000000000
0.300164000000000
0.311455000000000
0.325609000000000
0.343023000000000
0.363249000000000
0.389417000000000
0.420956000000000
0.456628000000000
0.503295000000000
0.553573000000000
0.611264000000000
0.678172000000000
0.745576000000000
0.820476000000000
0.897350000000000
0.970773000000000
1.04960700000000
1.12163700000000
1.18578700000000
1.24451010000000
1.29030000000000
1.32869990000000
1.36125900000000
1.38556190000000
1.40775600000000
1.42527400000000
1.44029500000000
1.45480300000000
1.46786700000000
1.48057000000000
1.49356500000000
1.50467210000000
1.51570300000000
1.52507310000000
1.53296490000000
1.53974700000000
1.54449900000000
1.54806900000000
1.55042510000000
1.55142700000000
1.55105100000000
1.54918210000000
1.54585400000000
1.54114290000000
1.53530600000000
1.52854100000000
1.52070900000000
1.51311900000000
1.50452700000000
1.49551590000000
1.48696990000000
1.47772400000000
1.46848000000000
1.45960900000000
1.44993700000000
1.44071300000000
1.43145700000000
1.42186400000000
1.41303690000000
1.40338300000000
1.39433600000000
1.38549100000000
1.37616600000000
1.36762500000000
1.35922900000000
1.35084900000000
1.34349300000000
1.33608790000000
1.32954500000000
1.32385100000000
1.31871400000000
1.31464600000000
1.31159790000000
1.30948700000000
1.30884700000000
1.30930200000000
1.31149300000000
1.31481000000000
1.32026300000000
1.32707300000000
1.33583900000000
1.34691410000000
1.35916300000000
1.37420590000000
1.39149300000000
1.40963200000000
1.43224900000000
1.45564700000000
1.48189500000000
1.51205690000000
1.54247500000000
1.57785590000000
1.61568110000000
1.65428500000000
1.70055900000000
1.74665700000000
1.79693790000000
1.85277700000000
1.90810100000000
1.97019400000000
2.03492190000000
2.09869910000000
2.17114090000000
2.23979090000000
2.31205110000000
2.38557700000000
2.45258810000000
2.52174810000000
2.58673690000000
2.64738990000000
2.70356700000000
2.74716710000000
2.79536100000000
2.83649490000000
2.87208890000000
2.89812990000000
2.92627100000000
2.94798400000000
2.96152900000000
2.97985100000000
3.00292800000000
3.01263090000000
3.03061510000000
3.04295800000000
3.05635600000000
3.06855800000000
3.08487610000000
3.09563800000000
3.10838390000000
3.11590600000000
3.12456010000000
3.13057090000000
3.13747100000000
3.14942190000000
3.15796090000000
3.15665790000000
3.16520400000000
3.17622300000000
3.18637490000000
3.18035790000000
3.18604110000000
3.19069410000000
3.19844510000000
3.19479300000000
3.19833400000000
3.21447110000000
3.20993710000000
3.21305200000000
3.22465800000000
3.22885800000000
3.23168210000000
3.22510190000000
3.23446800000000
3.24524210000000
3.24037190000000
3.24881290000000
3.24980690000000
3.25314900000000
3.26564190000000
3.26155710000000
3.25420500000000
3.26163010000000
3.26852610000000
3.28638700000000
3.28702400000000
3.28200700000000
3.29481100000000
3.29326390000000
3.29609110000000
3.29991200000000
3.30904790000000
3.31200410000000
3.31751800000000
3.31152390000000
3.31838300000000
3.31518600000000
3.32265000000000
3.33342290000000
3.33544300000000
3.33597990000000
3.33845090000000
3.35306190000000
3.34793590000000
3.33726500000000
3.34652900000000
3.33756710000000
3.33406310000000
3.33137010000000
3.32080010000000
3.33253500000000
3.32396510000000
3.29966210000000
3.30274110000000
3.29948500000000
3.31306410000000
3.29130200000000
3.29991390000000
3.30469300000000
3.30235000000000
3.30874800000000
3.29611900000000
3.30669690000000
3.32966400000000
3.34673500000000
3.35798500000000
3.35657690000000
3.36581990000000
3.36979290000000
3.38954210000000
3.40344410000000
3.38994100000000
3.41300700000000
3.40578890000000
3.41529200000000
3.42136790000000
3.43589090000000
3.44675400000000
3.43669200000000
3.45181990000000
3.45091700000000
3.45465900000000
3.46570710000000
3.45959090000000
3.46654110000000
3.47236110000000
3.45013900000000
3.46778200000000
3.46433590000000
3.46816490000000
3.45912600000000
3.46887900000000
3.46679090000000
3.48684310000000
3.48123500000000
3.47145100000000
3.47055700000000
3.47640200000000
3.47619200000000
3.48069690000000
3.46433400000000
3.46975900000000
3.48685690000000
3.48440410000000
3.49209900000000
3.47102900000000
3.48435810000000
3.48514510000000
3.49683400000000
3.52135110000000
3.50128510000000
3.50777100000000
3.51518010000000
3.52121810000000
3.52901290000000
3.51357200000000
3.54619100000000
3.55904890000000
3.53498700000000
3.54714800000000
3.53790400000000
3.55366300000000
3.56699200000000
3.56162310000000
3.57105210000000
3.58910390000000
3.55743190000000
3.56798290000000
3.55118990000000
3.57607100000000
3.57591610000000
3.57109590000000
3.56365390000000
3.54628110000000
3.56900310000000
3.54760410000000
3.53351210000000
3.53487710000000
3.51039290000000
3.51989790000000
3.50808100000000
3.50627800000000
3.48485900000000
3.47459010000000
3.47964810000000
3.46476510000000
3.46352600000000
3.45213010000000
3.42025210000000
3.44555500000000
3.40904190000000
3.40988900000000
3.39943100000000
3.40255810000000
3.39450500000000
3.37595890000000
3.37258100000000
3.34307600000000
3.33535000000000
3.31101300000000
3.28160310000000
3.27369590000000
3.25098490000000
3.23473410000000
3.24947400000000
3.26767800000000
3.28135200000000
3.28863190000000
3.29889390000000
3.29684590000000
3.28833390000000
3.29904790000000
3.30164100000000
3.29419210000000
3.30197500000000
3.29231000000000
3.31433110000000
3.30100800000000
3.30418490000000
3.34320900000000
3.35753110000000
3.35329390000000
3.36423490000000
3.35929110000000
3.38827200000000
3.38290190000000
3.39707490000000
3.38766500000000
3.41459800000000
3.41636610000000
3.42453600000000
3.43675210000000
3.46985010000000
3.49646210000000
3.50595090000000
3.53508400000000
3.57767110000000
3.59854700000000
3.62227890000000
3.64278700000000
3.70518210000000
3.74169300000000
3.76724000000000
3.76183610000000
3.80161090000000
3.84185790000000
3.78802300000000
3.85361290000000
3.82444810000000
3.81713390000000
3.85544300000000
3.81132200000000
3.88911390000000
3.83524300000000
3.77277710000000
3.79769710000000
3.81661110000000
3.78363200000000
3.74769310000000
3.77054810000000
3.75193000000000
3.71806000000000
3.74887110000000
3.74712900000000
3.79335500000000
3.78128790000000
3.74261000000000
3.75915000000000
3.74410010000000
3.82741190000000
3.73330400000000
3.77860590000000
3.77184890000000
3.72834110000000
3.72435310000000
3.75502490000000
3.74032210000000
3.70629190000000
3.66939310000000
3.74766710000000
3.74534300000000
3.71052790000000
3.71679090000000
3.72060490000000
3.72091010000000
3.66658710000000
3.67965100000000
3.72518990000000
3.65622400000000
3.71251110000000
3.67757510000000
3.71974300000000
3.69085790000000
3.71795990000000
3.73140910000000
3.70699000000000
3.72018500000000
3.70485400000000
3.76598000000000
3.74083300000000
3.69704290000000
3.78328300000000
3.71552300000000
3.70051290000000
3.72457290000000
3.72158690000000
3.72763710000000
3.78219100000000
3.72981410000000
3.71041390000000
3.71545290000000
3.62591000000000
3.75263810000000
3.71885800000000
3.69665410000000
3.68897510000000
3.70392800000000
3.70276090000000
3.69229290000000
3.70107890000000
3.73149990000000
3.68553900000000
3.68797210000000
3.70324490000000
3.69241090000000
3.66232900000000
3.65919210000000
3.64152000000000
3.65363310000000
3.64813090000000
3.65593700000000
3.60559390000000
3.57429500000000
3.58248310000000
3.63518310000000
3.59421400000000
3.61823890000000
3.55684090000000
3.59109210000000
3.53995990000000
3.57339810000000
3.55207300000000
3.54298090000000
3.52649810000000
3.53275990000000
3.51504210000000
3.48564000000000
3.49982500000000
3.49554490000000
3.50941400000000
3.46957800000000
3.44790200000000
3.49698710000000
3.48097990000000
3.47386910000000
3.43496990000000
3.45647600000000
3.44613410000000
3.44571590000000
3.43817400000000
3.42377000000000
3.41279100000000
3.43824910000000
3.44728900000000
3.40754200000000
3.41006400000000
3.40597300000000
3.38951110000000
3.39004300000000
3.40619110000000
3.38265300000000
3.36557600000000
3.37187100000000
3.38245110000000
3.36614890000000
3.35258100000000
3.37545900000000
3.34992190000000
3.34620690000000
3.37282900000000
3.35199500000000
3.34431290000000
3.33006690000000
3.32880500000000
3.36227010000000
3.35992790000000
3.35184190000000
3.35548310000000
3.36172800000000
3.37194710000000
3.38978910000000
3.33879800000000
3.37661600000000
3.39026000000000
3.35542110000000
3.36295390000000
3.37137010000000
3.39279700000000
3.39587590000000
3.41946910000000
3.37428690000000
3.39713910000000
3.37681890000000
3.37755110000000
3.37040090000000
3.37050010000000
3.37464900000000
3.36037110000000
3.38136700000000
3.37391900000000
3.37537410000000
3.37498900000000
3.36315390000000
3.37343690000000
3.38525390000000
3.40324710000000
3.38939400000000
3.36688090000000
3.39070700000000
3.39464690000000
3.42576910000000
3.43097400000000
3.43095900000000
3.47630310000000
3.46342610000000
3.43656490000000
3.43954800000000
3.46082810000000
3.46072100000000
3.50746990000000
3.50852610000000
3.46982600000000
3.52126000000000
3.47304200000000
3.51109700000000
3.52228090000000
3.48886800000000
3.51117300000000
3.52977710000000
3.56183600000000
3.54059790000000
3.59417800000000
3.52812910000000
3.53661200000000
3.62474990000000
3.59265590000000
3.57641790000000
3.60492210000000
3.65381600000000
3.57827590000000
3.61387300000000
3.64006090000000
3.62358590000000
3.63999200000000
3.62482910000000
3.66745400000000
3.62608410000000
3.60928110000000
3.66062400000000
3.58357500000000
3.62062100000000
3.68237810000000
3.68104410000000
3.65040400000000
3.64598300000000
3.63322210000000
3.66872690000000
3.65043210000000
3.68725990000000