spectre
GradoAlcoholico	11.6599998000000
skip
1.00225700000000
1.04610900000000
1.08582790000000
1.12070800000000
1.15939200000000
1.18671600000000
1.21733500000000
1.24801800000000
1.27328900000000
1.29646690000000
1.31647900000000
1.33673100000000
1.35743200000000
1.37307200000000
1.39679400000000
1.40666200000000
1.42216900000000
1.43051700000000
1.44727500000000
1.45295500000000
1.45898900000000
1.46805890000000
1.47224400000000
1.47791700000000
1.48618600000000
1.48541200000000
1.49065100000000
1.48619100000000
1.48750200000000
1.48673400000000
1.48890300000000
1.48772800000000
1.47939300000000
1.47790210000000
1.46977900000000
1.47076700000000
1.46598600000000
1.45257290000000
1.44933200000000
1.44211100000000
1.43244100000000
1.42603400000000
1.41470300000000
1.41126000000000
1.39917900000000
1.39667000000000
1.38304000000000
1.37768500000000
1.36680000000000
1.35949700000000
1.34712990000000
1.33581200000000
1.31710510000000
1.30381700000000
1.28634410000000
1.26979600000000
1.25106300000000
1.23899100000000
1.21721990000000
1.20341210000000
1.18206890000000
1.16507600000000
1.15209310000000
1.13412800000000
1.11820600000000
1.10668400000000
1.09335800000000
1.07514700000000
1.05994900000000
1.04409400000000
1.02888200000000
1.01157900000000
0.994477000000000
0.978949000000000
0.962674000000000
0.942007000000000
0.926084000000000
0.908585000000000
0.889634000000000
0.873944000000000
0.853528000000000
0.836192000000000
0.818404000000000
0.800935000000000
0.781957000000000
0.765702000000000
0.748287000000000
0.729932000000000
0.715233000000000
0.698243000000000
0.681834000000000
0.666671000000000
0.650838000000000
0.635866000000000
0.622336000000000
0.607037000000000
0.593238000000000
0.579879000000000
0.566070000000000
0.553712000000000
0.541122000000000
0.528531000000000
0.517655000000000
0.505615000000000
0.494705000000000
0.484492000000000
0.473995000000000
0.463524000000000
0.454265000000000
0.443835000000000
0.434727000000000
0.425711000000000
0.416422000000000
0.407604000000000
0.399607000000000
0.390663000000000
0.382976000000000
0.375184000000000
0.367163000000000
0.360069000000000
0.352773000000000
0.345293000000000
0.338883000000000
0.331996000000000
0.325475000000000
0.319346000000000
0.312933000000000
0.306937000000000
0.301251000000000
0.295322000000000
0.289590000000000
0.284227000000000
0.278491000000000
0.273217000000000
0.268164000000000
0.262806000000000
0.257909000000000
0.252959000000000
0.247891000000000
0.243296000000000
0.238605000000000
0.234075000000000
0.229817000000000
0.225260000000000
0.221000000000000
0.216657000000000
0.212047000000000
0.207710000000000
0.203471000000000
0.199118000000000
0.195337000000000
0.191805000000000
0.188290000000000
0.185343000000000
0.182667000000000
0.180080000000000
0.178088000000000
0.176129000000000
0.174577000000000
0.173304000000000
0.172267000000000
0.171460000000000
0.170820000000000
0.170140000000000
0.169317000000000
0.168554000000000
0.167522000000000
0.166409000000000
0.165127000000000
0.163505000000000
0.161748000000000
0.159612000000000
0.157535000000000
0.155653000000000
0.153573000000000
0.151470000000000
0.149566000000000
0.147571000000000
0.145767000000000
0.143985000000000
0.141981000000000
0.140087000000000
0.138186000000000
0.136161000000000
0.134267000000000
0.132358000000000
0.130353000000000
0.128506000000000
0.126475000000000
0.124572000000000
0.122767000000000
0.120759000000000
0.118898000000000
0.117146000000000
0.115241000000000
0.113517000000000
0.111853000000000
0.110146000000000
0.108576000000000
0.107098000000000
0.105643000000000
0.104375000000000
0.103154000000000
0.102059000000000
0.101120000000000
0.100267000000000
0.0996240000000000
0.0991970000000000
0.0989670010000000
0.0989969970000000
0.0992890000000000
0.0998649970000000
0.100611000000000
0.101567000000000
0.102639000000000
0.103691000000000
0.104746000000000
0.105759000000000
0.106524000000000
0.107162000000000
0.107585000000000
0.107881000000000
0.108028000000000
0.108145000000000
0.108188000000000
0.108238000000000
0.108289000000000
0.108389000000000
0.108513000000000
0.108678000000000
0.108916000000000
0.109176000000000
0.109504000000000
0.109957000000000
0.110457000000000
0.111056000000000
0.111792000000000
0.112585000000000
0.113467000000000
0.114518000000000
0.115606000000000
0.116815000000000
0.118156000000000
0.119486000000000
0.120985000000000
0.122569000000000
0.124133000000000
0.125908000000000
0.127636000000000
0.129351000000000
0.131210000000000
0.132946000000000
0.134657000000000
0.136582000000000
0.138480000000000
0.140773000000000
0.143600000000000
0.146770000000000
0.150863000000000
0.155858000000000
0.161430000000000
0.168705000000000
0.176682000000000
0.185601000000000
0.196522000000000
0.207772000000000
0.220580000000000
0.235177000000000
0.250107000000000
0.267497000000000
0.286909000000000
0.307043000000000
0.331391000000000
0.357292000000000
0.384080000000000
0.415488000000000
0.445420000000000
0.475008000000000
0.504648000000000
0.528959000000000
0.550533000000000
0.568218000000000
0.580728000000000
0.591041000000000
0.598070000000000
0.603021000000000
0.606519000000000
0.608370000000000
0.608763000000000
0.607688000000000
0.605353000000000
0.601527000000000
0.596290000000000
0.590231000000000
0.582678000000000
0.574221000000000
0.565460000000000
0.554990000000000
0.544504000000000
0.533599000000000
0.521334000000000
0.509535000000000
0.496999000000000
0.483672000000000
0.471101000000000
0.457412000000000
0.443741000000000
0.430729000000000
0.416495000000000
0.403069000000000
0.390096000000000
0.376274000000000
0.363735000000000
0.351264000000000
0.338665000000000
0.327522000000000
0.316058000000000
0.305309000000000
0.295632000000000
0.285648000000000
0.276749000000000
0.268592000000000
0.260363000000000
0.253302000000000
0.246698000000000
0.240335000000000
0.235100000000000
0.230013000000000
0.225712000000000
0.222095000000000
0.218788000000000
0.216212000000000
0.214119000000000
0.212481000000000
0.211488000000000
0.211048000000000
0.211175000000000
0.211791000000000
0.213076000000000
0.214839000000000
0.217023000000000
0.219972000000000
0.223295000000000
0.227068000000000
0.231612000000000
0.236296000000000
0.241641000000000
0.247486000000000
0.253225000000000
0.259701000000000
0.240523000000000
0.246400000000000
0.252749000000000
0.259271000000000
0.265669000000000
0.272996000000000
0.280554000000000
0.288771000000000
0.298886000000000
0.309848000000000
0.323610000000000
0.340587000000000
0.360356000000000
0.385968000000000
0.416848000000000
0.451891000000000
0.497657000000000
0.546836000000000
0.603432000000000
0.669065000000000
0.734867000000000
0.807965000000000
0.882833000000000
0.954440000000000
1.03116500000000
1.10143100000000
1.16431400000000
1.22244600000000
1.26829000000000
1.30718000000000
1.34085300000000
1.36654000000000
1.39026900000000
1.40966900000000
1.42648800000000
1.44319700000000
1.45821200000000
1.47323300000000
1.48806700000000
1.50119900000000
1.51365900000000
1.52393900000000
1.53199400000000
1.53867300000000
1.54275800000000
1.54583300000000
1.54764290000000
1.54811700000000
1.54731910000000
1.54538800000000
1.54174900000000
1.53680600000000
1.53049190000000
1.52359100000000
1.51524100000000
1.50692000000000
1.49792100000000
1.48839000000000
1.47920100000000
1.46957600000000
1.45980600000000
1.45007600000000
1.44014890000000
1.43056090000000
1.42074200000000
1.41089900000000
1.40172510000000
1.39181700000000
1.38267400000000
1.37368000000000
1.36412200000000
1.35564400000000
1.34694900000000
1.33830090000000
1.33089900000000
1.32338200000000
1.31664800000000
1.31082200000000
1.30528600000000
1.30106900000000
1.29764400000000
1.29527900000000
1.29408000000000
1.29421900000000
1.29582410000000
1.29857800000000
1.30355410000000
1.30964990000000
1.31757700000000
1.32794900000000
1.33949400000000
1.35348400000000
1.36989800000000
1.38746910000000
1.40903600000000
1.43150000000000
1.45671110000000
1.48571710000000
1.51524900000000
1.54946990000000
1.58607300000000
1.62369300000000
1.66869400000000
1.71303590000000
1.76269810000000
1.81725100000000
1.87145100000000
1.93230200000000
1.99592200000000
2.05870100000000
2.13085890000000
2.19936990000000
2.27052500000000
2.34562610000000
2.41247610000000
2.48418590000000
2.55200700000000
2.61390210000000
2.67439390000000
2.72275590000000
2.77204110000000
2.81196500000000
2.84715290000000
2.88436100000000
2.90867400000000
2.92845110000000
2.95175790000000
2.96978210000000
2.98871400000000
3.00232100000000
3.02244090000000
3.03646210000000
3.05228500000000
3.06282810000000
3.07688400000000
3.08783700000000
3.10401700000000
3.10922100000000
3.12217500000000
3.12550810000000
3.13332390000000
3.13631700000000
3.14847800000000
3.14964200000000
3.16800400000000
3.15813800000000
3.17294500000000
3.17546300000000
3.18419000000000
3.18557000000000
3.18870400000000
3.18823100000000
3.20253800000000
3.21299100000000
3.20381810000000
3.22111890000000
3.21620200000000
3.20921710000000
3.22186590000000
3.21621890000000
3.23301700000000
3.24448200000000
3.23725700000000
3.24513410000000
3.24774690000000
3.24923610000000
3.25360890000000
3.26183200000000
3.26920200000000
3.26313300000000
3.26700400000000
3.25831510000000
3.28380110000000
3.27738310000000
3.28809310000000
3.29087810000000
3.30694010000000
3.31329610000000
3.27330590000000
3.30258490000000
3.30126910000000
3.30706500000000
3.31112500000000
3.29784010000000
3.32820390000000
3.32570510000000
3.32872700000000
3.33603910000000
3.32885500000000
3.34494590000000
3.35459300000000
3.33531590000000
3.33636500000000
3.33266810000000
3.32507400000000
3.33587190000000
3.31723500000000
3.32118890000000
3.30399110000000
3.30474310000000
3.30360390000000
3.29311700000000
3.29641390000000
3.29289790000000
3.29984690000000
3.29226900000000
3.31018900000000
3.31760000000000
3.30441810000000
3.30061290000000
3.31275800000000
3.32455900000000
3.33125400000000
3.35362010000000
3.34421990000000
3.35722990000000
3.37542510000000
3.38158890000000
3.38719700000000
3.38605310000000
3.40700290000000
3.42944500000000
3.42038800000000
3.44918200000000
3.41787700000000
3.43648100000000
3.43159600000000
3.43303490000000
3.44496010000000
3.44468810000000
3.45844200000000
3.45617010000000
3.43102290000000
3.47623900000000
3.43511010000000
3.46426300000000
3.45887300000000
3.46772100000000
3.46523090000000
3.43592690000000
3.46991400000000
3.47416210000000
3.45635800000000
3.46505500000000
3.47082090000000
3.47599200000000
3.45686100000000
3.47534890000000
3.47155090000000
3.47614600000000
3.47131110000000
3.49075200000000
3.45380500000000
3.49317500000000
3.51547000000000
3.49891400000000
3.51794000000000
3.50680400000000
3.52562810000000
3.50309990000000
3.50412890000000
3.53578710000000
3.51359200000000
3.54800700000000
3.53770490000000
3.54778000000000
3.52938600000000
3.55059910000000
3.56757210000000
3.56278490000000
3.55609300000000
3.56441810000000
3.55654410000000
3.53812500000000
3.56866690000000
3.57555390000000
3.54760500000000
3.55379800000000
3.56231400000000
3.57219200000000
3.55891110000000
3.55264900000000
3.55152390000000
3.53674510000000
3.52795510000000
3.51447010000000
3.49613090000000
3.49439000000000
3.51680710000000
3.49876090000000
3.49637890000000
3.49963900000000
3.43002890000000
3.44482710000000
3.44376710000000
3.43220590000000
3.42392800000000
3.41963790000000
3.41725900000000
3.39525290000000
3.38034800000000
3.36968400000000
3.37212610000000
3.34448410000000
3.34209990000000
3.33436300000000
3.31060500000000
3.27888110000000
3.24285100000000
3.23642800000000
3.23742700000000
3.25515200000000
3.26909710000000
3.27418710000000
3.30753110000000
3.28880600000000
3.29831910000000
3.29332800000000
3.31129790000000
3.30081700000000
3.29705410000000
3.30332710000000
3.29114200000000
3.29075690000000
3.29307700000000
3.30706500000000
3.32653590000000
3.34078410000000
3.36597390000000
3.34855510000000
3.37072610000000
3.36884690000000
3.36758400000000
3.38139610000000
3.38890910000000
3.41663000000000
3.41586210000000
3.42562290000000
3.44700790000000
3.45955610000000
3.47884610000000
3.51522110000000
3.54218790000000
3.53061010000000
3.53577900000000
3.62215210000000
3.62926600000000
3.68911190000000
3.73570990000000
3.75366400000000
3.81081300000000
3.82554790000000
3.79962800000000
3.84871700000000
3.79806800000000
3.85234000000000
3.77647900000000
3.82119610000000
3.76784990000000
3.74403410000000
3.77744510000000
3.75514200000000
3.78811190000000
3.75931190000000
3.77171800000000
3.74814800000000
3.72685910000000
3.79241990000000
3.73771190000000
3.72546700000000
3.78017000000000
3.74605490000000
3.74334000000000
3.74550800000000
3.79447200000000
3.73364900000000
3.73826100000000
3.72449800000000
3.77146410000000
3.75692610000000
3.73801090000000
3.75585390000000
3.72219800000000
3.74306510000000
3.74724290000000
3.71577100000000
3.67330100000000
3.71498490000000
3.67424890000000
3.73125600000000
3.71404190000000
3.71459010000000
3.74909710000000
3.66954800000000
3.69382810000000
3.69124700000000
3.70248010000000
3.69299200000000
3.65825890000000
3.68210410000000
3.68426390000000
3.68029310000000
3.68073010000000
3.70576500000000
3.67714100000000
3.75207000000000
3.73069500000000
3.70653800000000
3.72873900000000
3.68171190000000
3.69003890000000
3.69080500000000
3.72941300000000
3.72350410000000
3.68957710000000
3.73469400000000
3.67136410000000
3.71658300000000
3.65632390000000
3.68673900000000
3.70389290000000
3.66716000000000
3.67447400000000
3.69483090000000
3.68262790000000
3.68506410000000
3.69752910000000
3.69949890000000
3.68242600000000
3.69619890000000
3.66347500000000
3.69205000000000
3.70244690000000
3.69574090000000
3.66135410000000
3.62393690000000
3.64317700000000
3.57945900000000
3.60223100000000
3.56341410000000
3.58609290000000
3.57516690000000
3.58736800000000
3.54676800000000
3.56690910000000
3.54407100000000
3.50296310000000
3.53773000000000
3.51523210000000
3.51174000000000
3.50456810000000
3.50831290000000
3.45527010000000
3.47582200000000
3.45443010000000
3.48137590000000
3.46736410000000
3.49968700000000
3.46033500000000
3.45633290000000
3.49150710000000
3.44690800000000
3.47061710000000
3.42127490000000
3.44571710000000
3.44346190000000
3.41588400000000
3.43139200000000
3.42400000000000
3.43359900000000
3.41979100000000
3.39806890000000
3.39867000000000
3.41817500000000
3.37716700000000
3.37201500000000
3.36775300000000
3.37818600000000
3.40256190000000
3.34940510000000
3.35045290000000
3.38676100000000
3.32143000000000
3.36258790000000
3.35350890000000
3.35484100000000
3.32163190000000
3.31316210000000
3.34850100000000
3.31645300000000
3.36910300000000
3.32345510000000
3.34539700000000
3.34561990000000
3.36050800000000
3.32478400000000
3.34406400000000
3.35785510000000
3.37454890000000
3.35812310000000
3.39418600000000
3.37732410000000
3.40358090000000
3.37810610000000
3.37482910000000
3.37970590000000
3.36610700000000
3.34835700000000
3.37619590000000
3.38776400000000
3.35805800000000
3.37655500000000
3.34644390000000
3.39054990000000
3.37984200000000
3.36384390000000
3.36605410000000
3.40204500000000
3.37925410000000
3.37140300000000
3.39758610000000
3.40860200000000
3.42463110000000
3.37512490000000
3.40991810000000
3.40332200000000
3.44097500000000
3.42241410000000
3.44680500000000
3.41118410000000
3.44990800000000
3.43922810000000
3.46032090000000
3.46042610000000
3.41480210000000
3.47754000000000
3.47586110000000
3.43839000000000
3.49479600000000
3.46549300000000
3.51365400000000
3.53480290000000
3.51603890000000
3.53288290000000
3.55184790000000
3.51440810000000
3.51452090000000
3.59469510000000
3.54445600000000
3.52757910000000
3.60992410000000
3.58610390000000
3.65220400000000
3.54302190000000
3.58651590000000
3.56681200000000
3.58050990000000
3.53980900000000
3.56084200000000
3.63032600000000
3.57905890000000
3.64955400000000
3.58109310000000
3.61159800000000
3.57239290000000
3.63527490000000
3.62336800000000
3.62568400000000
3.59344410000000
3.63273500000000
3.64853410000000
3.58170600000000
3.64186310000000
3.62112900000000
3.57090900000000
3.67820500000000