spectre
GradoAlcoholico	13.0500002000000
skip
0.898152000000000
0.940071000000000
0.972952000000000
1.01038800000000
1.04035900000000
1.06328900000000
1.08610700000000
1.10732200000000
1.12688200000000
1.14096500000000
1.15032700000000
1.16026600000000
1.16497400000000
1.16886600000000
1.17336700000000
1.17036500000000
1.16625300000000
1.16379500000000
1.15646100000000
1.15177090000000
1.13852000000000
1.12575600000000
1.11373400000000
1.09896600000000
1.08355800000000
1.06853700000000
1.05140700000000
1.03515700000000
1.01758000000000
0.999867000000000
0.982322000000000
0.963916000000000
0.944319000000000
0.925951000000000
0.907249000000000
0.888806000000000
0.869481000000000
0.851492000000000
0.833161000000000
0.815883000000000
0.797712000000000
0.775599000000000
0.759844000000000
0.741310000000000
0.723538000000000
0.705570000000000
0.687505000000000
0.670694000000000
0.652623000000000
0.636012000000000
0.618820000000000
0.602749000000000
0.587907000000000
0.570884000000000
0.557268000000000
0.539417000000000
0.525865000000000
0.511004000000000
0.495877000000000
0.482165000000000
0.467693000000000
0.454414000000000
0.441357000000000
0.429886000000000
0.417669000000000
0.406260000000000
0.395671000000000
0.384876000000000
0.376060000000000
0.366315000000000
0.357000000000000
0.348928000000000
0.340218000000000
0.332430000000000
0.325142000000000
0.317229000000000
0.309889000000000
0.302931000000000
0.296109000000000
0.288902000000000
0.282415000000000
0.275556000000000
0.269925000000000
0.263262000000000
0.257172000000000
0.250945000000000
0.245087000000000
0.239562000000000
0.233943000000000
0.228143000000000
0.222709000000000
0.218133000000000
0.212557000000000
0.207523000000000
0.203047000000000
0.198260000000000
0.193975000000000
0.189438000000000
0.185247000000000
0.180966000000000
0.177053000000000
0.172650000000000
0.169304000000000
0.165269000000000
0.161689000000000
0.158314000000000
0.154709000000000
0.151478000000000
0.148304000000000
0.145056000000000
0.142201000000000
0.139116000000000
0.136031000000000
0.133216000000000
0.130610000000000
0.127943000000000
0.125243000000000
0.123015000000000
0.120297000000000
0.118116000000000
0.115795000000000
0.113314000000000
0.111289000000000
0.109155000000000
0.107071000000000
0.105197000000000
0.103357000000000
0.101366000000000
0.0997440000000000
0.0979359970000000
0.0963900010000000
0.0948050020000000
0.0931290020000000
0.0916280000000000
0.0901760010000000
0.0887089970000000
0.0873539970000000
0.0860100020000000
0.0847209990000000
0.0835430030000000
0.0822490010000000
0.0810030030000000
0.0798930000000000
0.0786850010000000
0.0775550010000000
0.0764440000000000
0.0750890000000000
0.0738480020000000
0.0726760030000000
0.0715890010000000
0.0706129970000000
0.0698829960000000
0.0693570000000000
0.0689769980000000
0.0688449960000000
0.0689190030000000
0.0691239980000000
0.0696059990000000
0.0702460040000000
0.0711179970000000
0.0721860010000000
0.0734390020000000
0.0746140030000000
0.0758619980000000
0.0769710020000000
0.0778300020000000
0.0786290020000000
0.0791689980000000
0.0795279960000000
0.0796549990000000
0.0795049970000000
0.0792540010000000
0.0789759980000000
0.0789100010000000
0.0786150020000000
0.0781409960000000
0.0776489970000000
0.0771630030000000
0.0767259970000000
0.0762889980000000
0.0757080020000000
0.0751079990000000
0.0744760040000000
0.0737890010000000
0.0730770010000000
0.0723730030000000
0.0716100040000000
0.0708670020000000
0.0700329990000000
0.0692029970000000
0.0684060010000000
0.0675579980000000
0.0667160000000000
0.0659459980000000
0.0650829970000000
0.0643190000000000
0.0636050030000000
0.0628509970000000
0.0622240010000000
0.0616430010000000
0.0610749980000000
0.0606690010000000
0.0603049990000000
0.0600330010000000
0.0598829980000000
0.0598439980000000
0.0599710010000000
0.0602630000000000
0.0608239990000000
0.0615799990000000
0.0625370000000000
0.0638369990000000
0.0652429980000000
0.0668290030000000
0.0685980020000000
0.0702679980000000
0.0719709990000000
0.0735839980000000
0.0749069970000000
0.0761870000000000
0.0772039960000000
0.0780240000000000
0.0787670020000000
0.0794039960000000
0.0799819980000000
0.0805789980000000
0.0810760040000000
0.0816859980000000
0.0823300030000000
0.0829129960000000
0.0836030020000000
0.0843480010000000
0.0851050020000000
0.0859849970000000
0.0869380010000000
0.0879240040000000
0.0891119990000000
0.0903119970000000
0.0916040020000000
0.0930650010000000
0.0945049970000000
0.0960920010000000
0.0978059990000000
0.0994770010000000
0.101348000000000
0.103293000000000
0.105166000000000
0.107291000000000
0.109368000000000
0.111388000000000
0.113608000000000
0.115687000000000
0.117709000000000
0.119950000000000
0.122185000000000
0.124812000000000
0.127855000000000
0.131252000000000
0.135602000000000
0.140841000000000
0.146618000000000
0.154134000000000
0.162286000000000
0.171404000000000
0.182523000000000
0.193923000000000
0.206900000000000
0.221702000000000
0.236708000000000
0.254244000000000
0.273726000000000
0.293966000000000
0.318398000000000
0.344338000000000
0.371236000000000
0.402662000000000
0.432636000000000
0.462313000000000
0.492048000000000
0.516509000000000
0.538254000000000
0.556196000000000
0.568949000000000
0.579582000000000
0.586851000000000
0.592017000000000
0.595778000000000
0.597862000000000
0.598479000000000
0.597657000000000
0.595523000000000
0.591888000000000
0.586886000000000
0.580996000000000
0.573605000000000
0.565353000000000
0.556733000000000
0.546467000000000
0.536116000000000
0.525390000000000
0.513288000000000
0.501611000000000
0.489252000000000
0.476077000000000
0.463628000000000
0.450073000000000
0.436571000000000
0.423667000000000
0.409608000000000
0.396335000000000
0.383479000000000
0.369821000000000
0.357438000000000
0.345093000000000
0.332635000000000
0.321619000000000
0.310281000000000
0.299620000000000
0.290043000000000
0.280160000000000
0.271368000000000
0.263332000000000
0.255222000000000
0.248217000000000
0.241698000000000
0.235424000000000
0.230254000000000
0.225293000000000
0.221022000000000
0.217506000000000
0.214260000000000
0.211741000000000
0.209678000000000
0.208119000000000
0.207147000000000
0.206714000000000
0.206902000000000
0.207567000000000
0.208778000000000
0.210654000000000
0.212848000000000
0.215832000000000
0.219120000000000
0.223026000000000
0.227601000000000
0.232252000000000
0.237539000000000
0.243417000000000
0.249146000000000
0.255713000000000
0.237383000000000
0.243249000000000
0.249620000000000
0.256147000000000
0.262523000000000
0.269884000000000
0.277416000000000
0.285664000000000
0.295759000000000
0.306705000000000
0.320475000000000
0.337440000000000
0.357166000000000
0.382705000000000
0.413566000000000
0.448462000000000
0.494188000000000
0.543277000000000
0.599793000000000
0.665202000000000
0.730866000000000
0.803861000000000
0.878563000000000
0.950035000000000
1.02672200000000
1.09686900000000
1.15986800000000
1.21783400000000
1.26357000000000
1.30255790000000
1.33631400000000
1.36213200000000
1.38587400000000
1.40530500000000
1.42223600000000
1.43890600000000
1.45425200000000
1.46911100000000
1.48414000000000
1.49717610000000
1.50992100000000
1.51995400000000
1.52850000000000
1.53524900000000
1.53972600000000
1.54244200000000
1.54441700000000
1.54511800000000
1.54440700000000
1.54214800000000
1.53888910000000
1.53369900000000
1.52756500000000
1.52069200000000
1.51231800000000
1.50409810000000
1.49491410000000
1.48521490000000
1.47617300000000
1.46593000000000
1.45632990000000
1.44662400000000
1.43645100000000
1.42685790000000
1.41721800000000
1.40723100000000
1.39800800000000
1.38817200000000
1.37870900000000
1.36978600000000
1.36026900000000
1.35168600000000
1.34303700000000
1.33451000000000
1.32715200000000
1.31954300000000
1.31287800000000
1.30716100000000
1.30157300000000
1.29734600000000
1.29390600000000
1.29145710000000
1.29036100000000
1.29047200000000
1.29212400000000
1.29496300000000
1.29980190000000
1.30578990000000
1.31395100000000
1.32403600000000
1.33553000000000
1.34965500000000
1.36607000000000
1.38332500000000
1.40491000000000
1.42723300000000
1.45247500000000
1.48147900000000
1.51069700000000
1.54481600000000
1.58151900000000
1.61895000000000
1.66374500000000
1.70850400000000
1.75763910000000
1.81214800000000
1.86657910000000
1.92686100000000
1.99015800000000
2.05374100000000
2.12478210000000
2.19398310000000
2.26542900000000
2.33976600000000
2.40787510000000
2.48218110000000
2.54734210000000
2.60911890000000
2.66984890000000
2.71874500000000
2.76508190000000
2.81138490000000
2.84361290000000
2.87750410000000
2.90627790000000
2.92649100000000
2.95438500000000
2.95823410000000
2.98739700000000
2.99644090000000
3.01647000000000
3.03287510000000
3.04956010000000
3.05972700000000
3.07817200000000
3.08241800000000
3.09754200000000
3.10597990000000
3.11793400000000
3.12400010000000
3.13152000000000
3.13401700000000
3.14955000000000
3.15620590000000
3.16066410000000
3.16632510000000
3.17610310000000
3.17680000000000
3.18245700000000
3.18391390000000
3.19466810000000
3.20351600000000
3.20592090000000
3.19999410000000
3.20749590000000
3.20387790000000
3.21240090000000
3.22090290000000
3.21678090000000
3.23482110000000
3.22884490000000
3.23592400000000
3.23623110000000
3.25058200000000
3.25566100000000
3.24767590000000
3.26630000000000
3.26181600000000
3.26100300000000
3.26777010000000
3.26712200000000
3.27255890000000
3.27707700000000
3.27458600000000
3.28592990000000
3.28350000000000
3.30313300000000
3.29098390000000
3.29283090000000
3.30787400000000
3.30852700000000
3.32514910000000
3.32572700000000
3.32052110000000
3.31709290000000
3.33625600000000
3.33316400000000
3.33175990000000
3.33378910000000
3.34287810000000
3.34330110000000
3.33745600000000
3.33880500000000
3.33916210000000
3.32911710000000
3.31516500000000
3.31596210000000
3.31681200000000
3.32612400000000
3.30426000000000
3.30265500000000
3.30127310000000
3.28803610000000
3.29380200000000
3.29004100000000
3.27454900000000
3.29881910000000
3.30840490000000
3.32025000000000
3.30855700000000
3.33430790000000
3.30899100000000
3.33541300000000
3.34849500000000
3.35811090000000
3.34659000000000
3.37166600000000
3.38613300000000
3.38702390000000
3.40081410000000
3.41809200000000
3.41175100000000
3.41967300000000
3.43085410000000
3.43357210000000
3.45414590000000
3.42107510000000
3.46673990000000
3.45597410000000
3.43802500000000
3.46061400000000
3.44277810000000
3.44448490000000
3.47136900000000
3.45902710000000
3.45172810000000
3.46149900000000
3.46534110000000
3.46448800000000
3.46360710000000
3.45846010000000
3.45774700000000
3.47739700000000
3.47712990000000
3.47677900000000
3.48664900000000
3.46527600000000
3.49123810000000
3.47625300000000
3.47524690000000
3.49806690000000
3.49001500000000
3.47637100000000
3.49801490000000
3.48538400000000
3.51214910000000
3.49053000000000
3.49377390000000
3.50825600000000
3.50730110000000
3.52674600000000
3.53243990000000
3.52930500000000
3.52369810000000
3.57579090000000
3.53041290000000
3.55266400000000
3.54551510000000
3.57220890000000
3.57445100000000
3.55509590000000
3.56298900000000
3.56962110000000
3.58986090000000
3.54153900000000
3.55797600000000
3.56601500000000
3.54940390000000
3.57432390000000
3.55294200000000
3.56037000000000
3.56981900000000
3.52226500000000
3.51421590000000
3.53359890000000
3.53476100000000
3.53730800000000
3.52228500000000
3.51596500000000
3.50291710000000
3.46185090000000
3.46446390000000
3.45892310000000
3.44175790000000
3.45297000000000
3.44366500000000
3.41717510000000
3.42669110000000
3.43081310000000
3.41842010000000
3.38408800000000
3.39419700000000
3.38341500000000
3.37183090000000
3.35686210000000
3.32929990000000
3.28591110000000
3.28241300000000
3.26201200000000
3.24199800000000
3.23581100000000
3.24783110000000
3.26431300000000
3.27585200000000
3.30447600000000
3.29480790000000
3.29420090000000
3.28961490000000
3.29642110000000
3.31176400000000
3.31108310000000
3.30487800000000
3.28611490000000
3.30919500000000
3.31526490000000
3.30117510000000
3.33161090000000
3.32710190000000
3.35621310000000
3.35179710000000
3.35890510000000
3.38233300000000
3.36123490000000
3.37292790000000
3.39281610000000
3.40592910000000
3.38872500000000
3.42218400000000
3.44289800000000
3.44574500000000
3.46504500000000
3.45608500000000
3.51881790000000
3.55170490000000
3.55282590000000
3.62143800000000
3.68851210000000
3.70075890000000
3.73430490000000
3.71421100000000
3.83475400000000
3.81624100000000
3.86384610000000
3.87743500000000
3.86442490000000
3.79636910000000
3.90669200000000
3.81609610000000
3.83789300000000
3.82848500000000
3.86870790000000
3.81677700000000
3.75671410000000
3.80893900000000
3.78273010000000
3.75251790000000
3.75471500000000
3.77556990000000
3.73915700000000
3.74045110000000
3.74191400000000
3.74251290000000
3.74571900000000
3.76312300000000
3.72575090000000
3.71784900000000
3.76479510000000
3.74146700000000
3.76090190000000
3.78609200000000
3.71137000000000
3.72744890000000
3.69366000000000
3.73921900000000
3.72310900000000
3.71786000000000
3.70604300000000
3.74393800000000
3.67809510000000
3.69473100000000
3.69848300000000
3.66940310000000
3.71495010000000
3.72984000000000
3.74317190000000
3.62975600000000
3.69608400000000
3.68342900000000
3.67162490000000
3.67598010000000
3.70553090000000
3.65135410000000
3.64914990000000
3.66995190000000
3.71241400000000
3.69973900000000
3.72937490000000
3.74343400000000
3.72412490000000
3.73735690000000
3.74091790000000
3.63485600000000
3.68076710000000
3.70063090000000
3.73378710000000
3.70313810000000
3.73500110000000
3.71014500000000
3.74428200000000
3.66161200000000
3.68833590000000
3.71150590000000
3.66913600000000
3.69596100000000
3.65098190000000
3.63426900000000
3.70874910000000
3.66001390000000
3.69513510000000
3.66199710000000
3.71994710000000
3.63084510000000
3.65787790000000
3.67732310000000
3.64566990000000
3.68712590000000
3.61576010000000
3.62595610000000
3.62996700000000
3.60062100000000
3.60255600000000
3.61974910000000
3.58028510000000
3.58283810000000
3.55157710000000
3.55139800000000
3.58002900000000
3.55041500000000
3.52224210000000
3.53613710000000
3.52915000000000
3.51563190000000
3.50755190000000
3.48911190000000
3.51232910000000
3.50619010000000
3.45589710000000
3.43282790000000
3.44152690000000
3.45044990000000
3.47599700000000
3.43341990000000
3.45422510000000
3.44369510000000
3.42700410000000
3.47876810000000
3.41389700000000
3.45129610000000
3.40892510000000
3.43062500000000
3.46184400000000
3.40402100000000
3.41952400000000
3.38295200000000
3.40323500000000
3.38501190000000
3.37006500000000
3.39067890000000
3.36209110000000
3.42022990000000
3.34276100000000
3.36272000000000
3.37894010000000
3.37912010000000
3.36129810000000
3.36171890000000
3.35040500000000
3.34615300000000
3.32557010000000
3.35463500000000
3.34806610000000
3.34895710000000
3.36800190000000
3.35926290000000
3.36326600000000
3.35243700000000
3.33001800000000
3.33874800000000
3.36376500000000
3.35943010000000
3.37509200000000
3.39916900000000
3.33665990000000
3.35980700000000
3.36537100000000
3.33743190000000
3.42332910000000
3.37463810000000
3.38991590000000
3.39227100000000
3.37276790000000
3.38392900000000
3.38465190000000
3.39880300000000
3.39374490000000
3.37845210000000
3.32790210000000
3.38404800000000
3.40213800000000
3.39493300000000
3.37879300000000
3.34353210000000
3.40088110000000
3.40253090000000
3.40413810000000
3.40971400000000
3.39917400000000
3.38199710000000
3.46345090000000
3.40274100000000
3.44753790000000
3.42601610000000
3.42508410000000
3.44724990000000
3.49786000000000
3.43792200000000
3.45819400000000
3.49287890000000
3.47345210000000
3.50248290000000
3.48381900000000
3.52811500000000
3.53361300000000
3.51957990000000
3.57181810000000
3.51481100000000
3.57162900000000
3.51411200000000
3.48972990000000
3.54583190000000
3.61717890000000
3.58477590000000
3.58600710000000
3.57778600000000
3.58747790000000
3.58641600000000
3.56049110000000
3.53226590000000
3.61548500000000
3.50946500000000
3.57122300000000
3.61287310000000
3.60872290000000
3.57702490000000
3.64478800000000
3.61646890000000
3.50931500000000
3.60353590000000
3.62717600000000
3.61312700000000
3.66260700000000
3.61745100000000
3.57146410000000
3.62340000000000
3.59791710000000
3.64801600000000