spectre
GradoAlcoholico	10.6599998000000
skip
0.770354000000000
0.793335000000000
0.812253000000000
0.830055000000000
0.836856000000000
0.840712000000000
0.844538000000000
0.845294000000000
0.842755000000000
0.835707000000000
0.830164000000000
0.824291000000000
0.814132000000000
0.803639000000000
0.792892000000000
0.781978000000000
0.769754000000000
0.757949000000000
0.745166000000000
0.731899000000000
0.720132000000000
0.705495000000000
0.693410000000000
0.679241000000000
0.666865000000000
0.654237000000000
0.641130000000000
0.627431000000000
0.615947000000000
0.603339000000000
0.590340000000000
0.578312000000000
0.566440000000000
0.554389000000000
0.542470000000000
0.530836000000000
0.520380000000000
0.508047000000000
0.496070000000000
0.484920000000000
0.473807000000000
0.462575000000000
0.451753000000000
0.440748000000000
0.429437000000000
0.419323000000000
0.408044000000000
0.396969000000000
0.387466000000000
0.377768000000000
0.367692000000000
0.358567000000000
0.348724000000000
0.339588000000000
0.331322000000000
0.321901000000000
0.313493000000000
0.305645000000000
0.296727000000000
0.288724000000000
0.281052000000000
0.272403000000000
0.265024000000000
0.258313000000000
0.251064000000000
0.244864000000000
0.238600000000000
0.232491000000000
0.227559000000000
0.221534000000000
0.216445000000000
0.211867000000000
0.207781000000000
0.203305000000000
0.199282000000000
0.194856000000000
0.190929000000000
0.187095000000000
0.183572000000000
0.179364000000000
0.176078000000000
0.172663000000000
0.169132000000000
0.166048000000000
0.162313000000000
0.159420000000000
0.156266000000000
0.153428000000000
0.150092000000000
0.147210000000000
0.144123000000000
0.141672000000000
0.139080000000000
0.135979000000000
0.133617000000000
0.130994000000000
0.128705000000000
0.126389000000000
0.123871000000000
0.121393000000000
0.119313000000000
0.116902000000000
0.115226000000000
0.112852000000000
0.110639000000000
0.108952000000000
0.106799000000000
0.104679000000000
0.102880000000000
0.101037000000000
0.0992020000000000
0.0972789970000000
0.0957600030000000
0.0940970030000000
0.0925260040000000
0.0907830000000000
0.0894249980000000
0.0878200010000000
0.0862950010000000
0.0849049990000000
0.0835080000000000
0.0820870030000000
0.0807219970000000
0.0794849990000000
0.0781200010000000
0.0770490020000000
0.0758700000000000
0.0747009960000000
0.0737980010000000
0.0726699980000000
0.0717649980000000
0.0708409990000000
0.0698169990000000
0.0689670000000000
0.0681670010000000
0.0673070030000000
0.0664620030000000
0.0657450040000000
0.0650520030000000
0.0642770010000000
0.0636290010000000
0.0628969970000000
0.0622770000000000
0.0616049990000000
0.0609150010000000
0.0601879990000000
0.0594110000000000
0.0586289990000000
0.0578799990000000
0.0572870000000000
0.0567610000000000
0.0564539990000000
0.0562900010000000
0.0563619990000000
0.0566009990000000
0.0570230000000000
0.0576660000000000
0.0584460010000000
0.0595140010000000
0.0607080010000000
0.0621500020000000
0.0636610020000000
0.0651689990000000
0.0667909980000000
0.0681210010000000
0.0692880000000000
0.0703250020000000
0.0711330030000000
0.0716909990000000
0.0720639970000000
0.0721049980000000
0.0719790010000000
0.0719660000000000
0.0721670020000000
0.0721269990000000
0.0718370010000000
0.0715010020000000
0.0712200030000000
0.0709389970000000
0.0706790020000000
0.0702390000000000
0.0697960030000000
0.0693209990000000
0.0687989970000000
0.0682220010000000
0.0676610020000000
0.0670059990000000
0.0663930030000000
0.0657090020000000
0.0649989990000000
0.0643280000000000
0.0636050030000000
0.0628860000000000
0.0622240010000000
0.0615010000000000
0.0608160010000000
0.0601990000000000
0.0595700000000000
0.0590259990000000
0.0585229990000000
0.0581090000000000
0.0577559990000000
0.0574779990000000
0.0573059990000000
0.0572439990000000
0.0572919990000000
0.0575320010000000
0.0579180010000000
0.0585849990000000
0.0594349990000000
0.0605310020000000
0.0619449990000000
0.0634820010000000
0.0651979970000000
0.0670910030000000
0.0688629970000000
0.0706840010000000
0.0724129970000000
0.0738499980000000
0.0751859990000000
0.0762749980000000
0.0771690010000000
0.0779540020000000
0.0786350000000000
0.0792749970000000
0.0798930000000000
0.0804819990000000
0.0811180030000000
0.0817769990000000
0.0824489970000000
0.0831609960000000
0.0839229970000000
0.0846799980000000
0.0856230040000000
0.0865850000000000
0.0875839960000000
0.0887930020000000
0.0900119990000000
0.0913050030000000
0.0927859990000000
0.0942109970000000
0.0957870040000000
0.0974999960000000
0.0991199990000000
0.100957000000000
0.102829000000000
0.104656000000000
0.106701000000000
0.108708000000000
0.110694000000000
0.112862000000000
0.114903000000000
0.116987000000000
0.119268000000000
0.121621000000000
0.124363000000000
0.127568000000000
0.131146000000000
0.135729000000000
0.141132000000000
0.147135000000000
0.154933000000000
0.163396000000000
0.172816000000000
0.184311000000000
0.196069000000000
0.209462000000000
0.224698000000000
0.240142000000000
0.258196000000000
0.278211000000000
0.299028000000000
0.324092000000000
0.350744000000000
0.378304000000000
0.410593000000000
0.441348000000000
0.471734000000000
0.502165000000000
0.527167000000000
0.549292000000000
0.567436000000000
0.580175000000000
0.590665000000000
0.597720000000000
0.602631000000000
0.606018000000000
0.607763000000000
0.607963000000000
0.606744000000000
0.604230000000000
0.600143000000000
0.594704000000000
0.588382000000000
0.580559000000000
0.571863000000000
0.562864000000000
0.552178000000000
0.541441000000000
0.530337000000000
0.517832000000000
0.505844000000000
0.493132000000000
0.479617000000000
0.466907000000000
0.453051000000000
0.439259000000000
0.426173000000000
0.411855000000000
0.398375000000000
0.385320000000000
0.371461000000000
0.358906000000000
0.346400000000000
0.333779000000000
0.322637000000000
0.311175000000000
0.300377000000000
0.290699000000000
0.280738000000000
0.271867000000000
0.263689000000000
0.255507000000000
0.248466000000000
0.241845000000000
0.235553000000000
0.230363000000000
0.225355000000000
0.221099000000000
0.217585000000000
0.214358000000000
0.211822000000000
0.209850000000000
0.208312000000000
0.207425000000000
0.207084000000000
0.207278000000000
0.208065000000000
0.209446000000000
0.211320000000000
0.213639000000000
0.216716000000000
0.220124000000000
0.224140000000000
0.228858000000000
0.233679000000000
0.239112000000000
0.245152000000000
0.251025000000000
0.257677000000000
0.238459000000000
0.244481000000000
0.250997000000000
0.257665000000000
0.264224000000000
0.271754000000000
0.279485000000000
0.287871000000000
0.298201000000000
0.309379000000000
0.323415000000000
0.340653000000000
0.360712000000000
0.386643000000000
0.417945000000000
0.453349000000000
0.499716000000000
0.549506000000000
0.606782000000000
0.673307000000000
0.739951000000000
0.814088000000000
0.890225000000000
0.962919000000000
1.04102600000000
1.11243800000000
1.17618100000000
1.23472200000000
1.28061900000000
1.31922810000000
1.35224900000000
1.37715010000000
1.40007900000000
1.41832900000000
1.43389000000000
1.44946300000000
1.46335490000000
1.47692890000000
1.49063000000000
1.50263200000000
1.51421200000000
1.52408100000000
1.53204600000000
1.53859310000000
1.54307600000000
1.54622300000000
1.54835000000000
1.54898300000000
1.54838000000000
1.54630700000000
1.54294600000000
1.53791200000000
1.53196500000000
1.52496000000000
1.51691600000000
1.50890600000000
1.50003190000000
1.49092810000000
1.48202900000000
1.47235200000000
1.46301500000000
1.45373500000000
1.44367300000000
1.43451700000000
1.42494090000000
1.41505400000000
1.40625890000000
1.39648700000000
1.38720700000000
1.37832200000000
1.36894400000000
1.36035500000000
1.35189000000000
1.34343400000000
1.33607900000000
1.32870300000000
1.32191000000000
1.31623900000000
1.31106100000000
1.30680100000000
1.30364500000000
1.30144300000000
1.30065700000000
1.30092000000000
1.30295710000000
1.30622900000000
1.31128300000000
1.31789400000000
1.32632800000000
1.33709300000000
1.34899800000000
1.36372600000000
1.38057200000000
1.39835800000000
1.42063900000000
1.44364700000000
1.46935400000000
1.49887600000000
1.52926700000000
1.56362200000000
1.60148890000000
1.63959000000000
1.68532200000000
1.73083600000000
1.78073300000000
1.83627500000000
1.89066200000000
1.95262500000000
2.01621100000000
2.08009410000000
2.15242910000000
2.22040010000000
2.29295110000000
2.36555910000000
2.43424700000000
2.50452710000000
2.56881810000000
2.62959910000000
2.68832400000000
2.73896600000000
2.78178310000000
2.82560900000000
2.86024090000000
2.89020800000000
2.91645790000000
2.93819000000000
2.95582700000000
2.97417000000000
2.99141000000000
3.00226690000000
3.02417110000000
3.03407410000000
3.04862400000000
3.06685710000000
3.07508800000000
3.08792090000000
3.10426400000000
3.11400890000000
3.12153290000000
3.12615300000000
3.13792110000000
3.14642600000000
3.14365200000000
3.15070200000000
3.16826510000000
3.17454790000000
3.17526890000000
3.17828990000000
3.18817810000000
3.18373800000000
3.19735790000000
3.19794700000000
3.20311400000000
3.21536710000000
3.21013500000000
3.21988390000000
3.22009800000000
3.22459410000000
3.22576810000000
3.22768000000000
3.23453500000000
3.24666400000000
3.24196910000000
3.25503210000000
3.24610900000000
3.24509100000000
3.25903890000000
3.25482300000000
3.26344490000000
3.26193090000000
3.25811600000000
3.27885390000000
3.26622200000000
3.28941200000000
3.27780890000000
3.28950910000000
3.28929810000000
3.30338190000000
3.30258300000000
3.30655790000000
3.30448100000000
3.31404210000000
3.32143690000000
3.32102300000000
3.30999490000000
3.32622600000000
3.33010890000000
3.33105490000000
3.34697790000000
3.34249000000000
3.34192710000000
3.34692100000000
3.34035900000000
3.33267810000000
3.31619000000000
3.33378510000000
3.32341410000000
3.32128000000000
3.30976200000000
3.32175900000000
3.30573610000000
3.28484200000000
3.31540390000000
3.31154300000000
3.28577090000000
3.29435210000000
3.30660510000000
3.30043890000000
3.30212590000000
3.32867910000000
3.32474210000000
3.32595900000000
3.34221790000000
3.35153790000000
3.34877990000000
3.37004710000000
3.37549000000000
3.38464900000000
3.39820190000000
3.41056900000000
3.41212010000000
3.42755010000000
3.41158890000000
3.42164900000000
3.41535810000000
3.42720790000000
3.45910690000000
3.42601610000000
3.43483090000000
3.46277400000000
3.46557210000000
3.47896700000000
3.46607900000000
3.45186000000000
3.43294190000000
3.45341300000000
3.47030400000000
3.45493700000000
3.46548200000000
3.47089290000000
3.47919390000000
3.46702500000000
3.46185400000000
3.45519900000000
3.44593310000000
3.48094200000000
3.49362900000000
3.47243500000000
3.49244900000000
3.46654700000000
3.45735690000000
3.48065400000000
3.49777290000000
3.48574210000000
3.49027300000000
3.49061390000000
3.48850390000000
3.49084210000000
3.50714900000000
3.51864290000000
3.52444100000000
3.54494910000000
3.51856090000000
3.53607990000000
3.53330490000000
3.55607510000000
3.55060510000000
3.54502200000000
3.54489400000000
3.58314610000000
3.57010010000000
3.57896400000000
3.55247400000000
3.57527590000000
3.55895590000000
3.57500000000000
3.56341410000000
3.57567410000000
3.56229000000000
3.56093000000000
3.56568500000000
3.54546000000000
3.56285810000000
3.52345490000000
3.54332400000000
3.52120090000000
3.53706910000000
3.51033810000000
3.48835710000000
3.48115490000000
3.48258590000000
3.45802690000000
3.47267100000000
3.45196390000000
3.45793200000000
3.43246790000000
3.42804410000000
3.40611000000000
3.40846400000000
3.40178800000000
3.39387700000000
3.39271310000000
3.37656090000000
3.36719890000000
3.33763910000000
3.31810810000000
3.32301210000000
3.29000310000000
3.26030400000000
3.24035910000000
3.23764990000000
3.24886300000000
3.25248000000000
3.28158590000000
3.28296800000000
3.28723310000000
3.29180190000000
3.29404810000000
3.31102110000000
3.27253700000000
3.29196190000000
3.29502800000000
3.29998710000000
3.31387400000000
3.30780700000000
3.30495690000000
3.34002710000000
3.32301400000000
3.34270910000000
3.36430600000000
3.35987210000000
3.38612100000000
3.37059000000000
3.38696600000000
3.39274310000000
3.40977410000000
3.41613510000000
3.40752790000000
3.42878200000000
3.46244000000000
3.46945910000000
3.49340700000000
3.51939300000000
3.55961390000000
3.54349800000000
3.59251500000000
3.64668800000000
3.68234710000000
3.76672790000000
3.77544090000000
3.76113610000000
3.81743790000000
3.85666700000000
3.87455510000000
3.83446100000000
3.86017300000000
3.85077100000000
3.80292510000000
3.80949400000000
3.85439490000000
3.86320210000000
3.84325410000000
3.84169790000000
3.79885890000000
3.73451710000000
3.80011890000000
3.79526500000000
3.75933910000000
3.75095610000000
3.78962900000000
3.75454710000000
3.78586790000000
3.77505800000000
3.72297600000000
3.77003600000000
3.74761200000000
3.76842090000000
3.73056600000000
3.75143100000000
3.78050710000000
3.76300690000000
3.77200290000000
3.71382590000000
3.70857190000000
3.71399090000000
3.70515300000000
3.76589890000000
3.65401410000000
3.67345910000000
3.74779300000000
3.72089790000000
3.72835490000000
3.72086690000000
3.71159700000000
3.71031810000000
3.68780400000000
3.70921210000000
3.68961600000000
3.70643810000000
3.69925810000000
3.72642710000000
3.76576810000000
3.66864300000000
3.67798500000000
3.71556590000000
3.70541910000000
3.71712210000000
3.72980810000000
3.72553210000000
3.76303700000000
3.72982100000000
3.77818800000000
3.74547290000000
3.72829700000000
3.77438500000000
3.69191790000000
3.70501490000000
3.70995900000000
3.72223000000000
3.71197010000000
3.72523810000000
3.68069790000000
3.66520000000000
3.72572300000000
3.67577600000000
3.66626410000000
3.65720510000000
3.66667290000000
3.72954010000000
3.68109110000000
3.69945190000000
3.70762300000000
3.64424400000000
3.64888600000000
3.63074300000000
3.66912790000000
3.61927290000000
3.64377500000000
3.62367700000000
3.59876390000000
3.57904100000000
3.57336900000000
3.63376590000000
3.52721690000000
3.56129600000000
3.53451610000000
3.56484510000000
3.54352500000000
3.53932190000000
3.51064400000000
3.52436710000000
3.49568100000000
3.50743790000000
3.49342490000000
3.49009700000000
3.48859910000000
3.48286100000000
3.45869590000000
3.50231190000000
3.48127010000000
3.46869800000000
3.44881510000000
3.45056800000000
3.44931890000000
3.44105410000000
3.42582300000000
3.43163110000000
3.43737410000000
3.43794110000000
3.40919800000000
3.41943000000000
3.39980290000000
3.39745000000000
3.42775800000000
3.41806700000000
3.39365410000000
3.37487010000000
3.38058090000000
3.39555410000000
3.37789110000000
3.36395190000000
3.38531400000000
3.35035490000000
3.38365790000000
3.34543900000000
3.34165100000000
3.32627890000000
3.32640000000000
3.32393410000000
3.32406810000000
3.35082790000000
3.33400300000000
3.34649400000000
3.35605690000000
3.33265090000000
3.36576890000000
3.36095600000000
3.37302800000000
3.34661700000000
3.35073400000000
3.34472990000000
3.38060000000000
3.37649800000000
3.35106110000000
3.40139200000000
3.35981800000000
3.35097790000000
3.36437890000000
3.38031700000000
3.37794590000000
3.39088110000000
3.39004210000000
3.40935210000000
3.34589910000000
3.39138390000000
3.36397000000000
3.37746690000000
3.36788800000000
3.40908000000000
3.39442990000000
3.38315700000000
3.37266110000000
3.36766290000000
3.39930800000000
3.39967200000000
3.38948890000000
3.42536500000000
3.41040900000000
3.42520810000000
3.44589400000000
3.45233390000000
3.43414210000000
3.45421600000000
3.43098400000000
3.44550800000000
3.47482400000000
3.44969110000000
3.49126410000000
3.48895310000000
3.47884300000000
3.49210190000000
3.49934600000000
3.53116490000000
3.55903290000000
3.54276700000000
3.53515100000000
3.55762510000000
3.61406210000000
3.57715890000000
3.55116700000000
3.56082010000000
3.62469100000000
3.54423900000000
3.57982610000000
3.58333300000000
3.57082390000000
3.61701700000000
3.58232090000000
3.59882000000000
3.55963210000000
3.59112910000000
3.58969400000000
3.63854100000000
3.64261010000000
3.59470010000000
3.60638900000000
3.55325390000000
3.69015910000000
3.61410310000000
3.61466500000000
3.63271000000000
3.66241000000000
3.61533090000000
3.65519000000000
3.60518190000000
3.66330790000000