spectre
GradoAlcoholico	10.5900002000000
skip
0.776312000000000
0.803588000000000
0.822384000000000
0.837281000000000
0.849005000000000
0.855490000000000
0.855720000000000
0.858326000000000
0.856607000000000
0.850175000000000
0.845665000000000
0.836993000000000
0.828557000000000
0.818068000000000
0.807765000000000
0.795028000000000
0.785497000000000
0.770970000000000
0.757576000000000
0.745665000000000
0.732496000000000
0.719044000000000
0.705720000000000
0.691750000000000
0.678029000000000
0.665701000000000
0.652285000000000
0.638075000000000
0.625508000000000
0.612268000000000
0.599648000000000
0.588411000000000
0.574895000000000
0.562416000000000
0.550720000000000
0.537997000000000
0.525955000000000
0.515231000000000
0.503327000000000
0.491199000000000
0.479900000000000
0.467936000000000
0.456788000000000
0.445494000000000
0.434112000000000
0.423806000000000
0.412752000000000
0.401797000000000
0.391337000000000
0.381687000000000
0.371170000000000
0.362287000000000
0.352172000000000
0.342585000000000
0.334387000000000
0.325054000000000
0.316254000000000
0.308050000000000
0.299693000000000
0.291244000000000
0.283406000000000
0.275219000000000
0.267565000000000
0.260525000000000
0.253322000000000
0.247278000000000
0.240537000000000
0.234615000000000
0.229634000000000
0.223747000000000
0.218876000000000
0.214217000000000
0.209871000000000
0.205154000000000
0.200732000000000
0.196823000000000
0.192745000000000
0.189087000000000
0.185178000000000
0.181724000000000
0.177722000000000
0.174280000000000
0.170920000000000
0.167532000000000
0.164129000000000
0.161108000000000
0.157571000000000
0.154530000000000
0.151869000000000
0.148807000000000
0.145909000000000
0.143131000000000
0.140160000000000
0.137637000000000
0.135186000000000
0.132625000000000
0.130220000000000
0.127800000000000
0.125480000000000
0.123010000000000
0.120797000000000
0.118556000000000
0.116276000000000
0.114073000000000
0.112024000000000
0.110078000000000
0.108048000000000
0.105768000000000
0.104304000000000
0.102421000000000
0.100582000000000
0.0988060010000000
0.0969159980000000
0.0953999980000000
0.0937559980000000
0.0921460020000000
0.0906089990000000
0.0890849980000000
0.0874039980000000
0.0860550030000000
0.0846880000000000
0.0831200030000000
0.0818789970000000
0.0805450010000000
0.0793740000000000
0.0781499970000000
0.0769930030000000
0.0758740010000000
0.0748630020000000
0.0738079990000000
0.0728209990000000
0.0719299990000000
0.0708940030000000
0.0700040010000000
0.0691140000000000
0.0683339980000000
0.0675270040000000
0.0667110010000000
0.0660320000000000
0.0652910020000000
0.0645459960000000
0.0638550000000000
0.0632440000000000
0.0625860020000000
0.0619110020000000
0.0611709990000000
0.0603390000000000
0.0596209990000000
0.0589220000000000
0.0582359990000000
0.0577640010000000
0.0574630010000000
0.0573199990000000
0.0573839990000000
0.0576200000000000
0.0580950010000000
0.0586269980000000
0.0594809990000000
0.0604449990000000
0.0615930000000000
0.0630510000000000
0.0645819980000000
0.0660139990000000
0.0676010030000000
0.0689079990000000
0.0700739990000000
0.0711029990000000
0.0718730020000000
0.0724830030000000
0.0728499960000000
0.0729440000000000
0.0728470010000000
0.0728819970000000
0.0730519970000000
0.0729319970000000
0.0726509990000000
0.0723019990000000
0.0719730030000000
0.0717170010000000
0.0714190010000000
0.0709989960000000
0.0705470000000000
0.0700920000000000
0.0695429970000000
0.0689710010000000
0.0683809970000000
0.0677599980000000
0.0671349990000000
0.0664450000000000
0.0657370020000000
0.0650760010000000
0.0643389970000000
0.0636309980000000
0.0629329980000000
0.0622089990000000
0.0615490000000000
0.0608999990000000
0.0602540000000000
0.0597009990000000
0.0591990020000000
0.0587430000000000
0.0584310000000000
0.0581119990000000
0.0579469990000000
0.0578869990000000
0.0579600000000000
0.0581719990000000
0.0585640000000000
0.0592130010000000
0.0600380000000000
0.0611330010000000
0.0625540020000000
0.0640780030000000
0.0657870020000000
0.0676660020000000
0.0694170000000000
0.0712160020000000
0.0729330030000000
0.0743590000000000
0.0757170020000000
0.0768060010000000
0.0776870030000000
0.0785040040000000
0.0791800020000000
0.0797979980000000
0.0804350000000000
0.0810429980000000
0.0816529990000000
0.0823249970000000
0.0829660000000000
0.0836960000000000
0.0844630000000000
0.0852580000000000
0.0861560030000000
0.0871390030000000
0.0881280000000000
0.0893350020000000
0.0905560030000000
0.0918359980000000
0.0933180000000000
0.0947439970000000
0.0963269990000000
0.0980240030000000
0.0996659990000000
0.101472000000000
0.103367000000000
0.105189000000000
0.107240000000000
0.109244000000000
0.111215000000000
0.113397000000000
0.115450000000000
0.117496000000000
0.119789000000000
0.122083000000000
0.124824000000000
0.128003000000000
0.131581000000000
0.136137000000000
0.141517000000000
0.147542000000000
0.155306000000000
0.163722000000000
0.173135000000000
0.184582000000000
0.196309000000000
0.209691000000000
0.224893000000000
0.240305000000000
0.258324000000000
0.278294000000000
0.299062000000000
0.324088000000000
0.350674000000000
0.378155000000000
0.410394000000000
0.441109000000000
0.471454000000000
0.501760000000000
0.526673000000000
0.548767000000000
0.566837000000000
0.579533000000000
0.589953000000000
0.596998000000000
0.601915000000000
0.605320000000000
0.607097000000000
0.607360000000000
0.606141000000000
0.603676000000000
0.599650000000000
0.594261000000000
0.588019000000000
0.580275000000000
0.571668000000000
0.562711000000000
0.552078000000000
0.541405000000000
0.530336000000000
0.517872000000000
0.505945000000000
0.493273000000000
0.479786000000000
0.467103000000000
0.453299000000000
0.439533000000000
0.426452000000000
0.412201000000000
0.398716000000000
0.385681000000000
0.371845000000000
0.359285000000000
0.346793000000000
0.334169000000000
0.323020000000000
0.311533000000000
0.300754000000000
0.291069000000000
0.281115000000000
0.272198000000000
0.264032000000000
0.255855000000000
0.248815000000000
0.242232000000000
0.235899000000000
0.230730000000000
0.225727000000000
0.221470000000000
0.217883000000000
0.214716000000000
0.212198000000000
0.210165000000000
0.208632000000000
0.207724000000000
0.207372000000000
0.207586000000000
0.208338000000000
0.209715000000000
0.211628000000000
0.213941000000000
0.217058000000000
0.220460000000000
0.224437000000000
0.229147000000000
0.233986000000000
0.239417000000000
0.245337000000000
0.251269000000000
0.257947000000000
0.241982000000000
0.247974000000000
0.254505000000000
0.261157000000000
0.267726000000000
0.275229000000000
0.282936000000000
0.291330000000000
0.301625000000000
0.312775000000000
0.326721000000000
0.343969000000000
0.363951000000000
0.389812000000000
0.420997000000000
0.456274000000000
0.502562000000000
0.552174000000000
0.609468000000000
0.675723000000000
0.742387000000000
0.816327000000000
0.892244000000000
0.964814000000000
1.04290500000000
1.11400790000000
1.17757400000000
1.23624100000000
1.28222200000000
1.32086300000000
1.35418000000000
1.37922800000000
1.40209500000000
1.42060700000000
1.43652590000000
1.45209000000000
1.46617700000000
1.47980900000000
1.49380900000000
1.50585100000000
1.51762000000000
1.52750300000000
1.53552790000000
1.54206100000000
1.54684810000000
1.54974100000000
1.55203700000000
1.55279600000000
1.55222700000000
1.55022800000000
1.54679700000000
1.54193600000000
1.53613600000000
1.52912900000000
1.52124910000000
1.51325090000000
1.50429590000000
1.49534400000000
1.48635010000000
1.47667400000000
1.46747300000000
1.45831200000000
1.44829500000000
1.43915100000000
1.42953100000000
1.41962700000000
1.41087200000000
1.40102400000000
1.39186600000000
1.38317500000000
1.37360000000000
1.36499800000000
1.35662500000000
1.34811400000000
1.34070400000000
1.33324400000000
1.32659300000000
1.32086690000000
1.31549000000000
1.31132400000000
1.30814300000000
1.30590800000000
1.30510600000000
1.30540700000000
1.30724500000000
1.31041300000000
1.31552400000000
1.32199200000000
1.33037300000000
1.34093700000000
1.35298200000000
1.36765100000000
1.38437700000000
1.40225800000000
1.42438700000000
1.44736100000000
1.47310400000000
1.50251700000000
1.53265500000000
1.56760800000000
1.60471590000000
1.64300600000000
1.68859200000000
1.73377500000000
1.78344400000000
1.83890700000000
1.89400700000000
1.95577900000000
2.01921300000000
2.08303310000000
2.15496110000000
2.22294310000000
2.29587010000000
2.37025090000000
2.43529800000000
2.50645400000000
2.57296900000000
2.63340400000000
2.69251700000000
2.74287890000000
2.78829100000000
2.83142810000000
2.86148190000000
2.89449000000000
2.92028000000000
2.93999510000000
2.96324990000000
2.97958300000000
2.99350310000000
3.00499390000000
3.02895690000000
3.03986690000000
3.05552510000000
3.06909490000000
3.08385800000000
3.09341910000000
3.10836510000000
3.11850090000000
3.12590600000000
3.12956910000000
3.13524290000000
3.14732690000000
3.15077900000000
3.16239690000000
3.16578510000000
3.17205600000000
3.17916990000000
3.18421200000000
3.19217110000000
3.18818690000000
3.20442700000000
3.19029310000000
3.20565700000000
3.21160200000000
3.21323700000000
3.21002410000000
3.22675800000000
3.22166710000000
3.23008610000000
3.23943590000000
3.23758010000000
3.24322390000000
3.23800300000000
3.24757700000000
3.25225590000000
3.25220490000000
3.26196190000000
3.26232410000000
3.25657510000000
3.27414110000000
3.26645400000000
3.27586700000000
3.27862600000000
3.28713200000000
3.29973600000000
3.29448290000000
3.28598310000000
3.30117200000000
3.31396200000000
3.32663110000000
3.30950190000000
3.30961490000000
3.32658000000000
3.32041500000000
3.33445910000000
3.33084200000000
3.33004400000000
3.33983800000000
3.33740090000000
3.35183310000000
3.35230300000000
3.34929110000000
3.35184310000000
3.34353090000000
3.32677290000000
3.33336210000000
3.32014490000000
3.33205010000000
3.30574490000000
3.32535410000000
3.29723190000000
3.29631300000000
3.30391310000000
3.29321600000000
3.29253010000000
3.30982900000000
3.28669400000000
3.32021500000000
3.31606510000000
3.31103210000000
3.32730700000000
3.34228800000000
3.35722800000000
3.35620690000000
3.35068490000000
3.38076000000000
3.38879390000000
3.37299110000000
3.40019800000000
3.41292310000000
3.40783310000000
3.40974590000000
3.40947200000000
3.43740300000000
3.43866900000000
3.45871590000000
3.44820500000000
3.45346500000000
3.45851990000000
3.45002600000000
3.45751910000000
3.45866490000000
3.46143700000000
3.48644900000000
3.47366400000000
3.47949190000000
3.48266790000000
3.42063900000000
3.48212410000000
3.48041610000000
3.47876910000000
3.47869210000000
3.47234110000000
3.47838400000000
3.46746490000000
3.47069810000000
3.47317500000000
3.46809600000000
3.49522210000000
3.48129700000000
3.48210500000000
3.49397400000000
3.47612190000000
3.50600000000000
3.48610810000000
3.50376700000000
3.49228600000000
3.50185300000000
3.51472900000000
3.48551610000000
3.53602790000000
3.51903100000000
3.53922800000000
3.53548910000000
3.52962990000000
3.54527090000000
3.56708600000000
3.56515190000000
3.56514600000000
3.54390310000000
3.56508800000000
3.55857300000000
3.57237700000000
3.58954310000000
3.57346390000000
3.55481410000000
3.58901600000000
3.56589600000000
3.55035900000000
3.55528310000000
3.56696300000000
3.56672410000000
3.55314710000000
3.54049800000000
3.53936200000000
3.49898700000000
3.50700000000000
3.51019100000000
3.50113700000000
3.48655010000000
3.49490500000000
3.49812890000000
3.46547010000000
3.46439910000000
3.47101090000000
3.44507910000000
3.44841910000000
3.41677590000000
3.41137500000000
3.40663100000000
3.38475490000000
3.40483590000000
3.39296390000000
3.37773390000000
3.36916800000000
3.33269310000000
3.30522610000000
3.28504610000000
3.27644110000000
3.25442500000000
3.24826410000000
3.24590990000000
3.26481510000000
3.26454400000000
3.27993610000000
3.30031800000000
3.29331210000000
3.31095100000000
3.30400990000000
3.29327010000000
3.30226490000000
3.30356000000000
3.29112910000000
3.30486390000000
3.31087490000000
3.34787610000000
3.33476000000000
3.34106490000000
3.34340000000000
3.36476710000000
3.37969400000000
3.37256000000000
3.38597300000000
3.39950990000000
3.40888600000000
3.40423700000000
3.39814310000000
3.41925600000000
3.46423790000000
3.47419000000000
3.46207690000000
3.51449800000000
3.54660610000000
3.55447100000000
3.58406310000000
3.63601400000000
3.64411500000000
3.71507810000000
3.73488210000000
3.75471810000000
3.76197500000000
3.80097510000000
3.81252100000000
3.81387900000000
3.85868910000000
3.82839490000000
3.77192710000000
3.83479500000000
3.84090900000000
3.82959510000000
3.81205110000000
3.81209490000000
3.78688410000000
3.78703190000000
3.80989790000000
3.77726290000000
3.69472190000000
3.78650590000000
3.69757010000000
3.79189610000000
3.77825000000000
3.75542000000000
3.77448800000000
3.74394490000000
3.75074510000000
3.74519900000000
3.75293800000000
3.77757810000000
3.72427800000000
3.73902200000000
3.73813510000000
3.72666690000000
3.75926300000000
3.78743600000000
3.68059400000000
3.69273090000000
3.69945100000000
3.68016290000000
3.72063400000000
3.73644400000000
3.72076010000000
3.70069000000000
3.69612600000000
3.69995400000000
3.68105600000000
3.71153400000000
3.70176910000000
3.70981600000000
3.70214700000000
3.66410210000000
3.67563200000000
3.67148400000000
3.70562790000000
3.73065300000000
3.72958990000000
3.72111200000000
3.71334290000000
3.70301700000000
3.68308210000000
3.70522090000000
3.73899700000000
3.72481490000000
3.71176000000000
3.71650510000000
3.70849610000000
3.68133210000000
3.71818210000000
3.72688390000000
3.70658300000000
3.68640800000000
3.65988490000000
3.72370510000000
3.70196510000000
3.66689900000000
3.67970400000000
3.69581390000000
3.70568300000000
3.65559510000000
3.71803310000000
3.68804310000000
3.67352200000000
3.68427210000000
3.65901300000000
3.66873290000000
3.65423700000000
3.65460490000000
3.62813900000000
3.63482900000000
3.61318800000000
3.58082010000000
3.59796910000000
3.57388900000000
3.59843300000000
3.58971500000000
3.53121590000000
3.56416990000000
3.56471490000000
3.55899910000000
3.53166010000000
3.54176400000000
3.53245210000000
3.46892600000000
3.52060790000000
3.49422500000000
3.51306200000000
3.46917890000000
3.47120500000000
3.47481990000000
3.48508690000000
3.48438100000000
3.48836090000000
3.46510200000000
3.45134310000000
3.39852400000000
3.46318200000000
3.43680500000000
3.39918090000000
3.44301890000000
3.41253210000000
3.41985510000000
3.43145900000000
3.39121390000000
3.39299990000000
3.40135410000000
3.39653210000000
3.40640310000000
3.40248490000000
3.40169910000000
3.37124200000000
3.37450600000000
3.37090900000000
3.38353300000000
3.36283300000000
3.35016990000000
3.34365610000000
3.35559700000000
3.36329890000000
3.36938500000000
3.33440710000000
3.32053300000000
3.32332110000000
3.35182690000000
3.32272510000000
3.34639410000000
3.35517100000000
3.34043190000000
3.34194990000000
3.33256600000000
3.35589100000000
3.35660700000000
3.37896300000000
3.37685110000000
3.36139200000000
3.36254000000000
3.37919400000000
3.38131900000000
3.36091090000000
3.34553000000000
3.38894510000000
3.35307500000000
3.37523290000000
3.35865590000000
3.38401100000000
3.34962700000000
3.39147400000000
3.35877490000000
3.34159400000000
3.36482500000000
3.36246300000000
3.39659190000000
3.36105610000000
3.39041210000000
3.38525200000000
3.43074390000000
3.39847590000000
3.40791010000000
3.38636400000000
3.44162200000000
3.41913010000000
3.42614890000000
3.44037290000000
3.42897390000000
3.46773100000000
3.47782900000000
3.41008500000000
3.47988890000000
3.43388010000000
3.46862100000000
3.43744210000000
3.47944400000000
3.47994210000000
3.48370000000000
3.51834200000000
3.57655000000000
3.53868290000000
3.43332290000000
3.56834200000000
3.52707910000000
3.58319400000000
3.55638910000000
3.56316210000000
3.58602000000000
3.55191900000000
3.56985690000000
3.58009200000000
3.54537110000000
3.61527200000000
3.63071700000000
3.60288910000000
3.61724310000000
3.61417100000000
3.59175900000000
3.58926110000000
3.60817100000000
3.62916990000000
3.60487100000000
3.68103190000000
3.65873410000000
3.65072800000000
3.63653590000000
3.62972590000000
3.58322810000000
3.60374690000000
3.64196800000000
3.69215610000000
3.61236410000000