spectre
GradoAlcoholico	11.3199997000000
skip
0.756680000000000
0.780143000000000
0.797081000000000
0.807876000000000
0.815197000000000
0.822373000000000
0.821055000000000
0.820541000000000
0.817006000000000
0.812100000000000
0.805581000000000
0.795835000000000
0.785814000000000
0.775104000000000
0.765053000000000
0.753704000000000
0.741222000000000
0.729489000000000
0.716427000000000
0.704122000000000
0.691373000000000
0.677294000000000
0.666025000000000
0.652992000000000
0.639610000000000
0.627903000000000
0.614758000000000
0.602089000000000
0.590295000000000
0.577845000000000
0.565508000000000
0.553836000000000
0.542012000000000
0.530542000000000
0.519214000000000
0.506635000000000
0.495944000000000
0.484755000000000
0.472781000000000
0.461978000000000
0.451794000000000
0.439827000000000
0.429502000000000
0.418506000000000
0.407836000000000
0.398054000000000
0.387510000000000
0.377461000000000
0.367846000000000
0.357785000000000
0.348186000000000
0.339131000000000
0.329555000000000
0.320978000000000
0.312981000000000
0.304780000000000
0.296356000000000
0.288516000000000
0.280355000000000
0.273214000000000
0.264942000000000
0.256907000000000
0.250427000000000
0.243657000000000
0.236553000000000
0.231022000000000
0.224893000000000
0.219005000000000
0.213917000000000
0.208911000000000
0.203729000000000
0.200145000000000
0.195366000000000
0.191280000000000
0.187193000000000
0.183407000000000
0.179497000000000
0.176079000000000
0.172236000000000
0.168766000000000
0.165710000000000
0.162521000000000
0.159050000000000
0.155784000000000
0.152992000000000
0.150055000000000
0.146985000000000
0.144048000000000
0.141226000000000
0.138242000000000
0.135601000000000
0.133516000000000
0.130450000000000
0.128063000000000
0.125684000000000
0.123377000000000
0.121198000000000
0.118953000000000
0.116478000000000
0.114299000000000
0.112366000000000
0.110128000000000
0.108329000000000
0.106352000000000
0.104249000000000
0.102487000000000
0.100474000000000
0.0984890010000000
0.0969490040000000
0.0951810030000000
0.0935150010000000
0.0918790030000000
0.0901179980000000
0.0887140040000000
0.0872130020000000
0.0856909980000000
0.0842339990000000
0.0827889960000000
0.0813890030000000
0.0800520030000000
0.0786710010000000
0.0773470030000000
0.0761889960000000
0.0748900030000000
0.0737330020000000
0.0726749970000000
0.0716060030000000
0.0705849980000000
0.0695749970000000
0.0686180000000000
0.0677499990000000
0.0667909980000000
0.0659449990000000
0.0650900010000000
0.0644209980000000
0.0635510010000000
0.0629149970000000
0.0622830020000000
0.0615420010000000
0.0609150010000000
0.0602319990000000
0.0596450010000000
0.0590570010000000
0.0584609990000000
0.0578599980000000
0.0571850020000000
0.0565180000000000
0.0557149980000000
0.0551170000000000
0.0545109990000000
0.0540889990000000
0.0538170000000000
0.0537680010000000
0.0538450000000000
0.0541500000000000
0.0546290020000000
0.0552419980000000
0.0560569990000000
0.0571679990000000
0.0583550000000000
0.0598669980000000
0.0613910000000000
0.0629289970000000
0.0644920020000000
0.0658439990000000
0.0670749990000000
0.0681630000000000
0.0690220000000000
0.0696460010000000
0.0701000020000000
0.0702920030000000
0.0702660010000000
0.0703409980000000
0.0705059990000000
0.0704149980000000
0.0701759980000000
0.0698740040000000
0.0696199980000000
0.0693750010000000
0.0690990020000000
0.0687190000000000
0.0682789980000000
0.0678760040000000
0.0673860010000000
0.0668440010000000
0.0662579980000000
0.0656529960000000
0.0650430020000000
0.0644309970000000
0.0637409990000000
0.0631010010000000
0.0623910020000000
0.0616940000000000
0.0610609990000000
0.0603469980000000
0.0597140010000000
0.0591179990000000
0.0585069990000000
0.0579609980000000
0.0574720020000000
0.0570690000000000
0.0567440020000000
0.0564859990000000
0.0563349980000000
0.0562870020000000
0.0563550000000000
0.0566160010000000
0.0570060010000000
0.0576750000000000
0.0585380010000000
0.0596419980000000
0.0610719990000000
0.0626019980000000
0.0643180010000000
0.0662230030000000
0.0679849980000000
0.0698010030000000
0.0715179960000000
0.0729700030000000
0.0743290040000000
0.0754299980000000
0.0763060000000000
0.0771379990000000
0.0778279980000000
0.0784899960000000
0.0791300010000000
0.0797209960000000
0.0803700010000000
0.0810770020000000
0.0817300010000000
0.0824420010000000
0.0832249970000000
0.0840110030000000
0.0849609970000000
0.0859209970000000
0.0869259980000000
0.0881450030000000
0.0893599990000000
0.0906820000000000
0.0921669970000000
0.0936409980000000
0.0952180030000000
0.0969519990000000
0.0986099990000000
0.100451000000000
0.102337000000000
0.104194000000000
0.106275000000000
0.108314000000000
0.110309000000000
0.112517000000000
0.114595000000000
0.116659000000000
0.118958000000000
0.121328000000000
0.123999000000000
0.127214000000000
0.130758000000000
0.135281000000000
0.140672000000000
0.146626000000000
0.154341000000000
0.162711000000000
0.172062000000000
0.183428000000000
0.195093000000000
0.208352000000000
0.223477000000000
0.238787000000000
0.256663000000000
0.276535000000000
0.297150000000000
0.322047000000000
0.348427000000000
0.375843000000000
0.407830000000000
0.438416000000000
0.468593000000000
0.498817000000000
0.523685000000000
0.545695000000000
0.563832000000000
0.576579000000000
0.587110000000000
0.594245000000000
0.599233000000000
0.602741000000000
0.604594000000000
0.604955000000000
0.603817000000000
0.601426000000000
0.597480000000000
0.592168000000000
0.585999000000000
0.578322000000000
0.569735000000000
0.560855000000000
0.550283000000000
0.539650000000000
0.528652000000000
0.516263000000000
0.504371000000000
0.491768000000000
0.478359000000000
0.465706000000000
0.451977000000000
0.438281000000000
0.425235000000000
0.411021000000000
0.397582000000000
0.384617000000000
0.370847000000000
0.358349000000000
0.345890000000000
0.333354000000000
0.322241000000000
0.310845000000000
0.300099000000000
0.290462000000000
0.280553000000000
0.271713000000000
0.263579000000000
0.255435000000000
0.248441000000000
0.241844000000000
0.235567000000000
0.230406000000000
0.225431000000000
0.221184000000000
0.217616000000000
0.214476000000000
0.211913000000000
0.209965000000000
0.208378000000000
0.207459000000000
0.207111000000000
0.207318000000000
0.208043000000000
0.209348000000000
0.211286000000000
0.213546000000000
0.216608000000000
0.220035000000000
0.223895000000000
0.228544000000000
0.233357000000000
0.238768000000000
0.244722000000000
0.250605000000000
0.257226000000000
0.237937000000000
0.243909000000000
0.250394000000000
0.257022000000000
0.263523000000000
0.270986000000000
0.278669000000000
0.287014000000000
0.297249000000000
0.308366000000000
0.322311000000000
0.339477000000000
0.359383000000000
0.385233000000000
0.416317000000000
0.451599000000000
0.497700000000000
0.547361000000000
0.604429000000000
0.670589000000000
0.736999000000000
0.810869000000000
0.886521000000000
0.958981000000000
1.03657200000000
1.10766200000000
1.17110400000000
1.22947600000000
1.27524600000000
1.31393190000000
1.34692100000000
1.37212800000000
1.39509700000000
1.41371500000000
1.42957200000000
1.44539500000000
1.45948800000000
1.47338600000000
1.48735700000000
1.49962790000000
1.51152300000000
1.52135000000000
1.52942300000000
1.53618400000000
1.54084500000000
1.54375700000000
1.54594000000000
1.54660300000000
1.54608400000000
1.54411600000000
1.54077900000000
1.53574500000000
1.52966000000000
1.52280900000000
1.51465300000000
1.50671300000000
1.49769600000000
1.48836510000000
1.47945090000000
1.46963200000000
1.46011300000000
1.45092400000000
1.44078100000000
1.43157100000000
1.42177900000000
1.41208600000000
1.40288700000000
1.39310500000000
1.38395700000000
1.37516610000000
1.36558000000000
1.35706600000000
1.34860500000000
1.34009500000000
1.33267500000000
1.32516000000000
1.31856800000000
1.31279800000000
1.30755900000000
1.30341010000000
1.30013500000000
1.29789810000000
1.29698800000000
1.29729000000000
1.29910500000000
1.30218700000000
1.30734000000000
1.31374000000000
1.32209300000000
1.33265600000000
1.34451100000000
1.35902700000000
1.37566600000000
1.39333400000000
1.41549400000000
1.43826790000000
1.46394300000000
1.49338000000000
1.52329400000000
1.55805300000000
1.59510000000000
1.63316600000000
1.67861800000000
1.72352700000000
1.77332400000000
1.82852600000000
1.88306000000000
1.94475700000000
2.00853110000000
2.07142900000000
2.14377000000000
2.21320300000000
2.28401490000000
2.35725090000000
2.42588710000000
2.49697800000000
2.56213690000000
2.62309600000000
2.68301890000000
2.73208400000000
2.77660890000000
2.82102390000000
2.85082890000000
2.87896300000000
2.91167400000000
2.93350510000000
2.95434000000000
2.97325710000000
2.99026990000000
3.00530700000000
3.02184100000000
3.03788900000000
3.04730200000000
3.06263090000000
3.07527800000000
3.09328200000000
3.10421800000000
3.10959700000000
3.11824300000000
3.13153200000000
3.13419510000000
3.13737800000000
3.15442710000000
3.15373800000000
3.16146300000000
3.17083600000000
3.17394210000000
3.17517210000000
3.18216900000000
3.18956090000000
3.19411800000000
3.19370200000000
3.20523910000000
3.21283290000000
3.20737200000000
3.20738200000000
3.21497390000000
3.22463200000000
3.22057200000000
3.22366400000000
3.22316500000000
3.23588900000000
3.24744610000000
3.24767400000000
3.24824190000000
3.24926710000000
3.25984810000000
3.26090910000000
3.26440410000000
3.26421500000000
3.26901700000000
3.28388400000000
3.28205800000000
3.27780200000000
3.29746790000000
3.29201510000000
3.29172300000000
3.30110600000000
3.29321000000000
3.30412600000000
3.30469700000000
3.30732800000000
3.31445690000000
3.31713200000000
3.32218690000000
3.33508900000000
3.33060190000000
3.33309290000000
3.33224300000000
3.34236190000000
3.34139300000000
3.33884410000000
3.34703710000000
3.33555100000000
3.30713390000000
3.32833700000000
3.32391810000000
3.31616400000000
3.30917100000000
3.30242610000000
3.29661490000000
3.29399490000000
3.29547000000000
3.28906010000000
3.28770210000000
3.29721400000000
3.30122090000000
3.31067110000000
3.30593990000000
3.31269190000000
3.31021190000000
3.33452010000000
3.32713200000000
3.35895900000000
3.34455390000000
3.34633490000000
3.36031510000000
3.37299700000000
3.38320710000000
3.37261800000000
3.40118290000000
3.40115190000000
3.41121200000000
3.44219900000000
3.43205090000000
3.43732810000000
3.43177800000000
3.43702700000000
3.45933200000000
3.43771000000000
3.43737010000000
3.45327810000000
3.45764300000000
3.46559810000000
3.47111200000000
3.46041010000000
3.45384790000000
3.46108200000000
3.45297600000000
3.44359710000000
3.47359300000000
3.46846290000000
3.46920700000000
3.47002910000000
3.46550990000000
3.48148300000000
3.45702200000000
3.48058200000000
3.48666500000000
3.47076800000000
3.47833900000000
3.48726390000000
3.47115400000000
3.47634700000000
3.50003790000000
3.48244910000000
3.48985000000000
3.50605890000000
3.51072190000000
3.50769000000000
3.51247410000000
3.52885700000000
3.49888710000000
3.53591990000000
3.53173900000000
3.55007290000000
3.55910800000000
3.55328200000000
3.53398110000000
3.56657700000000
3.54441000000000
3.55074910000000
3.55813290000000
3.57841900000000
3.57701900000000
3.56950810000000
3.58072710000000
3.55789490000000
3.56458500000000
3.56808900000000
3.54937790000000
3.56766200000000
3.54035400000000
3.53411890000000
3.53983810000000
3.50722100000000
3.50551700000000
3.50634410000000
3.50533200000000
3.48800490000000
3.48120090000000
3.46248700000000
3.46188810000000
3.43649200000000
3.43054510000000
3.41414310000000
3.41108800000000
3.40949300000000
3.40246610000000
3.38331390000000
3.37648110000000
3.40610410000000
3.34332610000000
3.35679600000000
3.33895300000000
3.31556390000000
3.30803610000000
3.27988100000000
3.26327900000000
3.24337510000000
3.24811510000000
3.24936290000000
3.26654790000000
3.27409100000000
3.28401300000000
3.29137990000000
3.29345390000000
3.30401990000000
3.29387500000000
3.29259490000000
3.28590990000000
3.30258010000000
3.30939010000000
3.30135610000000
3.29448600000000
3.32512310000000
3.33704400000000
3.33532090000000
3.34275790000000
3.36521410000000
3.35519500000000
3.36876510000000
3.37742400000000
3.39725900000000
3.36374090000000
3.39204190000000
3.40007810000000
3.42380000000000
3.43821690000000
3.47063800000000
3.48840000000000
3.49862410000000
3.51159810000000
3.56009100000000
3.59779500000000
3.62310000000000
3.62411590000000
3.70934800000000
3.71832390000000
3.72738500000000
3.82264800000000
3.77767110000000
3.85855290000000
3.89364790000000
3.83831690000000
3.81057190000000
3.76113010000000
3.82311390000000
3.82821010000000
3.83521510000000
3.88014790000000
3.82033490000000
3.82813410000000
3.79377890000000
3.76497510000000
3.79609490000000
3.76751710000000
3.77870890000000
3.74650790000000
3.80190300000000
3.74878190000000
3.79229590000000
3.73176690000000
3.71876100000000
3.74734810000000
3.72914510000000
3.78685690000000
3.71620200000000
3.73472090000000
3.77308110000000
3.68198300000000
3.75364300000000
3.72541590000000
3.71213100000000
3.72176910000000
3.68863300000000
3.74315400000000
3.72457290000000
3.72757410000000
3.72657700000000
3.71357700000000
3.70233110000000
3.70307300000000
3.71927190000000
3.67704200000000
3.70257500000000
3.72325210000000
3.68972990000000
3.70198110000000
3.70227600000000
3.72715000000000
3.70167590000000
3.72435500000000
3.69608210000000
3.69664790000000
3.74171500000000
3.72998910000000
3.68660000000000
3.70463300000000
3.70269390000000
3.71862200000000
3.65895200000000
3.73454190000000
3.71984510000000
3.74865600000000
3.70911100000000
3.71707200000000
3.69571500000000
3.68678500000000
3.71165800000000
3.67007900000000
3.67811610000000
3.69491510000000
3.67058710000000
3.66242690000000
3.65161710000000
3.71883510000000
3.71223000000000
3.71911910000000
3.68890090000000
3.66946510000000
3.68950200000000
3.67284110000000
3.68058300000000
3.67564700000000
3.66406010000000
3.63819000000000
3.64063690000000
3.60262700000000
3.58520010000000
3.57478000000000
3.58219410000000
3.58296490000000
3.56907110000000
3.55331210000000
3.55347900000000
3.54685590000000
3.53592900000000
3.52287010000000
3.52308700000000
3.51169110000000
3.50868800000000
3.47021600000000
3.47616200000000
3.50561690000000
3.47410890000000
3.48303100000000
3.46659490000000
3.47678090000000
3.46980600000000
3.45577410000000
3.48904900000000
3.46044800000000
3.45038200000000
3.42371800000000
3.43009710000000
3.45146110000000
3.42451910000000
3.42104600000000
3.41153100000000
3.42596600000000
3.39709810000000
3.42484090000000
3.37677100000000
3.38215900000000
3.40546610000000
3.39580010000000
3.38613890000000
3.37162590000000
3.38802500000000
3.36219410000000
3.37378500000000
3.36134910000000
3.35237500000000
3.35820200000000
3.35069110000000
3.33069110000000
3.34816790000000
3.35359410000000
3.35258010000000
3.35297390000000
3.34622600000000
3.35172700000000
3.35829210000000
3.35860610000000
3.36294600000000
3.34053400000000
3.37617900000000
3.35759090000000
3.35184790000000
3.35620500000000
3.35842390000000
3.35795000000000
3.36777210000000
3.38717010000000
3.37584900000000
3.36646100000000
3.37661410000000
3.35006400000000
3.35976910000000
3.37739610000000
3.37683300000000
3.38243200000000
3.37539510000000
3.37199400000000
3.36718300000000
3.37290000000000
3.37454390000000
3.39277100000000
3.38617300000000
3.37844400000000
3.38813300000000
3.40651700000000
3.40676190000000
3.41951800000000
3.41058110000000
3.39313700000000
3.38870690000000
3.41105010000000
3.42903710000000
3.42593600000000
3.45928310000000
3.42728300000000
3.49072600000000
3.45486900000000
3.47834490000000
3.43567610000000
3.50665500000000
3.47906990000000
3.47417900000000
3.51224490000000
3.51081400000000
3.50019100000000
3.54227900000000
3.57106490000000
3.55528500000000
3.51064300000000
3.57565690000000
3.56534000000000
3.53960700000000
3.56838890000000
3.55751300000000
3.55750800000000
3.54337690000000
3.60121890000000
3.57090590000000
3.58101200000000
3.58910890000000
3.62974310000000
3.60351610000000
3.61653710000000
3.55386210000000
3.54673600000000
3.63325000000000
3.59201410000000
3.60820600000000
3.59722710000000
3.64219810000000
3.58079790000000
3.63242510000000
3.60472610000000
3.60279890000000
3.61083510000000
3.59211610000000
3.58353900000000
3.65567210000000