spectre
GradoAlcoholico	6.02000000000000
skip
0.804006000000000
0.826189000000000
0.847709000000000
0.865769000000000
0.877828000000000
0.888752000000000
0.893231000000000
0.894017000000000
0.893292000000000
0.891371000000000
0.887724000000000
0.884862000000000
0.876810000000000
0.868544000000000
0.859866000000000
0.848886000000000
0.839922000000000
0.828418000000000
0.818017000000000
0.805250000000000
0.793422000000000
0.779218000000000
0.767761000000000
0.755331000000000
0.741536000000000
0.730396000000000
0.716645000000000
0.703922000000000
0.691658000000000
0.679175000000000
0.666663000000000
0.655025000000000
0.642461000000000
0.630781000000000
0.619194000000000
0.607054000000000
0.596448000000000
0.584916000000000
0.573730000000000
0.563780000000000
0.551839000000000
0.540805000000000
0.529856000000000
0.520037000000000
0.508692000000000
0.499343000000000
0.489291000000000
0.479091000000000
0.470115000000000
0.459706000000000
0.449492000000000
0.441758000000000
0.431339000000000
0.422401000000000
0.414004000000000
0.404553000000000
0.396600000000000
0.387757000000000
0.379458000000000
0.370673000000000
0.362643000000000
0.354114000000000
0.346462000000000
0.338956000000000
0.331276000000000
0.324886000000000
0.318543000000000
0.311735000000000
0.305528000000000
0.299747000000000
0.293612000000000
0.289040000000000
0.283317000000000
0.278680000000000
0.273300000000000
0.268836000000000
0.264263000000000
0.260080000000000
0.255446000000000
0.250726000000000
0.246435000000000
0.241959000000000
0.237844000000000
0.233629000000000
0.229548000000000
0.225444000000000
0.221502000000000
0.217473000000000
0.213798000000000
0.209529000000000
0.206112000000000
0.202667000000000
0.198734000000000
0.195453000000000
0.192740000000000
0.189022000000000
0.185479000000000
0.182724000000000
0.179327000000000
0.176291000000000
0.173488000000000
0.170344000000000
0.167472000000000
0.164633000000000
0.161845000000000
0.159347000000000
0.156726000000000
0.153916000000000
0.151500000000000
0.149111000000000
0.146562000000000
0.144257000000000
0.141868000000000
0.139642000000000
0.137515000000000
0.135204000000000
0.133235000000000
0.131216000000000
0.129099000000000
0.127284000000000
0.125321000000000
0.123332000000000
0.121563000000000
0.119814000000000
0.118082000000000
0.116391000000000
0.114774000000000
0.113261000000000
0.111755000000000
0.110264000000000
0.108838000000000
0.107540000000000
0.106026000000000
0.104672000000000
0.103494000000000
0.102153000000000
0.101000000000000
0.0998170000000000
0.0985020030000000
0.0974119980000000
0.0963200030000000
0.0952429990000000
0.0942329990000000
0.0930999960000000
0.0920440030000000
0.0909440000000000
0.0897080000000000
0.0885569970000000
0.0875760020000000
0.0864790010000000
0.0855770040000000
0.0848999990000000
0.0843710010000000
0.0841080020000000
0.0839869980000000
0.0840260010000000
0.0843169990000000
0.0848089980000000
0.0854760040000000
0.0863389970000000
0.0874740030000000
0.0887729970000000
0.0900169980000000
0.0912979990000000
0.0923329960000000
0.0932729990000000
0.0940580000000000
0.0946530030000000
0.0950239970000000
0.0952050020000000
0.0951140000000000
0.0947360020000000
0.0944800000000000
0.0942630020000000
0.0938559990000000
0.0932170000000000
0.0926119980000000
0.0920569970000000
0.0915659960000000
0.0910200030000000
0.0903259960000000
0.0896530000000000
0.0889500010000000
0.0881410020000000
0.0873740020000000
0.0865449980000000
0.0856499970000000
0.0848110020000000
0.0838819970000000
0.0829280020000000
0.0820259970000000
0.0810619970000000
0.0801260020000000
0.0792490020000000
0.0782919970000000
0.0774149970000000
0.0766030030000000
0.0757509990000000
0.0749809970000000
0.0742990000000000
0.0736470000000000
0.0730960000000000
0.0726540010000000
0.0722310020000000
0.0720350000000000
0.0719510020000000
0.0720210000000000
0.0722670030000000
0.0728060010000000
0.0735210030000000
0.0745010000000000
0.0758360030000000
0.0772700010000000
0.0788960010000000
0.0806899960000000
0.0824050010000000
0.0841370000000000
0.0857840030000000
0.0871319990000000
0.0883560030000000
0.0893379970000000
0.0901010040000000
0.0907910020000000
0.0913250000000000
0.0918390010000000
0.0923120010000000
0.0927430020000000
0.0932269990000000
0.0937699970000000
0.0942630020000000
0.0948050020000000
0.0954110030000000
0.0960260030000000
0.0967700030000000
0.0975589980000000
0.0983989980000000
0.0994099970000000
0.100461000000000
0.101582000000000
0.102876000000000
0.104115000000000
0.105477000000000
0.106931000000000
0.108308000000000
0.109834000000000
0.111385000000000
0.112887000000000
0.114573000000000
0.116264000000000
0.117929000000000
0.119850000000000
0.121749000000000
0.123770000000000
0.126096000000000
0.128495000000000
0.131435000000000
0.134903000000000
0.138744000000000
0.143563000000000
0.149344000000000
0.155666000000000
0.163838000000000
0.172670000000000
0.182511000000000
0.194494000000000
0.206767000000000
0.220717000000000
0.236551000000000
0.252690000000000
0.271469000000000
0.292282000000000
0.313832000000000
0.339836000000000
0.367398000000000
0.395968000000000
0.429398000000000
0.461290000000000
0.492790000000000
0.524332000000000
0.550191000000000
0.572961000000000
0.591468000000000
0.604315000000000
0.614653000000000
0.621415000000000
0.625917000000000
0.628778000000000
0.629981000000000
0.629613000000000
0.627716000000000
0.624548000000000
0.619777000000000
0.613540000000000
0.606529000000000
0.597938000000000
0.588457000000000
0.578678000000000
0.567187000000000
0.555714000000000
0.543901000000000
0.530637000000000
0.518004000000000
0.504611000000000
0.490439000000000
0.477164000000000
0.462774000000000
0.448468000000000
0.434940000000000
0.420198000000000
0.406330000000000
0.392946000000000
0.378776000000000
0.365910000000000
0.353119000000000
0.340244000000000
0.328820000000000
0.317085000000000
0.306075000000000
0.296183000000000
0.285963000000000
0.276883000000000
0.268593000000000
0.260243000000000
0.253053000000000
0.246314000000000
0.239944000000000
0.234666000000000
0.229606000000000
0.225319000000000
0.221795000000000
0.218516000000000
0.215986000000000
0.214083000000000
0.212577000000000
0.211714000000000
0.211429000000000
0.211754000000000
0.212540000000000
0.214027000000000
0.216033000000000
0.218488000000000
0.221770000000000
0.225320000000000
0.229465000000000
0.234374000000000
0.239415000000000
0.245047000000000
0.251191000000000
0.257280000000000
0.264167000000000
0.242613000000000
0.248841000000000
0.255609000000000
0.262486000000000
0.269311000000000
0.277092000000000
0.285063000000000
0.293715000000000
0.304371000000000
0.315839000000000
0.330161000000000
0.347802000000000
0.368222000000000
0.394622000000000
0.426398000000000
0.462378000000000
0.509364000000000
0.560011000000000
0.618253000000000
0.685966000000000
0.754172000000000
0.830097000000000
0.908174000000000
0.982844000000000
1.06335100000000
1.13672100000000
1.20199700000000
1.26136510000000
1.30739610000000
1.34536600000000
1.37732400000000
1.40068200000000
1.42141900000000
1.43770400000000
1.45115600000000
1.46383090000000
1.47504700000000
1.48582010000000
1.49701910000000
1.50657900000000
1.51618900000000
1.52511000000000
1.53293700000000
1.54035790000000
1.54612600000000
1.55051100000000
1.55375600000000
1.55548100000000
1.55568500000000
1.55430100000000
1.55141400000000
1.54707210000000
1.54180400000000
1.53597610000000
1.52828900000000
1.52083400000000
1.51299410000000
1.50456600000000
1.49648000000000
1.48770400000000
1.47872200000000
1.47033300000000
1.46111200000000
1.45224400000000
1.44329090000000
1.43367900000000
1.42509600000000
1.41566100000000
1.40678700000000
1.39803190000000
1.38881300000000
1.38040200000000
1.37205990000000
1.36366800000000
1.35651200000000
1.34919200000000
1.34271400000000
1.33731700000000
1.33223200000000
1.32830700000000
1.32557300000000
1.32368200000000
1.32325300000000
1.32418000000000
1.32665100000000
1.33032410000000
1.33632700000000
1.34344900000000
1.35297000000000
1.36453100000000
1.37746300000000
1.39294600000000
1.41079600000000
1.42965100000000
1.45308700000000
1.47700300000000
1.50400900000000
1.53488190000000
1.56631300000000
1.60240600000000
1.64112600000000
1.68037900000000
1.72751500000000
1.77446400000000
1.82510810000000
1.88245400000000
1.93788300000000
2.00108700000000
2.06558110000000
2.13049790000000
2.20323990000000
2.27170400000000
2.34171300000000
2.41643100000000
2.48167110000000
2.55242710000000
2.61568590000000
2.67154910000000
2.72625300000000
2.77534200000000
2.81534910000000
2.85754390000000
2.88420700000000
2.91046810000000
2.93587710000000
2.95243500000000
2.97236800000000
2.99158100000000
3.00266290000000
3.01732300000000
3.03207110000000
3.04042100000000
3.06057600000000
3.07708600000000
3.08702900000000
3.10098790000000
3.11147000000000
3.12197800000000
3.12036800000000
3.13276200000000
3.14504600000000
3.14939090000000
3.15592500000000
3.16338900000000
3.16627190000000
3.17735910000000
3.17297910000000
3.18280410000000
3.19713500000000
3.19343400000000
3.20253110000000
3.20065810000000
3.19648910000000
3.21168710000000
3.21408610000000
3.22336510000000
3.21719410000000
3.21791200000000
3.22535900000000
3.23391010000000
3.23409010000000
3.25373410000000
3.23992300000000
3.25935510000000
3.25090910000000
3.25635000000000
3.25105600000000
3.26183890000000
3.26465700000000
3.27269510000000
3.27995710000000
3.27657600000000
3.26858400000000
3.28550100000000
3.28303100000000
3.29974700000000
3.30345890000000
3.29837700000000
3.30943800000000
3.30932690000000
3.31919000000000
3.31048800000000
3.32108810000000
3.31035710000000
3.32760600000000
3.32036590000000
3.33085200000000
3.34329700000000
3.34786800000000
3.33933710000000
3.33971910000000
3.33749890000000
3.34650110000000
3.34015110000000
3.35311010000000
3.32432790000000
3.32658600000000
3.31361510000000
3.32535290000000
3.33137800000000
3.30816290000000
3.29980300000000
3.29244400000000
3.27913590000000
3.29404710000000
3.28721000000000
3.31736990000000
3.29813100000000
3.30047610000000
3.31414200000000
3.32955290000000
3.33434610000000
3.32125590000000
3.33430700000000
3.35257790000000
3.36959290000000
3.36053490000000
3.35805700000000
3.40300200000000
3.39723900000000
3.41855190000000
3.41729090000000
3.40069390000000
3.43125610000000
3.43097900000000
3.44948290000000
3.43975400000000
3.44505810000000
3.45718410000000
3.45104790000000
3.45930600000000
3.45956300000000
3.46554090000000
3.46341900000000
3.47183990000000
3.48101900000000
3.47251800000000
3.46931100000000
3.47040700000000
3.47639990000000
3.47546910000000
3.48978300000000
3.47777200000000
3.49049090000000
3.45562100000000
3.48551800000000
3.46666190000000
3.46168090000000
3.47097710000000
3.48686290000000
3.47362090000000
3.49949000000000
3.50924110000000
3.51268010000000
3.49543690000000
3.48652200000000
3.51669310000000
3.47790910000000
3.51813290000000
3.51372410000000
3.51385090000000
3.48704200000000
3.50904800000000
3.55480790000000
3.55809400000000
3.53295400000000
3.54983000000000
3.54371400000000
3.54659100000000
3.56223300000000
3.57998110000000
3.56443690000000
3.56933000000000
3.56687090000000
3.56688590000000
3.58090400000000
3.56231000000000
3.55407000000000
3.56011800000000
3.56748100000000
3.54124500000000
3.50776700000000
3.54663990000000
3.55748610000000
3.55102110000000
3.53368210000000
3.52748700000000
3.51298810000000
3.50863190000000
3.50339200000000
3.48336290000000
3.46454910000000
3.47170710000000
3.44549200000000
3.44279190000000
3.42742490000000
3.41290310000000
3.42362900000000
3.41949510000000
3.39531990000000
3.38665100000000
3.38388900000000
3.37421700000000
3.36806800000000
3.35220910000000
3.31477090000000
3.31710700000000
3.28280900000000
3.26427700000000
3.24449490000000
3.23342900000000
3.24469400000000
3.24487210000000
3.27011200000000
3.28371500000000
3.29266100000000
3.30270100000000
3.29096290000000
3.29731700000000
3.29885600000000
3.29685090000000
3.30288000000000
3.31041500000000
3.29106810000000
3.29328610000000
3.32825800000000
3.32244110000000
3.33361010000000
3.34115510000000
3.37263390000000
3.36962390000000
3.37205910000000
3.36766510000000
3.37435700000000
3.39325810000000
3.40169190000000
3.41143700000000
3.45610500000000
3.44369290000000
3.45711300000000
3.47204090000000
3.50379800000000
3.51654910000000
3.54910990000000
3.59827400000000
3.64943290000000
3.66265200000000
3.68629690000000
3.72419190000000
3.75685810000000
3.78046390000000
3.77471710000000
3.79895900000000
3.79289890000000
3.80936910000000
3.81900910000000
3.80459000000000
3.82756090000000
3.82594990000000
3.78134700000000
3.81021310000000
3.76839210000000
3.77135210000000
3.76458310000000
3.77655790000000
3.72270110000000
3.74941990000000
3.77231500000000
3.74573110000000
3.75469900000000
3.80923100000000
3.73218490000000
3.80559900000000
3.74246100000000
3.74353190000000
3.76651600000000
3.79320690000000
3.77284100000000
3.74454090000000
3.72469000000000
3.71026610000000
3.75073600000000
3.68975310000000
3.66405610000000
3.70571800000000
3.67832300000000
3.68773890000000
3.71676210000000
3.69267610000000
3.70612910000000
3.69565700000000
3.69845200000000
3.74611900000000
3.69056890000000
3.66397500000000
3.67312410000000
3.71923900000000
3.66998000000000
3.68461200000000
3.73125510000000
3.71754910000000
3.74677710000000
3.72624610000000
3.75253700000000
3.68975590000000
3.73435590000000
3.72040800000000
3.73318000000000
3.74048090000000
3.73689890000000
3.70738200000000
3.73282290000000
3.75340800000000
3.73833200000000
3.74072100000000
3.75341510000000
3.73022890000000
3.72085190000000
3.73356390000000
3.72994900000000
3.71336390000000
3.71778390000000
3.74515600000000
3.72713590000000
3.73280410000000
3.73429800000000
3.72185800000000
3.66443710000000
3.72032590000000
3.73852490000000
3.69573900000000
3.70909190000000
3.74857900000000
3.69307900000000
3.64619900000000
3.64616700000000
3.68114900000000
3.60437800000000
3.60965700000000
3.60812900000000
3.61364390000000
3.54766110000000
3.58572410000000
3.56174490000000
3.59073310000000
3.54173800000000
3.56981400000000
3.56835010000000
3.52845190000000
3.51885200000000
3.54099200000000
3.47750310000000
3.50674390000000
3.47629690000000
3.46910690000000
3.45558810000000
3.48194500000000
3.46255400000000
3.47094110000000
3.46918700000000
3.44760700000000
3.46178390000000
3.45409700000000
3.44575500000000
3.43634610000000
3.44310000000000
3.42543790000000
3.45296600000000
3.40912890000000
3.41662910000000
3.40737510000000
3.38748000000000
3.39276500000000
3.35603190000000
3.41177700000000
3.39270210000000
3.38442710000000
3.43932890000000
3.40297200000000
3.37694100000000
3.35804610000000
3.37881300000000
3.37526800000000
3.36091210000000
3.37182210000000
3.34445310000000
3.35948110000000
3.32375600000000
3.37929200000000
3.33118510000000
3.34319810000000
3.34721300000000
3.34911890000000
3.34748790000000
3.33828210000000
3.34026500000000
3.34888100000000
3.35788200000000
3.37211800000000
3.35172510000000
3.34992910000000
3.34981300000000
3.33383990000000
3.38831900000000
3.40757490000000
3.38582900000000
3.40595200000000
3.38268090000000
3.38057490000000
3.38364290000000
3.36091590000000
3.36707810000000
3.37032290000000
3.34783510000000
3.36416100000000
3.35592600000000
3.38725810000000
3.37356400000000
3.35691000000000
3.41349010000000
3.38180400000000
3.40273590000000
3.42519210000000
3.38602400000000
3.37432410000000
3.44587490000000
3.42003300000000
3.42222090000000
3.41335300000000
3.42710800000000
3.41203690000000
3.45486210000000
3.47359800000000
3.43969610000000
3.46327710000000
3.44089700000000
3.46088600000000
3.48809910000000
3.48119710000000
3.53244710000000
3.52244810000000
3.49457310000000
3.51034090000000
3.51252700000000
3.51406910000000
3.53324290000000
3.53549910000000
3.53734490000000
3.55992790000000
3.55678300000000
3.57171200000000
3.58772800000000
3.55523200000000
3.53677390000000
3.61755110000000
3.64271810000000
3.67613410000000
3.56279400000000
3.57084200000000
3.61680700000000
3.61370800000000
3.59777810000000
3.54209800000000
3.62446500000000
3.56469700000000
3.56675410000000
3.63274000000000
3.73894500000000
3.60167690000000
3.59295510000000
3.60626790000000
3.65721800000000
3.63201900000000
3.66090110000000
3.63591910000000
3.67153910000000