spectre
GradoAlcoholico	6.48999980000000
skip
0.739626000000000
0.762493000000000
0.775604000000000
0.782518000000000
0.788167000000000
0.795419000000000
0.795223000000000
0.793878000000000
0.790986000000000
0.785020000000000
0.777726000000000
0.769965000000000
0.761314000000000
0.752444000000000
0.742014000000000
0.731226000000000
0.719252000000000
0.708555000000000
0.697407000000000
0.684208000000000
0.672919000000000
0.659775000000000
0.649312000000000
0.637511000000000
0.625164000000000
0.614151000000000
0.602032000000000
0.589799000000000
0.579404000000000
0.567443000000000
0.556749000000000
0.546986000000000
0.536608000000000
0.525699000000000
0.514876000000000
0.504999000000000
0.494758000000000
0.485175000000000
0.474669000000000
0.465572000000000
0.455976000000000
0.446209000000000
0.437581000000000
0.428022000000000
0.419304000000000
0.411245000000000
0.402242000000000
0.393253000000000
0.384817000000000
0.377456000000000
0.368696000000000
0.360889000000000
0.352902000000000
0.345544000000000
0.337928000000000
0.330700000000000
0.323576000000000
0.316756000000000
0.309089000000000
0.301965000000000
0.294850000000000
0.287783000000000
0.281546000000000
0.274417000000000
0.268253000000000
0.262581000000000
0.257346000000000
0.251577000000000
0.246703000000000
0.241171000000000
0.236961000000000
0.232808000000000
0.227755000000000
0.224583000000000
0.220494000000000
0.216464000000000
0.212628000000000
0.209072000000000
0.205096000000000
0.201616000000000
0.198101000000000
0.194221000000000
0.190867000000000
0.187580000000000
0.184242000000000
0.181429000000000
0.178179000000000
0.174670000000000
0.171862000000000
0.168422000000000
0.165433000000000
0.162569000000000
0.159859000000000
0.157152000000000
0.154733000000000
0.151535000000000
0.148715000000000
0.146425000000000
0.143663000000000
0.141659000000000
0.139043000000000
0.136269000000000
0.134141000000000
0.131966000000000
0.129522000000000
0.127604000000000
0.125276000000000
0.123113000000000
0.121191000000000
0.119028000000000
0.117283000000000
0.115317000000000
0.113297000000000
0.111501000000000
0.109887000000000
0.107972000000000
0.106358000000000
0.104618000000000
0.103060000000000
0.101489000000000
0.0998739970000000
0.0982699990000000
0.0968810020000000
0.0954910000000000
0.0940539990000000
0.0927459970000000
0.0915199970000000
0.0902500000000000
0.0890080030000000
0.0878949980000000
0.0868019980000000
0.0857630000000000
0.0846519990000000
0.0835909990000000
0.0825870040000000
0.0815830010000000
0.0807090030000000
0.0798069980000000
0.0789230020000000
0.0781050030000000
0.0772619990000000
0.0763880010000000
0.0756279980000000
0.0748829990000000
0.0740209970000000
0.0731649990000000
0.0721400010000000
0.0711589980000000
0.0702830030000000
0.0695049990000000
0.0688510020000000
0.0683860030000000
0.0681009960000000
0.0680140030000000
0.0681150030000000
0.0684340000000000
0.0689340010000000
0.0696310030000000
0.0705000010000000
0.0715259980000000
0.0728780030000000
0.0743040000000000
0.0756689980000000
0.0771579970000000
0.0784640010000000
0.0795739960000000
0.0806190000000000
0.0814189990000000
0.0820109990000000
0.0823870000000000
0.0824180020000000
0.0821589980000000
0.0819389970000000
0.0819479970000000
0.0817260000000000
0.0813080000000000
0.0808949990000000
0.0804829970000000
0.0801000000000000
0.0797550010000000
0.0792329980000000
0.0787260010000000
0.0781710000000000
0.0775230010000000
0.0768719990000000
0.0762360020000000
0.0754709990000000
0.0747919980000000
0.0740400030000000
0.0732270030000000
0.0724499970000000
0.0716290030000000
0.0708390030000000
0.0700529960000000
0.0692199990000000
0.0684579980000000
0.0677310000000000
0.0670029970000000
0.0663679990000000
0.0657650010000000
0.0652190000000000
0.0647960010000000
0.0644640030000000
0.0641859990000000
0.0640480000000000
0.0640480000000000
0.0641990010000000
0.0645029990000000
0.0651350020000000
0.0659240040000000
0.0669659970000000
0.0683560000000000
0.0698169990000000
0.0715110000000000
0.0734049980000000
0.0751449990000000
0.0769419970000000
0.0786280040000000
0.0800359990000000
0.0813660030000000
0.0823929980000000
0.0832210030000000
0.0840049980000000
0.0846609990000000
0.0852740030000000
0.0858289970000000
0.0863600000000000
0.0869690030000000
0.0876059980000000
0.0881870020000000
0.0888279970000000
0.0895579980000000
0.0902580020000000
0.0911160040000000
0.0920050000000000
0.0929410010000000
0.0940620010000000
0.0952280010000000
0.0964339970000000
0.0978010000000000
0.0991310030000000
0.100584000000000
0.102129000000000
0.103595000000000
0.105208000000000
0.106858000000000
0.108426000000000
0.110220000000000
0.111985000000000
0.113722000000000
0.115708000000000
0.117644000000000
0.119668000000000
0.122024000000000
0.124404000000000
0.127310000000000
0.130698000000000
0.134475000000000
0.139277000000000
0.144937000000000
0.151155000000000
0.159197000000000
0.167912000000000
0.177585000000000
0.189372000000000
0.201468000000000
0.215210000000000
0.230781000000000
0.246698000000000
0.265224000000000
0.285739000000000
0.307050000000000
0.332726000000000
0.359936000000000
0.388112000000000
0.421055000000000
0.452442000000000
0.483497000000000
0.514528000000000
0.539975000000000
0.562442000000000
0.580814000000000
0.593610000000000
0.604056000000000
0.611046000000000
0.615800000000000
0.619060000000000
0.620616000000000
0.620697000000000
0.619248000000000
0.616519000000000
0.612229000000000
0.606556000000000
0.599988000000000
0.591933000000000
0.582943000000000
0.573654000000000
0.562636000000000
0.551617000000000
0.540219000000000
0.527383000000000
0.515079000000000
0.502036000000000
0.488208000000000
0.475203000000000
0.461067000000000
0.447004000000000
0.433640000000000
0.419081000000000
0.405356000000000
0.392121000000000
0.378057000000000
0.365280000000000
0.352566000000000
0.339752000000000
0.328367000000000
0.316676000000000
0.305654000000000
0.295776000000000
0.285590000000000
0.276472000000000
0.268160000000000
0.259771000000000
0.252575000000000
0.245859000000000
0.239396000000000
0.234165000000000
0.229114000000000
0.224748000000000
0.221182000000000
0.217932000000000
0.215366000000000
0.213443000000000
0.211867000000000
0.210976000000000
0.210707000000000
0.210978000000000
0.211784000000000
0.213261000000000
0.215226000000000
0.217641000000000
0.220893000000000
0.224470000000000
0.228575000000000
0.233386000000000
0.238408000000000
0.244043000000000
0.250167000000000
0.256234000000000
0.263082000000000
0.241651000000000
0.247774000000000
0.254431000000000
0.261214000000000
0.267891000000000
0.275535000000000
0.283370000000000
0.291886000000000
0.302335000000000
0.313625000000000
0.327746000000000
0.345135000000000
0.365266000000000
0.391281000000000
0.422705000000000
0.458210000000000
0.504667000000000
0.554611000000000
0.612173000000000
0.679051000000000
0.746321000000000
0.821296000000000
0.898253000000000
0.971847000000000
1.05099200000000
1.12325890000000
1.18779000000000
1.24669400000000
1.29266410000000
1.33089400000000
1.36340800000000
1.38753200000000
1.40943100000000
1.42680500000000
1.44105100000000
1.45510490000000
1.46742300000000
1.47914300000000
1.49127100000000
1.50196000000000
1.51247390000000
1.52214800000000
1.53048500000000
1.53842500000000
1.54440200000000
1.54896400000000
1.55267500000000
1.55476800000000
1.55531000000000
1.55425100000000
1.55191900000000
1.54790200000000
1.54311300000000
1.53736400000000
1.53026400000000
1.52319400000000
1.51536100000000
1.50723600000000
1.49944310000000
1.49053300000000
1.48211400000000
1.47375200000000
1.46453500000000
1.45597510000000
1.44698410000000
1.43771000000000
1.42901300000000
1.41967700000000
1.41078900000000
1.40223900000000
1.39288600000000
1.38436900000000
1.37607710000000
1.36771090000000
1.36038800000000
1.35300800000000
1.34646500000000
1.34080200000000
1.33557500000000
1.33156700000000
1.32859100000000
1.32644100000000
1.32572500000000
1.32618800000000
1.32856800000000
1.33205290000000
1.33778100000000
1.34469900000000
1.35365610000000
1.36486100000000
1.37730900000000
1.39262200000000
1.40988300000000
1.42851700000000
1.45156000000000
1.47524600000000
1.50175600000000
1.53228900000000
1.56321600000000
1.59892400000000
1.63695200000000
1.67600500000000
1.72250400000000
1.76910500000000
1.81935000000000
1.87601300000000
1.93102600000000
1.99374900000000
2.05771900000000
2.12068610000000
2.19322800000000
2.26289890000000
2.33365890000000
2.40721010000000
2.47262190000000
2.54098110000000
2.60658310000000
2.66446400000000
2.71760700000000
2.76284410000000
2.81091090000000
2.84636900000000
2.87665010000000
2.90533710000000
2.93197800000000
2.95271300000000
2.96895790000000
2.98365900000000
3.00305700000000
3.01853800000000
3.03442190000000
3.04258800000000
3.06666590000000
3.07045600000000
3.08515500000000
3.10404800000000
3.11017490000000
3.11682110000000
3.12078000000000
3.13224100000000
3.14164810000000
3.14894700000000
3.14751790000000
3.15757110000000
3.16019300000000
3.17905210000000
3.17233110000000
3.18923210000000
3.18891690000000
3.19814610000000
3.19545200000000
3.20181300000000
3.20229010000000
3.20262600000000
3.22185490000000
3.21412400000000
3.21876790000000
3.22035790000000
3.22664400000000
3.23021700000000
3.23517700000000
3.23332190000000
3.23929310000000
3.25114800000000
3.24684500000000
3.26061700000000
3.26153710000000
3.27315690000000
3.25941400000000
3.26873400000000
3.27244500000000
3.28914690000000
3.28095100000000
3.28813100000000
3.28758500000000
3.29594300000000
3.29369210000000
3.29887700000000
3.29395700000000
3.31218910000000
3.32279210000000
3.32000400000000
3.33261390000000
3.32634210000000
3.32801700000000
3.32251910000000
3.33798410000000
3.32620000000000
3.34951310000000
3.33933000000000
3.34233400000000
3.32753710000000
3.34039900000000
3.32186010000000
3.34134790000000
3.33631490000000
3.31406590000000
3.31916310000000
3.31136800000000
3.34242010000000
3.31677200000000
3.28558710000000
3.29871200000000
3.28511000000000
3.30172800000000
3.30268410000000
3.29582100000000
3.30725100000000
3.29372190000000
3.32201500000000
3.32767010000000
3.34008600000000
3.34757590000000
3.36982890000000
3.36996200000000
3.38281700000000
3.39102200000000
3.37256910000000
3.39460800000000
3.39019110000000
3.41120600000000
3.41937590000000
3.41549710000000
3.42340210000000
3.42401500000000
3.44868490000000
3.42885300000000
3.45819500000000
3.47042610000000
3.44285800000000
3.45037600000000
3.47022600000000
3.44982290000000
3.45677210000000
3.47801490000000
3.44977500000000
3.45487900000000
3.44099500000000
3.47105190000000
3.46874810000000
3.46321510000000
3.44730310000000
3.47661400000000
3.46573810000000
3.51201010000000
3.49685790000000
3.47876500000000
3.48650190000000
3.49300000000000
3.48702500000000
3.48864600000000
3.48288800000000
3.46916700000000
3.48538090000000
3.48448900000000
3.48760010000000
3.52310110000000
3.50282500000000
3.54144910000000
3.52879600000000
3.52371000000000
3.53395610000000
3.52240110000000
3.53185300000000
3.52610900000000
3.55476500000000
3.55749200000000
3.55788710000000
3.53989010000000
3.54653500000000
3.55403900000000
3.58351990000000
3.57070900000000
3.56605910000000
3.54075910000000
3.59765100000000
3.56555200000000
3.56796790000000
3.56416300000000
3.55702090000000
3.54583190000000
3.56348110000000
3.54909610000000
3.56266500000000
3.49145390000000
3.52601100000000
3.52417800000000
3.51060700000000
3.52482100000000
3.48816110000000
3.47477010000000
3.49093290000000
3.47255710000000
3.47387790000000
3.45988800000000
3.43478700000000
3.42242500000000
3.41405110000000
3.41307500000000
3.39762210000000
3.39228890000000
3.38869910000000
3.37011290000000
3.37039900000000
3.38079000000000
3.33707810000000
3.30764010000000
3.28073190000000
3.25195600000000
3.26046110000000
3.24509000000000
3.25452400000000
3.25542000000000
3.26888800000000
3.27237200000000
3.29159590000000
3.29190300000000
3.28427600000000
3.29388590000000
3.29862590000000
3.29506710000000
3.30392410000000
3.30276300000000
3.31698800000000
3.31389500000000
3.33190890000000
3.36304900000000
3.34270910000000
3.35476800000000
3.37691690000000
3.35857390000000
3.38456800000000
3.38699200000000
3.40986490000000
3.37103700000000
3.41114400000000
3.41451410000000
3.43082310000000
3.43597790000000
3.46610190000000
3.47049590000000
3.49256800000000
3.50992300000000
3.56103990000000
3.57727410000000
3.63385890000000
3.64147400000000
3.66886590000000
3.73746400000000
3.77552390000000
3.85879590000000
3.81072500000000
3.85382600000000
3.82950810000000
3.80029700000000
3.86225200000000
3.81749300000000
3.83460690000000
3.88318300000000
3.83819890000000
3.80985190000000
3.72769090000000
3.78028390000000
3.76881410000000
3.76874590000000
3.76301410000000
3.73513010000000
3.76251290000000
3.77393600000000
3.76074700000000
3.78831200000000
3.78530790000000
3.79150200000000
3.73230000000000
3.74960710000000
3.75506400000000
3.74902700000000
3.76806400000000
3.74447800000000
3.70523690000000
3.66562800000000
3.73348500000000
3.71562190000000
3.73637890000000
3.74365500000000
3.72623990000000
3.70725490000000
3.69767900000000
3.71121100000000
3.67771290000000
3.71686410000000
3.69841410000000
3.77534290000000
3.72009610000000
3.72693200000000
3.65566990000000
3.68798400000000
3.70083590000000
3.70066190000000
3.68878010000000
3.74009610000000
3.72172310000000
3.68238090000000
3.75671790000000
3.69961400000000
3.73710890000000
3.69972800000000
3.75742410000000
3.72515800000000
3.70342210000000
3.70469810000000
3.71659490000000
3.76263590000000
3.73280410000000
3.69686100000000
3.73855900000000
3.66610410000000
3.76683900000000
3.69105200000000
3.71867700000000
3.69361400000000
3.63893890000000
3.70915290000000
3.67751690000000
3.73766090000000
3.75024200000000
3.70374390000000
3.72799990000000
3.69292900000000
3.67707300000000
3.66465310000000
3.65742610000000
3.70813800000000
3.63803700000000
3.65866490000000
3.67532900000000
3.59435510000000
3.61354210000000
3.60296300000000
3.61012600000000
3.57659600000000
3.55945490000000
3.57812190000000
3.56377700000000
3.55969190000000
3.58022190000000
3.50744010000000
3.54152200000000
3.51732300000000
3.47028090000000
3.50842000000000
3.50268890000000
3.47839000000000
3.50092910000000
3.49201990000000
3.45825100000000
3.48689510000000
3.46313600000000
3.45392390000000
3.46026400000000
3.45579100000000
3.43925810000000
3.43759200000000
3.41061400000000
3.44794800000000
3.45132400000000
3.43831990000000
3.42390800000000
3.42602800000000
3.39183810000000
3.42861200000000
3.43166800000000
3.42809610000000
3.42406010000000
3.41208290000000
3.39324500000000
3.40814400000000
3.39404300000000
3.36321500000000
3.38529710000000
3.36285900000000
3.36983700000000
3.36350010000000
3.40581990000000
3.33932090000000
3.32954000000000
3.33590600000000
3.32844500000000
3.32959200000000
3.31944700000000
3.34002300000000
3.34623910000000
3.32482910000000
3.35101200000000
3.36792990000000
3.33569100000000
3.35125900000000
3.34783410000000
3.34604310000000
3.34997800000000
3.35946300000000
3.34540300000000
3.38728190000000
3.37375210000000
3.34692600000000
3.34700610000000
3.38902400000000
3.35420390000000
3.35949210000000
3.34568690000000
3.37107800000000
3.39060900000000
3.39034890000000
3.36023500000000
3.35771990000000
3.38503290000000
3.36429190000000
3.37167410000000
3.35002490000000
3.38243010000000
3.36675410000000
3.37728500000000
3.40294790000000
3.38531990000000
3.37647700000000
3.38931890000000
3.43108200000000
3.39182000000000
3.41081090000000
3.43126300000000
3.43391700000000
3.42579290000000
3.44055200000000
3.45148710000000
3.45409610000000
3.50121190000000
3.44305990000000
3.47385810000000
3.41725400000000
3.50199100000000
3.50592210000000
3.49804400000000
3.52025790000000
3.55907510000000
3.51304700000000
3.44978000000000
3.58976700000000
3.57058600000000
3.54164200000000
3.51003690000000
3.63775990000000
3.55658010000000
3.59235410000000
3.62707500000000
3.55805900000000
3.53519110000000
3.60409900000000
3.53607890000000
3.56491090000000
3.61686710000000
3.64358310000000
3.64088010000000
3.61816000000000
3.62991000000000
3.65212800000000
3.64717890000000
3.56381200000000
3.62212200000000
3.61759810000000
3.65231490000000
3.59015010000000
3.71036200000000
3.63067200000000
3.65306310000000
3.56683710000000
3.70435500000000