spectre
GradoAlcoholico	10.5200005000000
skip
0.840926000000000
0.868951000000000
0.896252000000000
0.919115000000000
0.937245000000000
0.951559000000000
0.965082000000000
0.974171000000000
0.980955000000000
0.981621000000000
0.980017000000000
0.979877000000000
0.973308000000000
0.968542000000000
0.960089000000000
0.952120000000000
0.943462000000000
0.934944000000000
0.919334000000000
0.908253000000000
0.895319000000000
0.881806000000000
0.868818000000000
0.854430000000000
0.840152000000000
0.825985000000000
0.810605000000000
0.796112000000000
0.781543000000000
0.765927000000000
0.751952000000000
0.737270000000000
0.721228000000000
0.706918000000000
0.692530000000000
0.676529000000000
0.663128000000000
0.648689000000000
0.633632000000000
0.617768000000000
0.604140000000000
0.588989000000000
0.574499000000000
0.559988000000000
0.545811000000000
0.532123000000000
0.517169000000000
0.502764000000000
0.489854000000000
0.476102000000000
0.462981000000000
0.450448000000000
0.436912000000000
0.424278000000000
0.412823000000000
0.399798000000000
0.389291000000000
0.377876000000000
0.365659000000000
0.354822000000000
0.344312000000000
0.333646000000000
0.324127000000000
0.314768000000000
0.304596000000000
0.297052000000000
0.288611000000000
0.280373000000000
0.273645000000000
0.266312000000000
0.260001000000000
0.254031000000000
0.247347000000000
0.241563000000000
0.236533000000000
0.231494000000000
0.225832000000000
0.221146000000000
0.216291000000000
0.211543000000000
0.206549000000000
0.201825000000000
0.197793000000000
0.193243000000000
0.188971000000000
0.185389000000000
0.180838000000000
0.176835000000000
0.173195000000000
0.169259000000000
0.165548000000000
0.162076000000000
0.158584000000000
0.155172000000000
0.152193000000000
0.148701000000000
0.145800000000000
0.142587000000000
0.139488000000000
0.137012000000000
0.134180000000000
0.131192000000000
0.128456000000000
0.125930000000000
0.123225000000000
0.120871000000000
0.118529000000000
0.116025000000000
0.113723000000000
0.111564000000000
0.109448000000000
0.107200000000000
0.105184000000000
0.103392000000000
0.101410000000000
0.0993840020000000
0.0974280010000000
0.0958030000000000
0.0939740020000000
0.0923290030000000
0.0906239970000000
0.0889889970000000
0.0874729980000000
0.0859090020000000
0.0844400000000000
0.0831469970000000
0.0817380030000000
0.0804779980000000
0.0792850030000000
0.0779410000000000
0.0768349990000000
0.0758489970000000
0.0745840000000000
0.0735450010000000
0.0726369990000000
0.0715800000000000
0.0707219990000000
0.0697370020000000
0.0689100030000000
0.0680980010000000
0.0673120020000000
0.0664250030000000
0.0657320020000000
0.0648389980000000
0.0640959960000000
0.0633149970000000
0.0624150000000000
0.0615210010000000
0.0607439990000000
0.0600200000000000
0.0594899990000000
0.0590590020000000
0.0588099990000000
0.0587980000000000
0.0589420010000000
0.0592480000000000
0.0598130000000000
0.0605620000000000
0.0614990000000000
0.0625659970000000
0.0639209970000000
0.0654139970000000
0.0668480020000000
0.0684230030000000
0.0696759970000000
0.0707750020000000
0.0718349960000000
0.0725639980000000
0.0731429980000000
0.0735320000000000
0.0736759980000000
0.0735530030000000
0.0735960010000000
0.0735879990000000
0.0734879970000000
0.0731450020000000
0.0727809970000000
0.0724830030000000
0.0721570030000000
0.0718490030000000
0.0714000020000000
0.0709099990000000
0.0704239980000000
0.0698660020000000
0.0692840000000000
0.0686820000000000
0.0679960030000000
0.0673630010000000
0.0666280020000000
0.0659139980000000
0.0652519990000000
0.0644629970000000
0.0637400000000000
0.0630320010000000
0.0623009990000000
0.0615920010000000
0.0609479990000000
0.0602970010000000
0.0597530010000000
0.0592300000000000
0.0588020010000000
0.0584149990000000
0.0581370000000000
0.0579239990000000
0.0578770000000000
0.0579510000000000
0.0581419990000000
0.0585090000000000
0.0591849980000000
0.0600270000000000
0.0611240010000000
0.0625569970000000
0.0640589970000000
0.0657680030000000
0.0676729980000000
0.0694319980000000
0.0712440010000000
0.0729720000000000
0.0744230000000000
0.0757630020000000
0.0768650030000000
0.0777250010000000
0.0785349980000000
0.0792149980000000
0.0798610000000000
0.0804700030000000
0.0810530040000000
0.0816849990000000
0.0823400020000000
0.0829870030000000
0.0836950020000000
0.0844340030000000
0.0852129980000000
0.0861219990000000
0.0870769990000000
0.0880820010000000
0.0892580000000000
0.0904700010000000
0.0917370020000000
0.0932060030000000
0.0946419980000000
0.0961970020000000
0.0978979990000000
0.0994980040000000
0.101301000000000
0.103150000000000
0.104960000000000
0.106961000000000
0.108951000000000
0.110910000000000
0.113079000000000
0.115106000000000
0.117168000000000
0.119505000000000
0.121902000000000
0.124660000000000
0.127929000000000
0.131558000000000
0.136157000000000
0.141629000000000
0.147674000000000
0.155521000000000
0.164013000000000
0.173472000000000
0.184993000000000
0.196783000000000
0.210254000000000
0.225521000000000
0.241007000000000
0.259126000000000
0.279189000000000
0.300025000000000
0.325186000000000
0.351830000000000
0.379452000000000
0.411789000000000
0.442644000000000
0.473180000000000
0.503696000000000
0.528815000000000
0.551089000000000
0.569325000000000
0.582159000000000
0.592678000000000
0.599782000000000
0.604706000000000
0.608105000000000
0.609833000000000
0.610059000000000
0.608772000000000
0.606208000000000
0.602093000000000
0.596562000000000
0.590205000000000
0.582355000000000
0.573558000000000
0.564477000000000
0.553697000000000
0.542867000000000
0.531690000000000
0.519121000000000
0.507063000000000
0.494287000000000
0.480732000000000
0.467932000000000
0.454050000000000
0.440225000000000
0.427073000000000
0.412737000000000
0.399225000000000
0.386180000000000
0.372331000000000
0.359737000000000
0.347234000000000
0.334596000000000
0.323439000000000
0.311954000000000
0.301181000000000
0.291483000000000
0.281483000000000
0.272603000000000
0.264442000000000
0.256279000000000
0.249240000000000
0.242610000000000
0.236326000000000
0.231122000000000
0.226141000000000
0.221844000000000
0.218341000000000
0.215181000000000
0.212670000000000
0.210663000000000
0.209104000000000
0.208220000000000
0.207898000000000
0.208090000000000
0.208876000000000
0.210281000000000
0.212148000000000
0.214457000000000
0.217570000000000
0.221049000000000
0.225015000000000
0.229701000000000
0.234538000000000
0.240036000000000
0.246090000000000
0.251995000000000
0.258690000000000
0.239385000000000
0.245425000000000
0.251972000000000
0.258645000000000
0.265226000000000
0.272756000000000
0.280504000000000
0.288936000000000
0.299256000000000
0.310419000000000
0.324451000000000
0.341726000000000
0.361720000000000
0.387608000000000
0.418853000000000
0.454246000000000
0.500515000000000
0.550240000000000
0.607533000000000
0.673885000000000
0.740775000000000
0.815022000000000
0.891084000000000
0.964073000000000
1.04238700000000
1.11407600000000
1.17798200000000
1.23674700000000
1.28279200000000
1.32146300000000
1.35446800000000
1.37938090000000
1.40208300000000
1.42012600000000
1.43549200000000
1.45069100000000
1.46431400000000
1.47755100000000
1.49097000000000
1.50259900000000
1.51397500000000
1.52377400000000
1.53168000000000
1.53851290000000
1.54319100000000
1.54680000000000
1.54902800000000
1.55005710000000
1.54957800000000
1.54751800000000
1.54431800000000
1.53952210000000
1.53361000000000
1.52676200000000
1.51879200000000
1.51082210000000
1.50213100000000
1.49287300000000
1.48427300000000
1.47463700000000
1.46525200000000
1.45602100000000
1.44618000000000
1.43697500000000
1.42753300000000
1.41764610000000
1.40881300000000
1.39903100000000
1.38979900000000
1.38111500000000
1.37166800000000
1.36287800000000
1.35454300000000
1.34606900000000
1.33872700000000
1.33136900000000
1.32474900000000
1.31906200000000
1.31377900000000
1.30961200000000
1.30665800000000
1.30440900000000
1.30353110000000
1.30402900000000
1.30608500000000
1.30925000000000
1.31452600000000
1.32109800000000
1.32961800000000
1.34055300000000
1.35245800000000
1.36725900000000
1.38421200000000
1.40217700000000
1.42438400000000
1.44749000000000
1.47337000000000
1.50321500000000
1.53325400000000
1.56810800000000
1.60573900000000
1.64410310000000
1.68982300000000
1.73519900000000
1.78489800000000
1.84075110000000
1.89563800000000
1.95741800000000
2.02192500000000
2.08441090000000
2.15758610000000
2.22704600000000
2.29799200000000
2.37167410000000
2.43735790000000
2.50964500000000
2.57474800000000
2.63306900000000
2.69250390000000
2.74136210000000
2.78979300000000
2.82912490000000
2.86282400000000
2.89660190000000
2.92164400000000
2.93617200000000
2.96206310000000
2.97820900000000
2.99508810000000
3.00772090000000
3.02579310000000
3.04321100000000
3.05544900000000
3.06861400000000
3.08472700000000
3.09685990000000
3.10221910000000
3.11919810000000
3.12404110000000
3.13293500000000
3.13855200000000
3.14126610000000
3.15150500000000
3.15995100000000
3.16640810000000
3.16978600000000
3.17320990000000
3.18702290000000
3.18410490000000
3.18718100000000
3.19130610000000
3.19902610000000
3.20698500000000
3.20865510000000
3.21201400000000
3.21813300000000
3.21207190000000
3.21620890000000
3.23423100000000
3.23529600000000
3.23667100000000
3.23499490000000
3.24957200000000
3.24345710000000
3.24811790000000
3.25972890000000
3.26599690000000
3.26363990000000
3.27592610000000
3.25897910000000
3.25546100000000
3.27940510000000
3.27220510000000
3.28916410000000
3.28296900000000
3.28483390000000
3.28987600000000
3.29828600000000
3.31071810000000
3.29716900000000
3.30904600000000
3.31092690000000
3.30902290000000
3.30225800000000
3.33851290000000
3.33070110000000
3.33443000000000
3.34628110000000
3.34599400000000
3.34829090000000
3.34484200000000
3.35368300000000
3.33836200000000
3.33457900000000
3.34346890000000
3.32517190000000
3.32453390000000
3.34188800000000
3.32081890000000
3.30739590000000
3.30857800000000
3.28962490000000
3.29639010000000
3.30159400000000
3.27519700000000
3.29174800000000
3.29259710000000
3.30992390000000
3.30984710000000
3.32198910000000
3.30645490000000
3.30821610000000
3.34238200000000
3.35160900000000
3.36902400000000
3.35130810000000
3.36895700000000
3.37588410000000
3.40551090000000
3.38800910000000
3.41206410000000
3.41354110000000
3.41322800000000
3.41280290000000
3.41765000000000
3.42032100000000
3.44590500000000
3.45340490000000
3.44985600000000
3.46479700000000
3.45838310000000
3.44783590000000
3.43374400000000
3.47380900000000
3.45320510000000
3.46258210000000
3.46957900000000
3.47809910000000
3.46286010000000
3.46715000000000
3.46481900000000
3.47737290000000
3.46205500000000
3.49147890000000
3.47372790000000
3.45859000000000
3.46606900000000
3.46875910000000
3.47349690000000
3.44983910000000
3.48411110000000
3.46974300000000
3.47082300000000
3.47947000000000
3.49029400000000
3.49794010000000
3.48853900000000
3.50222800000000
3.50022290000000
3.52123810000000
3.53220510000000
3.53417210000000
3.51604390000000
3.51872800000000
3.52716590000000
3.54295990000000
3.54749990000000
3.55191900000000
3.57841490000000
3.56457900000000
3.54874710000000
3.56338000000000
3.55780410000000
3.58233190000000
3.56796600000000
3.57961700000000
3.57965990000000
3.55320910000000
3.54518600000000
3.56350210000000
3.56349800000000
3.56464100000000
3.55919690000000
3.53677510000000
3.52088900000000
3.52652600000000
3.54025510000000
3.50779010000000
3.49366810000000
3.51544310000000
3.47704510000000
3.48730990000000
3.46492510000000
3.45403790000000
3.45524310000000
3.43442200000000
3.42443490000000
3.40383790000000
3.40361600000000
3.40528800000000
3.40235900000000
3.37439700000000
3.35130810000000
3.37156700000000
3.37253690000000
3.32816200000000
3.31010390000000
3.29434390000000
3.26246090000000
3.23771500000000
3.24559210000000
3.25480510000000
3.27376200000000
3.26631310000000
3.28311300000000
3.29962610000000
3.28331400000000
3.28065610000000
3.29953910000000
3.30702810000000
3.29580090000000
3.29995200000000
3.28791400000000
3.31114510000000
3.30861310000000
3.31881090000000
3.32910990000000
3.34138200000000
3.37313890000000
3.36982200000000
3.37817100000000
3.39395310000000
3.37264700000000
3.36492710000000
3.37942290000000
3.39808390000000
3.42207190000000
3.42845300000000
3.45356700000000
3.47488590000000
3.47298500000000
3.48077990000000
3.55485200000000
3.54956010000000
3.58436610000000
3.62674310000000
3.64338110000000
3.74670410000000
3.75210910000000
3.75223800000000
3.86389990000000
3.82615490000000
3.81133390000000
3.84819700000000
3.82454300000000
3.84208010000000
3.78807590000000
3.81340790000000
3.79419090000000
3.89772010000000
3.84719800000000
3.79210810000000
3.78566790000000
3.81040910000000
3.77610400000000
3.77102710000000
3.74841190000000
3.73947310000000
3.71285800000000
3.75415300000000
3.82299710000000
3.75372510000000
3.76032810000000
3.76172590000000
3.81416890000000
3.77229500000000
3.76340700000000
3.75462290000000
3.79847410000000
3.77391410000000
3.77149010000000
3.75501700000000
3.71753690000000
3.76567600000000
3.69663100000000
3.74179410000000
3.71103910000000
3.74977990000000
3.76405190000000
3.75119400000000
3.75008110000000
3.71080090000000
3.70614700000000
3.71714400000000
3.67684100000000
3.66475300000000
3.71525310000000
3.71897010000000
3.71613910000000
3.71592690000000
3.66857000000000
3.72753410000000
3.66813800000000
3.69490290000000
3.74337290000000
3.77136990000000
3.68843390000000
3.78283500000000
3.69982000000000
3.73086690000000
3.73077700000000
3.68000700000000
3.68060710000000
3.73580000000000
3.75391200000000
3.73783490000000
3.74295500000000
3.68943310000000
3.69101410000000
3.72221300000000
3.67293310000000
3.74238490000000
3.71832610000000
3.69954490000000
3.77232790000000
3.73328800000000
3.67812200000000
3.71292000000000
3.70459100000000
3.65189500000000
3.70910310000000
3.67502810000000
3.65794900000000
3.66145710000000
3.66173600000000
3.68655200000000
3.65972900000000
3.60981800000000
3.65158010000000
3.60625910000000
3.60826210000000
3.59430290000000
3.56799790000000
3.58505010000000
3.57130100000000
3.55971100000000
3.52126600000000
3.55317000000000
3.52137710000000
3.55116890000000
3.49480510000000
3.49261400000000
3.51825900000000
3.52083710000000
3.48718090000000
3.47121310000000
3.45807600000000
3.47712900000000
3.48467300000000
3.50382090000000
3.51159910000000
3.46860600000000
3.41024800000000
3.47631410000000
3.45763800000000
3.45520710000000
3.43542700000000
3.43646100000000
3.41597290000000
3.41995310000000
3.43760700000000
3.39494610000000
3.41060090000000
3.42821190000000
3.41097090000000
3.42068910000000
3.40846900000000
3.43026590000000
3.39785410000000
3.39371710000000
3.38925600000000
3.35849310000000
3.35540600000000
3.37821010000000
3.38548710000000
3.37665200000000
3.35741710000000
3.34304900000000
3.36996200000000
3.33810210000000
3.35233810000000
3.33798290000000
3.33992200000000
3.35191890000000
3.35453890000000
3.36353400000000
3.35069700000000
3.35684110000000
3.33613200000000
3.34597800000000
3.37824800000000
3.37240410000000
3.35013600000000
3.36035990000000
3.37003110000000
3.38479210000000
3.35099600000000
3.36639400000000
3.38134910000000
3.41698290000000
3.38737890000000
3.39030600000000
3.38164310000000
3.39648700000000
3.38798900000000
3.41895290000000
3.40613790000000
3.42590900000000
3.40076300000000
3.41325590000000
3.37407300000000
3.41217590000000
3.41881900000000
3.42072610000000
3.44295410000000
3.41310410000000
3.43174410000000
3.41778900000000
3.43414400000000
3.43984790000000
3.45432210000000
3.43890810000000
3.44345400000000
3.44252110000000
3.49453710000000
3.50031900000000
3.46357700000000
3.46677710000000
3.48443510000000
3.52221800000000
3.53387900000000
3.55302410000000
3.50855490000000
3.53675700000000
3.54832200000000
3.53292700000000
3.51565500000000
3.53539300000000
3.57666110000000
3.55991790000000
3.62782100000000
3.57207390000000
3.57873990000000
3.55575900000000
3.61449000000000
3.57374690000000
3.55204300000000
3.60814310000000
3.69944190000000
3.59692310000000
3.51629300000000
3.58986400000000
3.63698700000000
3.72349600000000
3.63966110000000
3.60593010000000
3.57378700000000
3.60825300000000
3.59769510000000
3.60910700000000
3.63866090000000
3.65408800000000
3.63790990000000
3.66453000000000
3.55773210000000
3.63301710000000