spectre
GradoAlcoholico	10.6999998000000
skip
0.827186000000000
0.856689000000000
0.880767000000000
0.903114000000000
0.916877000000000
0.928480000000000
0.940960000000000
0.947693000000000
0.947995000000000
0.948103000000000
0.944653000000000
0.940584000000000
0.932400000000000
0.925624000000000
0.916636000000000
0.905166000000000
0.895623000000000
0.882052000000000
0.867951000000000
0.855135000000000
0.842904000000000
0.829314000000000
0.814243000000000
0.800367000000000
0.786296000000000
0.771786000000000
0.757056000000000
0.742124000000000
0.728932000000000
0.713537000000000
0.698966000000000
0.685995000000000
0.671933000000000
0.658208000000000
0.644590000000000
0.630270000000000
0.617210000000000
0.604409000000000
0.590216000000000
0.577180000000000
0.564388000000000
0.551499000000000
0.538823000000000
0.526084000000000
0.513210000000000
0.502148000000000
0.489033000000000
0.477852000000000
0.466388000000000
0.454181000000000
0.442824000000000
0.432343000000000
0.420554000000000
0.410884000000000
0.400638000000000
0.390073000000000
0.379782000000000
0.370568000000000
0.360857000000000
0.351325000000000
0.341645000000000
0.332301000000000
0.323865000000000
0.315154000000000
0.306373000000000
0.299183000000000
0.292158000000000
0.285422000000000
0.278895000000000
0.272317000000000
0.265965000000000
0.261004000000000
0.254909000000000
0.249705000000000
0.244699000000000
0.239740000000000
0.234600000000000
0.230291000000000
0.225410000000000
0.220667000000000
0.216583000000000
0.211951000000000
0.208045000000000
0.203874000000000
0.199304000000000
0.195726000000000
0.191774000000000
0.187722000000000
0.184195000000000
0.180299000000000
0.176566000000000
0.173558000000000
0.169672000000000
0.166405000000000
0.163490000000000
0.160208000000000
0.157098000000000
0.154073000000000
0.151108000000000
0.148071000000000
0.145508000000000
0.142454000000000
0.139804000000000
0.137123000000000
0.134617000000000
0.132180000000000
0.129728000000000
0.127060000000000
0.124874000000000
0.122495000000000
0.120377000000000
0.118426000000000
0.116107000000000
0.114083000000000
0.112245000000000
0.110025000000000
0.108197000000000
0.106440000000000
0.104460000000000
0.102731000000000
0.100954000000000
0.0991820020000000
0.0975980010000000
0.0959749970000000
0.0944319960000000
0.0929889980000000
0.0915530030000000
0.0902080010000000
0.0888269990000000
0.0876019970000000
0.0863699990000000
0.0851740020000000
0.0838989990000000
0.0827570040000000
0.0817219990000000
0.0806090010000000
0.0795890020000000
0.0785800000000000
0.0776000020000000
0.0767470000000000
0.0757770020000000
0.0748519970000000
0.0740630030000000
0.0731540020000000
0.0722360010000000
0.0713850040000000
0.0703380030000000
0.0693330020000000
0.0684529990000000
0.0676039980000000
0.0668260010000000
0.0663570020000000
0.0660080020000000
0.0659080000000000
0.0659630000000000
0.0661579970000000
0.0666180030000000
0.0672739970000000
0.0681589990000000
0.0691889970000000
0.0704730000000000
0.0718820020000000
0.0732040030000000
0.0746309980000000
0.0758500020000000
0.0768409970000000
0.0778030010000000
0.0784810040000000
0.0789590030000000
0.0791850020000000
0.0791310000000000
0.0788770020000000
0.0787630010000000
0.0788260030000000
0.0786850010000000
0.0782700030000000
0.0778409990000000
0.0774409990000000
0.0770400020000000
0.0766630020000000
0.0761630010000000
0.0756150040000000
0.0750800000000000
0.0744280000000000
0.0737729970000000
0.0730979960000000
0.0723809970000000
0.0716570020000000
0.0708559980000000
0.0700920000000000
0.0693190020000000
0.0685100030000000
0.0677160020000000
0.0669500010000000
0.0661560000000000
0.0654120000000000
0.0647189990000000
0.0640050020000000
0.0633820000000000
0.0628359990000000
0.0622950010000000
0.0619050000000000
0.0615819990000000
0.0613339990000000
0.0612079990000000
0.0612210000000000
0.0613790010000000
0.0617070010000000
0.0623290020000000
0.0631190020000000
0.0641459970000000
0.0655009970000000
0.0669780000000000
0.0686419980000000
0.0704889970000000
0.0722009990000000
0.0739789980000000
0.0756409990000000
0.0770339970000000
0.0783289970000000
0.0793560000000000
0.0801889970000000
0.0809580010000000
0.0816000030000000
0.0821909980000000
0.0827820000000000
0.0833140020000000
0.0839110020000000
0.0845369990000000
0.0851489980000000
0.0858199970000000
0.0865530000000000
0.0873000030000000
0.0881910030000000
0.0891100020000000
0.0900589970000000
0.0912439970000000
0.0924130010000000
0.0936890020000000
0.0951360020000000
0.0965510010000000
0.0980779980000000
0.0997819980000000
0.101385000000000
0.103159000000000
0.105008000000000
0.106811000000000
0.108829000000000
0.110805000000000
0.112723000000000
0.114876000000000
0.116889000000000
0.118944000000000
0.121217000000000
0.123501000000000
0.126272000000000
0.129452000000000
0.133017000000000
0.137551000000000
0.142970000000000
0.148949000000000
0.156704000000000
0.165110000000000
0.174478000000000
0.185914000000000
0.197649000000000
0.210978000000000
0.226178000000000
0.241579000000000
0.259581000000000
0.279536000000000
0.300289000000000
0.325329000000000
0.351888000000000
0.379360000000000
0.411581000000000
0.442291000000000
0.472612000000000
0.502991000000000
0.527919000000000
0.549990000000000
0.568109000000000
0.580860000000000
0.591330000000000
0.598411000000000
0.603299000000000
0.606718000000000
0.608476000000000
0.608728000000000
0.607498000000000
0.605015000000000
0.600949000000000
0.595527000000000
0.589236000000000
0.581453000000000
0.572780000000000
0.563745000000000
0.553099000000000
0.542378000000000
0.531298000000000
0.518798000000000
0.506829000000000
0.494116000000000
0.480604000000000
0.467889000000000
0.454081000000000
0.440292000000000
0.427196000000000
0.412896000000000
0.399425000000000
0.386369000000000
0.372526000000000
0.359984000000000
0.347462000000000
0.334861000000000
0.323701000000000
0.312220000000000
0.301452000000000
0.291768000000000
0.281775000000000
0.272884000000000
0.264719000000000
0.256541000000000
0.249483000000000
0.242888000000000
0.236559000000000
0.231360000000000
0.226372000000000
0.222112000000000
0.218546000000000
0.215357000000000
0.212770000000000
0.210814000000000
0.209245000000000
0.208295000000000
0.207987000000000
0.208189000000000
0.208952000000000
0.210301000000000
0.212183000000000
0.214465000000000
0.217559000000000
0.220965000000000
0.224944000000000
0.229631000000000
0.234416000000000
0.239877000000000
0.245861000000000
0.251758000000000
0.258446000000000
0.238360000000000
0.244376000000000
0.250879000000000
0.257529000000000
0.264081000000000
0.271608000000000
0.279287000000000
0.287708000000000
0.297996000000000
0.309185000000000
0.323154000000000
0.340373000000000
0.360402000000000
0.386287000000000
0.417558000000000
0.452874000000000
0.499142000000000
0.548953000000000
0.606150000000000
0.672382000000000
0.739130000000000
0.813177000000000
0.889079000000000
0.961784000000000
1.03977800000000
1.11114500000000
1.17478200000000
1.23329100000000
1.27912800000000
1.31779800000000
1.35094300000000
1.37575300000000
1.39874010000000
1.41705300000000
1.43294700000000
1.44837300000000
1.46230600000000
1.47587000000000
1.48966500000000
1.50156610000000
1.51303900000000
1.52319000000000
1.53103700000000
1.53790700000000
1.54256800000000
1.54571100000000
1.54776100000000
1.54860000000000
1.54803600000000
1.54612510000000
1.54258890000000
1.53789700000000
1.53179600000000
1.52490100000000
1.51683700000000
1.50889600000000
1.50014100000000
1.49083200000000
1.48197600000000
1.47236300000000
1.46304700000000
1.45377190000000
1.44378400000000
1.43455600000000
1.42487600000000
1.41515510000000
1.40620900000000
1.39652300000000
1.38718200000000
1.37842300000000
1.36886700000000
1.36022310000000
1.35191500000000
1.34346500000000
1.33595100000000
1.32850600000000
1.32192900000000
1.31623490000000
1.31087900000000
1.30686300000000
1.30363700000000
1.30132790000000
1.30047200000000
1.30084500000000
1.30281100000000
1.30589900000000
1.31110700000000
1.31762100000000
1.32612800000000
1.33675300000000
1.34867500000000
1.36328200000000
1.38015000000000
1.39806200000000
1.42023100000000
1.44321300000000
1.46896100000000
1.49866200000000
1.52868400000000
1.56365600000000
1.60080400000000
1.63890700000000
1.68470600000000
1.73013900000000
1.77979400000000
1.83537500000000
1.89005990000000
1.95161290000000
2.01635190000000
2.07844400000000
2.15152910000000
2.22071190000000
2.29158900000000
2.36612200000000
2.43392110000000
2.50130510000000
2.57041600000000
2.62923290000000
2.68836090000000
2.73928090000000
2.78415490000000
2.82649800000000
2.85913300000000
2.88723900000000
2.91519090000000
2.93886300000000
2.96259900000000
2.97778110000000
2.98870710000000
3.00984810000000
3.02921510000000
3.04050110000000
3.04622600000000
3.06323700000000
3.07637190000000
3.08783390000000
3.10505100000000
3.11751010000000
3.11408810000000
3.12602310000000
3.14088510000000
3.13302110000000
3.15695910000000
3.15851810000000
3.16110800000000
3.17196110000000
3.17131900000000
3.17998000000000
3.18975500000000
3.18371800000000
3.19317100000000
3.20302890000000
3.19988890000000
3.21106600000000
3.20867800000000
3.22514700000000
3.21696500000000
3.22060990000000
3.22447400000000
3.23139910000000
3.23053000000000
3.23940710000000
3.24128010000000
3.24956700000000
3.24291800000000
3.25327110000000
3.25590800000000
3.25696210000000
3.26196690000000
3.25906710000000
3.27612300000000
3.28160500000000
3.28525300000000
3.27944210000000
3.28242800000000
3.29667900000000
3.28860090000000
3.29060010000000
3.30088210000000
3.31415610000000
3.30434990000000
3.31394200000000
3.32264490000000
3.32266400000000
3.31588100000000
3.32135800000000
3.32378410000000
3.33202200000000
3.33279900000000
3.34005500000000
3.34055210000000
3.35153290000000
3.34251000000000
3.35346010000000
3.34400010000000
3.32521100000000
3.32961800000000
3.31663390000000
3.32871200000000
3.31386590000000
3.30553700000000
3.30054690000000
3.29825000000000
3.30862000000000
3.29072000000000
3.30248500000000
3.30259800000000
3.29679490000000
3.32306410000000
3.30835390000000
3.32206990000000
3.33190700000000
3.33280710000000
3.34772300000000
3.34021900000000
3.36421390000000
3.38799910000000
3.39127800000000
3.40175100000000
3.37874100000000
3.41934300000000
3.40512900000000
3.42785810000000
3.44178800000000
3.43086700000000
3.45519800000000
3.45533990000000
3.44352790000000
3.45692610000000
3.45065400000000
3.45142100000000
3.44842600000000
3.47001190000000
3.47722910000000
3.45209190000000
3.45390110000000
3.47005800000000
3.46364590000000
3.46942500000000
3.44710110000000
3.46624590000000
3.46890710000000
3.45015000000000
3.47397990000000
3.47663500000000
3.48392110000000
3.48295210000000
3.46892500000000
3.47215510000000
3.48675610000000
3.48111890000000
3.48291900000000
3.50012210000000
3.48102810000000
3.48767400000000
3.49666500000000
3.49591900000000
3.50754690000000
3.51310900000000
3.51821590000000
3.52293400000000
3.52489590000000
3.51054690000000
3.55123210000000
3.55265400000000
3.54969100000000
3.52518700000000
3.55381890000000
3.54547910000000
3.58232190000000
3.55861400000000
3.57413790000000
3.57090590000000
3.53598900000000
3.56979890000000
3.55766800000000
3.60093810000000
3.54329110000000
3.56928800000000
3.56434010000000
3.57773710000000
3.52042890000000
3.54250000000000
3.55829690000000
3.53095290000000
3.52542090000000
3.55445910000000
3.51108600000000
3.48871800000000
3.50653510000000
3.48026700000000
3.47110700000000
3.47272800000000
3.44817300000000
3.44927100000000
3.42541290000000
3.41445210000000
3.42016200000000
3.40745500000000
3.39110210000000
3.39507510000000
3.37551090000000
3.35082600000000
3.37339590000000
3.35067300000000
3.30762510000000
3.30624600000000
3.27396010000000
3.26278400000000
3.24666000000000
3.24188300000000
3.25381990000000
3.26772900000000
3.27003600000000
3.27897310000000
3.28896310000000
3.29615690000000
3.29536600000000
3.29659200000000
3.30330490000000
3.29929400000000
3.29832700000000
3.29028510000000
3.30140500000000
3.31643510000000
3.31745790000000
3.32886790000000
3.33249400000000
3.34421210000000
3.37080410000000
3.36286810000000
3.36937000000000
3.37991810000000
3.38339900000000
3.38291190000000
3.41014000000000
3.42042090000000
3.43483300000000
3.42411400000000
3.45573810000000
3.48160100000000
3.49920610000000
3.51858810000000
3.56420400000000
3.57506700000000
3.60737300000000
3.63900210000000
3.68900990000000
3.73428700000000
3.75575710000000
3.80709410000000
3.80289290000000
3.83905700000000
3.82813310000000
3.78727510000000
3.82928610000000
3.88180300000000
3.78911810000000
3.79137490000000
3.82052900000000
3.81577710000000
3.76905300000000
3.76702310000000
3.79067400000000
3.75685410000000
3.78102900000000
3.74862690000000
3.72799210000000
3.72982000000000
3.75656010000000
3.75847010000000
3.76009490000000
3.72505310000000
3.71272990000000
3.75114200000000
3.73377800000000
3.69714090000000
3.75366400000000
3.71398000000000
3.75897910000000
3.76247810000000
3.76605200000000
3.73638700000000
3.69697810000000
3.73048710000000
3.67850090000000
3.72050310000000
3.70079800000000
3.67636800000000
3.64195110000000
3.73802900000000
3.70872810000000
3.62985110000000
3.68352510000000
3.69885710000000
3.62104890000000
3.69235110000000
3.70796490000000
3.72125600000000
3.69798710000000
3.69703510000000
3.70355700000000
3.70863600000000
3.73944810000000
3.72102690000000
3.71523690000000
3.67446300000000
3.74803210000000
3.75147510000000
3.68041210000000
3.70294090000000
3.67642090000000
3.70582390000000
3.72617510000000
3.72616000000000
3.71300600000000
3.71256800000000
3.71860690000000
3.70035790000000
3.68538690000000
3.68905590000000
3.69669200000000
3.72811600000000
3.65319490000000
3.69662000000000
3.66103200000000
3.64978100000000
3.68941000000000
3.71922590000000
3.65235400000000
3.67488190000000
3.68044090000000
3.71326800000000
3.64997910000000
3.61975600000000
3.65608310000000
3.62690590000000
3.61654210000000
3.61205910000000
3.55456300000000
3.61311410000000
3.57967400000000
3.57768200000000
3.57792210000000
3.56009890000000
3.55372310000000
3.52647810000000
3.52076100000000
3.52027890000000
3.53444790000000
3.51812200000000
3.50845100000000
3.51987410000000
3.47408200000000
3.50581790000000
3.49253390000000
3.48416500000000
3.46601010000000
3.45396300000000
3.48495010000000
3.47272400000000
3.46650290000000
3.45371390000000
3.45907000000000
3.43454500000000
3.44252990000000
3.43164490000000
3.45635290000000
3.41739200000000
3.42129900000000
3.39335110000000
3.40045500000000
3.42169590000000
3.39901800000000
3.38913490000000
3.38052890000000
3.38611510000000
3.40459700000000
3.36785890000000
3.39591100000000
3.36926890000000
3.36431190000000
3.36026410000000
3.34708400000000
3.34136100000000
3.34273410000000
3.35509200000000
3.33065700000000
3.34564810000000
3.32446100000000
3.34017610000000
3.34127210000000
3.34863590000000
3.34215210000000
3.35822300000000
3.33928390000000
3.32752300000000
3.33636400000000
3.37345500000000
3.34699510000000
3.34232590000000
3.36114690000000
3.36325000000000
3.36423210000000
3.36846800000000
3.35184000000000
3.38836410000000
3.37872290000000
3.38746600000000
3.38839600000000
3.36013290000000
3.35453700000000
3.37357400000000
3.36733010000000
3.37271690000000
3.36297490000000
3.39120700000000
3.35965700000000
3.38037710000000
3.38947110000000
3.36940100000000
3.40595600000000
3.39857410000000
3.38830490000000
3.39224100000000
3.40081190000000
3.42505910000000
3.41117190000000
3.38365290000000
3.41795210000000
3.41240310000000
3.45471600000000
3.46762390000000
3.43511510000000
3.50585390000000
3.42773600000000
3.44519210000000
3.47735690000000
3.45334100000000
3.51641990000000
3.49580190000000
3.53110500000000
3.51411890000000
3.50383090000000
3.52214000000000
3.54489210000000
3.56523490000000
3.55432610000000
3.52143190000000
3.52401300000000
3.55068400000000
3.56556700000000
3.59188600000000
3.59565500000000
3.56370900000000
3.55348300000000
3.56490900000000
3.60786200000000
3.56366900000000
3.59016490000000
3.58240510000000
3.57399800000000
3.58920500000000
3.61802910000000
3.63314600000000
3.60567500000000
3.61900900000000
3.65495800000000
3.66642000000000
3.64746690000000
3.59350800000000
3.57949810000000
3.67834310000000
3.63920310000000
3.67002110000000
3.61144710000000