spectre
GradoAlcoholico	10.6199999000000
skip
0.906472000000000
0.943187000000000
0.974335000000000
1.00502200000000
1.03336300000000
1.05280700000000
1.07779000000000
1.09143500000000
1.10632100000000
1.11493190000000
1.12254200000000
1.12995900000000
1.13265300000000
1.13145600000000
1.13331290000000
1.12753800000000
1.12617700000000
1.12103500000000
1.10867000000000
1.09810700000000
1.08681300000000
1.07469000000000
1.06284500000000
1.04964400000000
1.03405500000000
1.01939300000000
1.00380300000000
0.989042000000000
0.972191000000000
0.955643000000000
0.939305000000000
0.923754000000000
0.906213000000000
0.890363000000000
0.875269000000000
0.857650000000000
0.842653000000000
0.826966000000000
0.809944000000000
0.794158000000000
0.777668000000000
0.760909000000000
0.746528000000000
0.729604000000000
0.713579000000000
0.699493000000000
0.684658000000000
0.667581000000000
0.654159000000000
0.639449000000000
0.624083000000000
0.610891000000000
0.596592000000000
0.583736000000000
0.570001000000000
0.556275000000000
0.544224000000000
0.530957000000000
0.517619000000000
0.505181000000000
0.493317000000000
0.481526000000000
0.469235000000000
0.458115000000000
0.447511000000000
0.438127000000000
0.428144000000000
0.418858000000000
0.410534000000000
0.401610000000000
0.393850000000000
0.385795000000000
0.377852000000000
0.370475000000000
0.363498000000000
0.356163000000000
0.348971000000000
0.342632000000000
0.335524000000000
0.329037000000000
0.322707000000000
0.315822000000000
0.310084000000000
0.303639000000000
0.297530000000000
0.291834000000000
0.286061000000000
0.280144000000000
0.274903000000000
0.269022000000000
0.263362000000000
0.258519000000000
0.252891000000000
0.247931000000000
0.242939000000000
0.238328000000000
0.233455000000000
0.228894000000000
0.224326000000000
0.219766000000000
0.215845000000000
0.211693000000000
0.207462000000000
0.203456000000000
0.199377000000000
0.195867000000000
0.192279000000000
0.188441000000000
0.185041000000000
0.181438000000000
0.178176000000000
0.174903000000000
0.171674000000000
0.168617000000000
0.165678000000000
0.162585000000000
0.159866000000000
0.157073000000000
0.154283000000000
0.151669000000000
0.149045000000000
0.146336000000000
0.144011000000000
0.141510000000000
0.139257000000000
0.137110000000000
0.134778000000000
0.132752000000000
0.130719000000000
0.128621000000000
0.126787000000000
0.124882000000000
0.122925000000000
0.121166000000000
0.119400000000000
0.117629000000000
0.115951000000000
0.114318000000000
0.112603000000000
0.111120000000000
0.109468000000000
0.108094000000000
0.106640000000000
0.105088000000000
0.103666000000000
0.102138000000000
0.100447000000000
0.0988850000000000
0.0973770020000000
0.0959410000000000
0.0946889970000000
0.0936350000000000
0.0927399990000000
0.0921439980000000
0.0916929990000000
0.0914419960000000
0.0913940000000000
0.0916100000000000
0.0920270010000000
0.0926449970000000
0.0934809970000000
0.0944539980000000
0.0954959990000000
0.0964870010000000
0.0973360020000000
0.0980020020000000
0.0985919980000000
0.0989269990000000
0.0990410000000000
0.0989459980000000
0.0985409990000000
0.0979119990000000
0.0974079970000000
0.0970970020000000
0.0965669970000000
0.0958049970000000
0.0950440020000000
0.0943619980000000
0.0937080010000000
0.0930370020000000
0.0922140030000000
0.0913769980000000
0.0905330030000000
0.0896120000000000
0.0887169990000000
0.0877680030000000
0.0867829990000000
0.0858360010000000
0.0847830030000000
0.0837830010000000
0.0827839970000000
0.0816999970000000
0.0806929990000000
0.0797090010000000
0.0786599960000000
0.0777140040000000
0.0767920020000000
0.0758299980000000
0.0750150010000000
0.0742390010000000
0.0734929960000000
0.0728949980000000
0.0723439980000000
0.0718889980000000
0.0716030000000000
0.0714259970000000
0.0714159980000000
0.0715579990000000
0.0719600020000000
0.0725909990000000
0.0734329970000000
0.0746150020000000
0.0759069990000000
0.0774130000000000
0.0790639970000000
0.0806370010000000
0.0822430030000000
0.0837420000000000
0.0849940030000000
0.0861269980000000
0.0870440010000000
0.0877240000000000
0.0883499980000000
0.0888630000000000
0.0893410000000000
0.0897820000000000
0.0901689980000000
0.0906360000000000
0.0911199970000000
0.0915860010000000
0.0921330000000000
0.0927309990000000
0.0933620040000000
0.0941350010000000
0.0949580000000000
0.0958049970000000
0.0968720020000000
0.0979520010000000
0.0991109980000000
0.100445000000000
0.101767000000000
0.103183000000000
0.104728000000000
0.106230000000000
0.107909000000000
0.109643000000000
0.111346000000000
0.113241000000000
0.115117000000000
0.116967000000000
0.119026000000000
0.120963000000000
0.122928000000000
0.125115000000000
0.127327000000000
0.130005000000000
0.133141000000000
0.136624000000000
0.141098000000000
0.146477000000000
0.152400000000000
0.160100000000000
0.168465000000000
0.177796000000000
0.189171000000000
0.200847000000000
0.214131000000000
0.229196000000000
0.244601000000000
0.262526000000000
0.282419000000000
0.303100000000000
0.328059000000000
0.354533000000000
0.381970000000000
0.414122000000000
0.444792000000000
0.475092000000000
0.505438000000000
0.530379000000000
0.552527000000000
0.570680000000000
0.583426000000000
0.593894000000000
0.601002000000000
0.605917000000000
0.609305000000000
0.611050000000000
0.611279000000000
0.610025000000000
0.607515000000000
0.603433000000000
0.597933000000000
0.591614000000000
0.583804000000000
0.575053000000000
0.565994000000000
0.555255000000000
0.544477000000000
0.533322000000000
0.520748000000000
0.508727000000000
0.495966000000000
0.482387000000000
0.469657000000000
0.455765000000000
0.441984000000000
0.428851000000000
0.414518000000000
0.401020000000000
0.387943000000000
0.374067000000000
0.361472000000000
0.348951000000000
0.336304000000000
0.325125000000000
0.313621000000000
0.302827000000000
0.293066000000000
0.283102000000000
0.274153000000000
0.265963000000000
0.257749000000000
0.250691000000000
0.244068000000000
0.237690000000000
0.232489000000000
0.227479000000000
0.223184000000000
0.219601000000000
0.216369000000000
0.213787000000000
0.211797000000000
0.210235000000000
0.209313000000000
0.208916000000000
0.209114000000000
0.209830000000000
0.211153000000000
0.213055000000000
0.215325000000000
0.218400000000000
0.221819000000000
0.225739000000000
0.230408000000000
0.235216000000000
0.240677000000000
0.246570000000000
0.252474000000000
0.259120000000000
0.239665000000000
0.245641000000000
0.252139000000000
0.258781000000000
0.265303000000000
0.272801000000000
0.280492000000000
0.288878000000000
0.299128000000000
0.310281000000000
0.324216000000000
0.341406000000000
0.361350000000000
0.387146000000000
0.418331000000000
0.453614000000000
0.499748000000000
0.549339000000000
0.606465000000000
0.672593000000000
0.739220000000000
0.813280000000000
0.889193000000000
0.961879000000000
1.03999500000000
1.11134000000000
1.17515500000000
1.23376000000000
1.27976200000000
1.31834200000000
1.35135810000000
1.37635200000000
1.39901900000000
1.41735900000000
1.43304300000000
1.44844310000000
1.46213300000000
1.47546990000000
1.48921500000000
1.50116300000000
1.51260400000000
1.52246400000000
1.53048000000000
1.53748700000000
1.54223100000000
1.54569700000000
1.54794390000000
1.54894400000000
1.54861200000000
1.54669900000000
1.54332900000000
1.53872200000000
1.53275300000000
1.52593900000000
1.51798200000000
1.51022990000000
1.50157110000000
1.49224310000000
1.48346100000000
1.47382100000000
1.46461400000000
1.45544700000000
1.44546100000000
1.43630190000000
1.42684400000000
1.41684790000000
1.40810500000000
1.39826000000000
1.38907100000000
1.38021000000000
1.37084000000000
1.36230400000000
1.35384700000000
1.34540610000000
1.33792400000000
1.33048500000000
1.32393900000000
1.31823600000000
1.31284500000000
1.30880200000000
1.30557700000000
1.30335400000000
1.30257300000000
1.30300500000000
1.30490990000000
1.30797000000000
1.31314690000000
1.31963100000000
1.32816510000000
1.33876710000000
1.35079800000000
1.36551090000000
1.38218500000000
1.40006300000000
1.42230800000000
1.44533400000000
1.47117900000000
1.50067700000000
1.53069790000000
1.56555700000000
1.60296400000000
1.64125500000000
1.68681100000000
1.73227100000000
1.78196000000000
1.83739500000000
1.89212600000000
1.95381610000000
2.01753090000000
2.08083390000000
2.15332010000000
2.22250700000000
2.29331300000000
2.36657000000000
2.43471190000000
2.50483490000000
2.57093190000000
2.63333390000000
2.69171400000000
2.74317190000000
2.78373500000000
2.82672000000000
2.86076810000000
2.88406490000000
2.91395400000000
2.94021610000000
2.95685700000000
2.98091700000000
2.99197510000000
3.00835300000000
3.02358600000000
3.04380010000000
3.05638290000000
3.06619410000000
3.07943610000000
3.09554510000000
3.09529400000000
3.12100910000000
3.11931610000000
3.12890410000000
3.12758210000000
3.14158110000000
3.14657690000000
3.15144800000000
3.16372200000000
3.17305300000000
3.16949800000000
3.18015100000000
3.17395210000000
3.18661400000000
3.19362000000000
3.19521190000000
3.21130990000000
3.20728110000000
3.20859410000000
3.21810600000000
3.20970700000000
3.21017910000000
3.22370600000000
3.23960090000000
3.23217010000000
3.23719310000000
3.23376610000000
3.24320010000000
3.25146100000000
3.24598500000000
3.25385690000000
3.26276800000000
3.26623890000000
3.27030710000000
3.27524500000000
3.27593490000000
3.27344800000000
3.29031990000000
3.29934690000000
3.29050590000000
3.30240010000000
3.30664490000000
3.31477090000000
3.31037400000000
3.30255200000000
3.30629490000000
3.31817200000000
3.31246900000000
3.32189610000000
3.33771400000000
3.33548900000000
3.34292010000000
3.32257800000000
3.34160210000000
3.32712100000000
3.33384900000000
3.34212800000000
3.34858110000000
3.34190300000000
3.33386710000000
3.32403900000000
3.33338400000000
3.30030110000000
3.30377200000000
3.30363200000000
3.29823800000000
3.29902100000000
3.29342790000000
3.29302410000000
3.28681900000000
3.29060600000000
3.29767990000000
3.29944210000000
3.30679490000000
3.31439500000000
3.31900100000000
3.33218190000000
3.34291600000000
3.35677000000000
3.36059090000000
3.34665300000000
3.37981200000000
3.38068600000000
3.38385200000000
3.40329000000000
3.41942690000000
3.40701010000000
3.44084190000000
3.41607400000000
3.41743400000000
3.44187690000000
3.41945290000000
3.44008710000000
3.44275000000000
3.45953490000000
3.44411990000000
3.43879390000000
3.45887400000000
3.44906900000000
3.44272990000000
3.45993800000000
3.45356800000000
3.45472790000000
3.46011710000000
3.44843510000000
3.45141100000000
3.45684290000000
3.47510410000000
3.47302600000000
3.47484400000000
3.47578600000000
3.45262690000000
3.47551990000000
3.47667600000000
3.48117900000000
3.47510100000000
3.49078610000000
3.49413610000000
3.46252490000000
3.49067500000000
3.49648690000000
3.48413300000000
3.49916100000000
3.50551890000000
3.50147890000000
3.53577490000000
3.50880000000000
3.52203490000000
3.51155400000000
3.52994700000000
3.50745390000000
3.53636790000000
3.54511590000000
3.55975100000000
3.55074810000000
3.55531600000000
3.54271100000000
3.56246300000000
3.56894590000000
3.57915810000000
3.57395410000000
3.54428200000000
3.55435300000000
3.56022500000000
3.54542990000000
3.52460500000000
3.53666210000000
3.55908610000000
3.53157310000000
3.51352690000000
3.50140190000000
3.50002500000000
3.50994900000000
3.48273490000000
3.46970300000000
3.45952800000000
3.44250010000000
3.45226310000000
3.42493890000000
3.42176700000000
3.40903090000000
3.40989300000000
3.39574600000000
3.38867810000000
3.38912300000000
3.38364200000000
3.37009910000000
3.34292200000000
3.34166500000000
3.32221100000000
3.31306290000000
3.27802610000000
3.26149610000000
3.25234600000000
3.23946500000000
3.24932910000000
3.26412800000000
3.27909800000000
3.30212400000000
3.28112010000000
3.30472110000000
3.29855610000000
3.29505800000000
3.29088900000000
3.29766300000000
3.29609610000000
3.30042700000000
3.30511190000000
3.30673790000000
3.30939290000000
3.32024100000000
3.31678300000000
3.33362390000000
3.35875800000000
3.35264990000000
3.37399290000000
3.37143400000000
3.36781100000000
3.36680010000000
3.40905310000000
3.41040900000000
3.41726400000000
3.44629000000000
3.46570610000000
3.47186400000000
3.49047400000000
3.50740910000000
3.55597400000000
3.58692790000000
3.62053890000000
3.64153910000000
3.72652890000000
3.72445010000000
3.74027490000000
3.80189700000000
3.84071800000000
3.81380510000000
3.79702500000000
3.86719700000000
3.84731010000000
3.81504390000000
3.82366490000000
3.85625510000000
3.81227490000000
3.79192090000000
3.77412610000000
3.80864410000000
3.81388690000000
3.79157500000000
3.78795100000000
3.75405190000000
3.74276590000000
3.78415200000000
3.75820710000000
3.75604800000000
3.75331900000000
3.80318090000000
3.76434900000000
3.74423000000000
3.76146290000000
3.69514490000000
3.76240300000000
3.74923900000000
3.73286700000000
3.69454910000000
3.71904110000000
3.76049710000000
3.69857190000000
3.76492500000000
3.72135400000000
3.73700400000000
3.72509410000000
3.74735000000000
3.69654010000000
3.70506600000000
3.73904300000000
3.72488400000000
3.72252800000000
3.69300200000000
3.70734000000000
3.66458510000000
3.64137100000000
3.66898300000000
3.70670290000000
3.69264510000000
3.67778900000000
3.73494410000000
3.72952600000000
3.72043200000000
3.73163010000000
3.72992800000000
3.71451310000000
3.68002510000000
3.75922490000000
3.72838090000000
3.74276090000000
3.72470900000000
3.72503500000000
3.72614000000000
3.71361710000000
3.70397900000000
3.69287990000000
3.65308310000000
3.70232510000000
3.70926000000000
3.75269700000000
3.67393800000000
3.68258310000000
3.66597010000000
3.67050790000000
3.69227600000000
3.65907500000000
3.70025990000000
3.69574090000000
3.67125390000000
3.65753390000000
3.64879300000000
3.70191690000000
3.65540100000000
3.63693190000000
3.63933110000000
3.59074710000000
3.60842490000000
3.61531090000000
3.60088210000000
3.58792090000000
3.59951810000000
3.56127310000000
3.55964300000000
3.56123900000000
3.56552100000000
3.54401590000000
3.52698710000000
3.53194690000000
3.52783300000000
3.52584100000000
3.52632310000000
3.47547290000000
3.52053500000000
3.48303290000000
3.51189990000000
3.48338890000000
3.48108600000000
3.46418500000000
3.46756790000000
3.49628000000000
3.42275910000000
3.45742300000000
3.42521410000000
3.42113490000000
3.44803310000000
3.45476700000000
3.43664410000000
3.40743710000000
3.39559510000000
3.40520410000000
3.40929600000000
3.39375900000000
3.40969710000000
3.41150500000000
3.41724210000000
3.38575790000000
3.36630700000000
3.35513000000000
3.35897400000000
3.37204410000000
3.35492300000000
3.33358690000000
3.33635590000000
3.35046010000000
3.34689500000000
3.35257790000000
3.34328700000000
3.34378290000000
3.34555290000000
3.35783790000000
3.33474210000000
3.36199090000000
3.33960100000000
3.34723810000000
3.35562490000000
3.34922790000000
3.37057900000000
3.37763690000000
3.35365890000000
3.34252810000000
3.37392400000000
3.36811490000000
3.38629700000000
3.36990810000000
3.33658600000000
3.38023400000000
3.39775300000000
3.39468600000000
3.38603400000000
3.38681790000000
3.36794500000000
3.39078500000000
3.36796190000000
3.39771600000000
3.37694000000000
3.38030600000000
3.36853100000000
3.39092900000000
3.38695500000000
3.42353700000000
3.39193800000000
3.41693710000000
3.39725590000000
3.40012100000000
3.37749410000000
3.40721510000000
3.46383090000000
3.41169810000000
3.45434590000000
3.44067910000000
3.47246000000000
3.46509000000000
3.47979810000000
3.46874500000000
3.47568490000000
3.48444290000000
3.51542090000000
3.50717400000000
3.48038100000000
3.49833300000000
3.50006790000000
3.51689100000000
3.52465300000000
3.50553390000000
3.51261400000000
3.57203700000000
3.49929690000000
3.60880800000000
3.62232590000000
3.56544400000000
3.58460310000000
3.53869700000000
3.65989400000000
3.55360700000000
3.59250500000000
3.60818510000000
3.59442810000000
3.62368610000000
3.68404600000000
3.59008600000000
3.54159500000000
3.59244890000000
3.57816790000000
3.62006090000000
3.63453890000000
3.58897590000000
3.61714100000000
3.64345100000000
3.67371990000000
3.63803410000000
3.60762910000000
3.64646790000000
3.65079000000000
3.65594790000000