spectre
GradoAlcoholico	15.6999998000000
skip
0.837092000000000
0.867843000000000
0.891653000000000
0.914269000000000
0.932958000000000
0.946589000000000
0.962070000000000
0.966781000000000
0.972218000000000
0.972901000000000
0.970689000000000
0.964700000000000
0.959366000000000
0.953933000000000
0.945273000000000
0.934505000000000
0.924559000000000
0.911707000000000
0.899105000000000
0.885343000000000
0.871691000000000
0.855835000000000
0.843674000000000
0.828778000000000
0.814442000000000
0.799128000000000
0.782455000000000
0.767791000000000
0.753257000000000
0.738797000000000
0.721408000000000
0.707272000000000
0.690971000000000
0.676577000000000
0.662643000000000
0.646454000000000
0.631019000000000
0.616486000000000
0.601421000000000
0.586164000000000
0.572601000000000
0.557995000000000
0.543182000000000
0.529087000000000
0.513735000000000
0.500647000000000
0.486692000000000
0.473439000000000
0.460035000000000
0.445993000000000
0.433009000000000
0.421250000000000
0.408753000000000
0.396733000000000
0.386107000000000
0.374067000000000
0.363273000000000
0.352616000000000
0.341463000000000
0.331749000000000
0.322409000000000
0.311628000000000
0.302108000000000
0.293196000000000
0.284468000000000
0.276615000000000
0.268980000000000
0.261816000000000
0.255168000000000
0.247968000000000
0.242067000000000
0.236384000000000
0.230713000000000
0.225532000000000
0.220248000000000
0.215121000000000
0.210591000000000
0.206085000000000
0.201076000000000
0.196740000000000
0.192508000000000
0.188007000000000
0.183902000000000
0.180088000000000
0.175837000000000
0.172432000000000
0.168457000000000
0.164867000000000
0.161468000000000
0.158166000000000
0.154289000000000
0.151223000000000
0.147960000000000
0.145067000000000
0.142048000000000
0.138909000000000
0.135985000000000
0.133306000000000
0.130392000000000
0.127896000000000
0.125335000000000
0.122588000000000
0.120332000000000
0.117828000000000
0.115217000000000
0.113197000000000
0.111108000000000
0.108562000000000
0.106670000000000
0.104453000000000
0.102408000000000
0.100594000000000
0.0986189990000000
0.0967089980000000
0.0951289980000000
0.0932829980000000
0.0916289990000000
0.0898140000000000
0.0882259980000000
0.0865250010000000
0.0850500020000000
0.0833899970000000
0.0820159990000000
0.0805559980000000
0.0791260000000000
0.0779289980000000
0.0767019990000000
0.0754849990000000
0.0742599960000000
0.0731580030000000
0.0720829960000000
0.0711179970000000
0.0700289980000000
0.0690929960000000
0.0681229980000000
0.0671899990000000
0.0663900000000000
0.0655959990000000
0.0648299980000000
0.0640000030000000
0.0631709990000000
0.0624589990000000
0.0617769990000000
0.0610320010000000
0.0603719990000000
0.0595900010000000
0.0587040000000000
0.0578500000000000
0.0570949990000000
0.0563770010000000
0.0558549990000000
0.0554520000000000
0.0552389990000000
0.0552400020000000
0.0554599990000000
0.0558269990000000
0.0563090000000000
0.0570469980000000
0.0580580010000000
0.0591560010000000
0.0605340000000000
0.0619859990000000
0.0634440030000000
0.0649439990000000
0.0662380010000000
0.0673360010000000
0.0684010010000000
0.0691640000000000
0.0697500040000000
0.0700900030000000
0.0701029970000000
0.0698880030000000
0.0698970030000000
0.0701270030000000
0.0701520000000000
0.0698769990000000
0.0695549990000000
0.0692510010000000
0.0690260010000000
0.0687690000000000
0.0683960020000000
0.0679830010000000
0.0675029980000000
0.0669900030000000
0.0664879980000000
0.0659020020000000
0.0652699990000000
0.0646819990000000
0.0640309970000000
0.0633350010000000
0.0626989980000000
0.0619929990000000
0.0612999980000000
0.0606569980000000
0.0599539990000000
0.0593109990000000
0.0587340000000000
0.0581450020000000
0.0576319990000000
0.0571370010000000
0.0567360000000000
0.0564190000000000
0.0561470020000000
0.0559640010000000
0.0559099990000000
0.0559570010000000
0.0561759990000000
0.0565290000000000
0.0571709980000000
0.0579839980000000
0.0590000000000000
0.0603340010000000
0.0617870020000000
0.0634170030000000
0.0651919990000000
0.0668869990000000
0.0685959980000000
0.0702240020000000
0.0715930010000000
0.0729330030000000
0.0739969980000000
0.0748440030000000
0.0756570030000000
0.0763660000000000
0.0770310010000000
0.0777060020000000
0.0782750030000000
0.0789579970000000
0.0796720010000000
0.0803480000000000
0.0811150000000000
0.0819270010000000
0.0827500000000000
0.0837389980000000
0.0847420020000000
0.0857890020000000
0.0870670010000000
0.0883650030000000
0.0897369980000000
0.0913219970000000
0.0928620030000000
0.0945480020000000
0.0964000000000000
0.0982149990000000
0.100233000000000
0.102354000000000
0.104401000000000
0.106754000000000
0.108982000000000
0.111156000000000
0.113535000000000
0.115645000000000
0.117713000000000
0.119905000000000
0.122072000000000
0.124572000000000
0.127467000000000
0.130677000000000
0.134787000000000
0.139772000000000
0.145306000000000
0.152498000000000
0.160333000000000
0.169106000000000
0.179835000000000
0.190827000000000
0.203370000000000
0.217668000000000
0.232198000000000
0.249162000000000
0.268046000000000
0.287692000000000
0.311412000000000
0.336652000000000
0.362784000000000
0.393346000000000
0.422555000000000
0.451390000000000
0.480356000000000
0.504224000000000
0.525539000000000
0.543222000000000
0.555889000000000
0.566584000000000
0.574093000000000
0.579538000000000
0.583658000000000
0.586107000000000
0.587109000000000
0.586734000000000
0.585070000000000
0.581932000000000
0.577464000000000
0.572055000000000
0.565241000000000
0.557468000000000
0.549351000000000
0.539624000000000
0.529766000000000
0.519504000000000
0.507899000000000
0.496700000000000
0.484776000000000
0.472008000000000
0.459953000000000
0.446822000000000
0.433636000000000
0.421062000000000
0.407279000000000
0.394260000000000
0.381649000000000
0.368208000000000
0.355994000000000
0.343845000000000
0.331565000000000
0.320730000000000
0.309535000000000
0.299053000000000
0.289660000000000
0.279927000000000
0.271253000000000
0.263300000000000
0.255303000000000
0.248394000000000
0.241958000000000
0.235733000000000
0.230608000000000
0.225654000000000
0.221379000000000
0.217823000000000
0.214592000000000
0.212033000000000
0.209961000000000
0.208335000000000
0.207351000000000
0.206916000000000
0.206988000000000
0.207600000000000
0.208771000000000
0.210451000000000
0.212588000000000
0.215456000000000
0.218629000000000
0.222308000000000
0.226687000000000
0.231200000000000
0.236420000000000
0.242058000000000
0.247671000000000
0.253943000000000
0.235110000000000
0.240818000000000
0.247020000000000
0.253353000000000
0.259578000000000
0.266737000000000
0.274083000000000
0.282086000000000
0.291943000000000
0.302646000000000
0.316112000000000
0.332710000000000
0.352068000000000
0.377154000000000
0.407513000000000
0.441860000000000
0.486960000000000
0.535252000000000
0.590936000000000
0.655146000000000
0.719663000000000
0.791185000000000
0.864473000000000
0.934373000000000
1.00956900000000
1.07838590000000
1.14034500000000
1.19795800000000
1.24371190000000
1.28314200000000
1.31776300000000
1.34460290000000
1.36975200000000
1.39080800000000
1.40889390000000
1.42768100000000
1.44441290000000
1.46106600000000
1.47804400000000
1.49271700000000
1.50647000000000
1.51762800000000
1.52588500000000
1.53242900000000
1.53654600000000
1.53869000000000
1.53999400000000
1.53996690000000
1.53909500000000
1.53668800000000
1.53286400000000
1.52723600000000
1.52074400000000
1.51336210000000
1.50453500000000
1.49568900000000
1.48627900000000
1.47609900000000
1.46646300000000
1.45579500000000
1.44549600000000
1.43558800000000
1.42470300000000
1.41476600000000
1.40492590000000
1.39469600000000
1.38513100000000
1.37500700000000
1.36544600000000
1.35642900000000
1.34677990000000
1.33802500000000
1.32941100000000
1.32071300000000
1.31315200000000
1.30555300000000
1.29871200000000
1.29263500000000
1.28705100000000
1.28240600000000
1.27891400000000
1.27606900000000
1.27481310000000
1.27451300000000
1.27570700000000
1.27803900000000
1.28238110000000
1.28800900000000
1.29548000000000
1.30500810000000
1.31581400000000
1.32929600000000
1.34484200000000
1.36151000000000
1.38214700000000
1.40381400000000
1.42801500000000
1.45602000000000
1.48457100000000
1.51765390000000
1.55337200000000
1.59013000000000
1.63379100000000
1.67752190000000
1.72543200000000
1.77875200000000
1.83208200000000
1.89214690000000
1.95480600000000
2.01655510000000
2.08752890000000
2.15564800000000
2.22636200000000
2.30228590000000
2.37108300000000
2.44345500000000
2.51195790000000
2.57459690000000
2.63818600000000
2.69303010000000
2.74025200000000
2.78756500000000
2.82288910000000
2.85936310000000
2.88926510000000
2.91058300000000
2.93597390000000
2.95389890000000
2.97136400000000
2.98776600000000
3.00957610000000
3.02773400000000
3.04063390000000
3.05441690000000
3.07013110000000
3.08340810000000
3.09857010000000
3.10465410000000
3.10981010000000
3.11894700000000
3.12914300000000
3.13302900000000
3.14192100000000
3.14510700000000
3.15739110000000
3.16710500000000
3.16039110000000
3.17817400000000
3.18078490000000
3.18251800000000
3.18257190000000
3.19005300000000
3.19998910000000
3.19615410000000
3.20935110000000
3.20548700000000
3.22363400000000
3.20516490000000
3.21564200000000
3.21647410000000
3.22989110000000
3.23408890000000
3.23681810000000
3.24498300000000
3.24393700000000
3.23909500000000
3.26727600000000
3.26089500000000
3.26517800000000
3.26675110000000
3.26393010000000
3.27230600000000
3.27734490000000
3.28383300000000
3.27500510000000
3.28381900000000
3.29189210000000
3.29290010000000
3.30775190000000
3.30330400000000
3.30375410000000
3.32184910000000
3.30955910000000
3.31676510000000
3.31861310000000
3.32644700000000
3.32401800000000
3.33428310000000
3.32426500000000
3.34458400000000
3.33283590000000
3.34580710000000
3.34199000000000
3.32756210000000
3.32557390000000
3.32071210000000
3.32020590000000
3.31552700000000
3.29923300000000
3.30131010000000
3.30465790000000
3.29141690000000
3.28376890000000
3.28656790000000
3.27249690000000
3.29611210000000
3.29550410000000
3.29230500000000
3.28401090000000
3.29743700000000
3.31239010000000
3.32703090000000
3.32497500000000
3.35328290000000
3.33117890000000
3.35394600000000
3.36851500000000
3.38284490000000
3.39537100000000
3.40497990000000
3.39776400000000
3.39328910000000
3.42235490000000
3.43453790000000
3.43114210000000
3.41973590000000
3.43019010000000
3.44072290000000
3.45610000000000
3.45914600000000
3.44590900000000
3.46347810000000
3.46152810000000
3.46594410000000
3.46463990000000
3.45671200000000
3.45641900000000
3.44225600000000
3.45861600000000
3.45826510000000
3.46033100000000
3.46671300000000
3.45438410000000
3.47987100000000
3.47296000000000
3.47547600000000
3.47971010000000
3.44610810000000
3.47412300000000
3.48502900000000
3.45942900000000
3.48190500000000
3.47300410000000
3.46746710000000
3.46591500000000
3.50367500000000
3.48970700000000
3.50393890000000
3.49403690000000
3.50807000000000
3.52255510000000
3.51862500000000
3.51304410000000
3.51466110000000
3.53373100000000
3.54776600000000
3.53874800000000
3.53869510000000
3.53433200000000
3.56269000000000
3.52631310000000
3.57376910000000
3.58915310000000
3.57603190000000
3.56362890000000
3.54997800000000
3.58131410000000
3.55196600000000
3.56804700000000
3.53047490000000
3.55146500000000
3.55413700000000
3.54927210000000
3.55422590000000
3.53560090000000
3.53462100000000
3.53068710000000
3.48924400000000
3.49094800000000
3.49832700000000
3.48226000000000
3.47650690000000
3.45560690000000
3.45975800000000
3.45799300000000
3.42575790000000
3.44216900000000
3.40313100000000
3.41443490000000
3.39387110000000
3.38355710000000
3.36539790000000
3.37749200000000
3.37174890000000
3.32777190000000
3.32778000000000
3.29906890000000
3.27659010000000
3.24807190000000
3.25103000000000
3.24678210000000
3.25304700000000
3.26656510000000
3.26821400000000
3.27712990000000
3.29768990000000
3.29178810000000
3.27526810000000
3.28990010000000
3.29560300000000
3.28926800000000
3.29377200000000
3.30878310000000
3.29872390000000
3.28797010000000
3.31384990000000
3.34084010000000
3.35014700000000
3.35149100000000
3.35909610000000
3.35499310000000
3.37609510000000
3.39461710000000
3.37391300000000
3.36824990000000
3.39915900000000
3.39634390000000
3.43187500000000
3.45215990000000
3.45832900000000
3.45565890000000
3.48239400000000
3.52605010000000
3.53695990000000
3.55469200000000
3.64064410000000
3.64794710000000
3.71823810000000
3.72738700000000
3.78419400000000
3.81788990000000
3.83556010000000
3.83077690000000
3.87448310000000
3.81119200000000
3.82184600000000
3.84224890000000
3.84685710000000
3.77904890000000
3.81445000000000
3.85289500000000
3.81225110000000
3.83980110000000
3.77860400000000
3.79329800000000
3.75788690000000
3.75198510000000
3.75742410000000
3.74451300000000
3.72894690000000
3.77447390000000
3.74248500000000
3.76732610000000
3.73631500000000
3.74931690000000
3.74381210000000
3.72079610000000
3.74804090000000
3.71876790000000
3.77328210000000
3.75513100000000
3.72527290000000
3.77288510000000
3.73127290000000
3.73662900000000
3.74696300000000
3.72353100000000
3.71498490000000
3.72761200000000
3.69333790000000
3.67917700000000
3.73569890000000
3.70246410000000
3.71602610000000
3.69314000000000
3.73716900000000
3.69943000000000
3.69229390000000
3.69083000000000
3.71775100000000
3.73800710000000
3.71613000000000
3.68951110000000
3.68384600000000
3.71584300000000
3.73551510000000
3.72708200000000
3.72698310000000
3.75774910000000
3.67592500000000
3.72534200000000
3.70953010000000
3.73701190000000
3.71664910000000
3.70787190000000
3.70107100000000
3.70057300000000
3.74955300000000
3.68092110000000
3.70274590000000
3.73968600000000
3.67204900000000
3.67512800000000
3.67928190000000
3.71861000000000
3.68192100000000
3.66140600000000
3.66590310000000
3.75233410000000
3.68075300000000
3.74421810000000
3.67231300000000
3.67221400000000
3.64151000000000
3.62394500000000
3.61461400000000
3.67085100000000
3.61197400000000
3.61370800000000
3.53776000000000
3.57341410000000
3.57174800000000
3.58162400000000
3.57805300000000
3.55910400000000
3.56617690000000
3.49368190000000
3.55625300000000
3.53487490000000
3.52883700000000
3.48667910000000
3.50088600000000
3.50454090000000
3.46536400000000
3.47281000000000
3.45924400000000
3.46229910000000
3.47957990000000
3.46420290000000
3.46886990000000
3.45560190000000
3.46589590000000
3.48521900000000
3.44460890000000
3.44797710000000
3.41586090000000
3.42285610000000
3.42272590000000
3.40869000000000
3.41524510000000
3.39814500000000
3.40427990000000
3.42666200000000
3.39626910000000
3.39020200000000
3.41001700000000
3.39367790000000
3.41074300000000
3.36734100000000
3.41379190000000
3.35582590000000
3.37304090000000
3.35412190000000
3.34502510000000
3.34400110000000
3.33890100000000
3.32457090000000
3.36531210000000
3.35440990000000
3.33473490000000
3.33923700000000
3.36957000000000
3.31460910000000
3.37208800000000
3.34583500000000
3.34820700000000
3.34285310000000
3.37069110000000
3.34562710000000
3.34827090000000
3.34759000000000
3.34485100000000
3.37057590000000
3.36581900000000
3.38448000000000
3.37968490000000
3.35486010000000
3.35760400000000
3.38805790000000
3.38496300000000
3.40356490000000
3.38077690000000
3.39371110000000
3.39889000000000
3.39270500000000
3.40371800000000
3.38870190000000
3.41344810000000
3.38108610000000
3.38297010000000
3.39439990000000
3.36861210000000
3.40123510000000
3.38940910000000
3.38544990000000
3.42788790000000
3.40826110000000
3.42569900000000
3.40439800000000
3.39560290000000
3.44017510000000
3.44648190000000
3.44657210000000
3.45684190000000
3.46072100000000
3.46938200000000
3.48312090000000
3.46737190000000
3.44410610000000
3.51177810000000
3.51261210000000
3.48070000000000
3.56123400000000
3.52160410000000
3.53415200000000
3.54964800000000
3.56622790000000
3.56687310000000
3.59730200000000
3.57238790000000
3.55541900000000
3.55673600000000
3.54444410000000
3.59362510000000
3.55885790000000
3.53579590000000
3.60387490000000
3.56915900000000
3.60279800000000
3.61041090000000
3.62486100000000
3.65021710000000
3.68470310000000
3.64556600000000
3.61193700000000
3.70236300000000
3.63122010000000
3.66540100000000
3.66052510000000
3.65123700000000
3.62436100000000
3.60205890000000
3.59192300000000
3.62520500000000
3.70478200000000
3.60470390000000