spectre
GradoAlcoholico	13.1400003000000
skip
0.830721000000000
0.860321000000000
0.882172000000000
0.904955000000000
0.920536000000000
0.932909000000000
0.946220000000000
0.952562000000000
0.956999000000000
0.952974000000000
0.950371000000000
0.944894000000000
0.940632000000000
0.930304000000000
0.922715000000000
0.911581000000000
0.900356000000000
0.888070000000000
0.873877000000000
0.858648000000000
0.847190000000000
0.833081000000000
0.819367000000000
0.803850000000000
0.788537000000000
0.774098000000000
0.759845000000000
0.743206000000000
0.728909000000000
0.714558000000000
0.698796000000000
0.684653000000000
0.669645000000000
0.655244000000000
0.640699000000000
0.625608000000000
0.611016000000000
0.597261000000000
0.582174000000000
0.568001000000000
0.553929000000000
0.539302000000000
0.526306000000000
0.511377000000000
0.497094000000000
0.485058000000000
0.471198000000000
0.457918000000000
0.444935000000000
0.431968000000000
0.419265000000000
0.408122000000000
0.395511000000000
0.384416000000000
0.373719000000000
0.362340000000000
0.352085000000000
0.342005000000000
0.331167000000000
0.321951000000000
0.312289000000000
0.302410000000000
0.293069000000000
0.284337000000000
0.275652000000000
0.267881000000000
0.260874000000000
0.253887000000000
0.247274000000000
0.240866000000000
0.234636000000000
0.229241000000000
0.223195000000000
0.218695000000000
0.213309000000000
0.208977000000000
0.203542000000000
0.199516000000000
0.194818000000000
0.190744000000000
0.186473000000000
0.182609000000000
0.178505000000000
0.174541000000000
0.170188000000000
0.167152000000000
0.163131000000000
0.159699000000000
0.156492000000000
0.153085000000000
0.149629000000000
0.146852000000000
0.143159000000000
0.140643000000000
0.137745000000000
0.134939000000000
0.131821000000000
0.129133000000000
0.126676000000000
0.124104000000000
0.121674000000000
0.119138000000000
0.116853000000000
0.114252000000000
0.112049000000000
0.110112000000000
0.107730000000000
0.105748000000000
0.103819000000000
0.101576000000000
0.0999530030000000
0.0979539980000000
0.0960410010000000
0.0943770040000000
0.0925100000000000
0.0907190000000000
0.0890479980000000
0.0875689980000000
0.0858940040000000
0.0843769980000000
0.0829270040000000
0.0812000040000000
0.0798650010000000
0.0785019990000000
0.0771880000000000
0.0760630000000000
0.0747630000000000
0.0735690000000000
0.0725250020000000
0.0713690000000000
0.0703729990000000
0.0693010020000000
0.0682730000000000
0.0673710030000000
0.0665260030000000
0.0656590010000000
0.0648600010000000
0.0641269980000000
0.0632459970000000
0.0625550000000000
0.0619300010000000
0.0609950010000000
0.0604249980000000
0.0597050000000000
0.0589849990000000
0.0583220010000000
0.0574610010000000
0.0567010010000000
0.0559890010000000
0.0553490000000000
0.0547549990000000
0.0544469990000000
0.0543680000000000
0.0542940010000000
0.0545440020000000
0.0549280010000000
0.0554730000000000
0.0562100000000000
0.0572259980000000
0.0583529990000000
0.0597239990000000
0.0611479990000000
0.0626090020000000
0.0641179980000000
0.0654060020000000
0.0665490030000000
0.0675570000000000
0.0683880000000000
0.0689660010000000
0.0693679970000000
0.0694710020000000
0.0693819970000000
0.0694639980000000
0.0695820000000000
0.0695450010000000
0.0692380000000000
0.0689390000000000
0.0686540010000000
0.0684610010000000
0.0681599970000000
0.0678009990000000
0.0673419980000000
0.0669389960000000
0.0664419980000000
0.0658880030000000
0.0653570000000000
0.0647270010000000
0.0641390010000000
0.0634690000000000
0.0628089980000000
0.0621620010000000
0.0614680010000000
0.0607860010000000
0.0601169990000000
0.0594270010000000
0.0588210000000000
0.0582089980000000
0.0576229990000000
0.0571010000000000
0.0566399990000000
0.0562109980000000
0.0559140000000000
0.0556360000000000
0.0554680000000000
0.0554069990000000
0.0554580020000000
0.0557050000000000
0.0560470000000000
0.0566999990000000
0.0574950020000000
0.0585259980000000
0.0598810020000000
0.0613260010000000
0.0629810020000000
0.0647799970000000
0.0664519970000000
0.0682189990000000
0.0698589980000000
0.0712490010000000
0.0725639980000000
0.0736209970000000
0.0744950030000000
0.0752940030000000
0.0760070010000000
0.0766619970000000
0.0773020010000000
0.0779059980000000
0.0785820040000000
0.0792789980000000
0.0799600030000000
0.0807349980000000
0.0815519990000000
0.0823690000000000
0.0833500030000000
0.0843639970000000
0.0854310020000000
0.0866739970000000
0.0879739970000000
0.0893390030000000
0.0908849980000000
0.0924480040000000
0.0941419970000000
0.0959699970000000
0.0977789980000000
0.0997980010000000
0.101902000000000
0.103970000000000
0.106254000000000
0.108504000000000
0.110676000000000
0.113018000000000
0.115130000000000
0.117201000000000
0.119426000000000
0.121603000000000
0.124090000000000
0.126998000000000
0.130272000000000
0.134387000000000
0.139462000000000
0.145023000000000
0.152297000000000
0.160212000000000
0.169036000000000
0.179843000000000
0.190927000000000
0.203547000000000
0.217935000000000
0.232588000000000
0.249630000000000
0.268668000000000
0.288434000000000
0.312269000000000
0.337654000000000
0.363929000000000
0.394651000000000
0.423939000000000
0.452964000000000
0.482043000000000
0.506011000000000
0.527376000000000
0.545136000000000
0.557794000000000
0.568451000000000
0.575929000000000
0.581324000000000
0.585390000000000
0.587810000000000
0.588737000000000
0.588299000000000
0.586562000000000
0.583322000000000
0.578755000000000
0.573273000000000
0.566372000000000
0.558519000000000
0.550343000000000
0.540469000000000
0.530558000000000
0.520235000000000
0.508533000000000
0.497288000000000
0.485272000000000
0.472439000000000
0.460318000000000
0.447120000000000
0.433873000000000
0.421221000000000
0.407398000000000
0.394324000000000
0.381646000000000
0.368166000000000
0.355893000000000
0.343750000000000
0.331414000000000
0.320545000000000
0.309355000000000
0.298810000000000
0.289374000000000
0.279642000000000
0.270938000000000
0.262941000000000
0.254944000000000
0.248043000000000
0.241526000000000
0.235296000000000
0.230166000000000
0.225225000000000
0.220929000000000
0.217396000000000
0.214194000000000
0.211637000000000
0.209577000000000
0.208011000000000
0.207035000000000
0.206562000000000
0.206628000000000
0.207297000000000
0.208508000000000
0.210223000000000
0.212362000000000
0.215236000000000
0.218437000000000
0.222215000000000
0.226600000000000
0.231184000000000
0.236434000000000
0.242124000000000
0.247773000000000
0.254128000000000
0.235012000000000
0.240759000000000
0.246997000000000
0.253371000000000
0.259644000000000
0.266840000000000
0.274245000000000
0.282301000000000
0.292231000000000
0.302992000000000
0.316540000000000
0.333267000000000
0.352737000000000
0.377978000000000
0.408492000000000
0.443041000000000
0.488283000000000
0.536829000000000
0.592652000000000
0.657251000000000
0.721993000000000
0.793805000000000
0.867406000000000
0.937575000000000
1.01292100000000
1.08219000000000
1.14415800000000
1.20187400000000
1.24758200000000
1.28700900000000
1.32138600000000
1.34811790000000
1.37315300000000
1.39385290000000
1.41201790000000
1.43039300000000
1.44717800000000
1.46340410000000
1.48013600000000
1.49468900000000
1.50806900000000
1.51905890000000
1.52747910000000
1.53403790000000
1.53802200000000
1.54018500000000
1.54160700000000
1.54163210000000
1.54058190000000
1.53822900000000
1.53452100000000
1.52887900000000
1.52249800000000
1.51513200000000
1.50649700000000
1.49763890000000
1.48809800000000
1.47787900000000
1.46846500000000
1.45809900000000
1.44779400000000
1.43806200000000
1.42713500000000
1.41736400000000
1.40739600000000
1.39691700000000
1.38780610000000
1.37762110000000
1.36827800000000
1.35911910000000
1.34959810000000
1.34071600000000
1.33208390000000
1.32352700000000
1.31587510000000
1.30828600000000
1.30152800000000
1.29550100000000
1.28989900000000
1.28519700000000
1.28180000000000
1.27901400000000
1.27780700000000
1.27748000000000
1.27885600000000
1.28134410000000
1.28590200000000
1.29149900000000
1.29903700000000
1.30871000000000
1.31968900000000
1.33318500000000
1.34895900000000
1.36573990000000
1.38667090000000
1.40843300000000
1.43281100000000
1.46105690000000
1.48967600000000
1.52342200000000
1.55904100000000
1.59589900000000
1.63982500000000
1.68371500000000
1.73169700000000
1.78550800000000
1.83910600000000
1.89880100000000
1.96197000000000
2.02347300000000
2.09533190000000
2.16383500000000
2.23441200000000
2.31032110000000
2.37796690000000
2.45195010000000
2.51706600000000
2.58048610000000
2.64271810000000
2.69786100000000
2.74134210000000
2.79076290000000
2.82625890000000
2.86361410000000
2.89193700000000
2.90922500000000
2.94182300000000
2.95555500000000
2.97045800000000
2.99254390000000
3.00497700000000
3.02461000000000
3.04454210000000
3.05470610000000
3.07475210000000
3.07813600000000
3.09555600000000
3.10508890000000
3.11175390000000
3.12510300000000
3.12080410000000
3.13236590000000
3.14090700000000
3.14853810000000
3.15186310000000
3.16461610000000
3.16141700000000
3.17433400000000
3.17943810000000
3.17718700000000
3.18505500000000
3.18821410000000
3.19327310000000
3.19296910000000
3.20282100000000
3.20353890000000
3.21384410000000
3.22281290000000
3.21743200000000
3.22866110000000
3.22397590000000
3.23932700000000
3.22740200000000
3.23680710000000
3.23646090000000
3.25691200000000
3.24813200000000
3.24742790000000
3.25974990000000
3.26261590000000
3.26608490000000
3.26315310000000
3.27088000000000
3.27202200000000
3.27843090000000
3.27833700000000
3.30134800000000
3.27925490000000
3.29655290000000
3.29741690000000
3.30509090000000
3.31329800000000
3.31509900000000
3.30723190000000
3.31500600000000
3.32028890000000
3.32604290000000
3.32265310000000
3.32779690000000
3.32401490000000
3.32379200000000
3.32533500000000
3.31945990000000
3.33817510000000
3.31108000000000
3.33461810000000
3.31404810000000
3.31475000000000
3.30721400000000
3.30667710000000
3.27669810000000
3.27779100000000
3.27746110000000
3.28727700000000
3.30532100000000
3.30218790000000
3.28040700000000
3.29366710000000
3.29115510000000
3.29789710000000
3.32197810000000
3.32282300000000
3.32148100000000
3.36272910000000
3.33342500000000
3.35040500000000
3.35695200000000
3.34741810000000
3.38500190000000
3.38761900000000
3.40310690000000
3.41141890000000
3.39370490000000
3.44047500000000
3.41491510000000
3.43868300000000
3.41928290000000
3.45273490000000
3.41726800000000
3.45094990000000
3.45334790000000
3.45009590000000
3.44126010000000
3.45605610000000
3.45531990000000
3.45585300000000
3.44617100000000
3.46590400000000
3.44452100000000
3.46642400000000
3.46553300000000
3.45992490000000
3.45718910000000
3.47071000000000
3.46123100000000
3.45542410000000
3.49012900000000
3.47905900000000
3.48773000000000
3.48682000000000
3.46768810000000
3.47356700000000
3.46189500000000
3.48525090000000
3.46578690000000
3.47392990000000
3.50940200000000
3.49384690000000
3.50408290000000
3.50114300000000
3.50151800000000
3.51844810000000
3.50395300000000
3.51509900000000
3.53792810000000
3.53487110000000
3.52908490000000
3.51482700000000
3.53641100000000
3.54547000000000
3.53588200000000
3.55720210000000
3.53843900000000
3.56576990000000
3.55053710000000
3.54920510000000
3.57515190000000
3.55295490000000
3.53537390000000
3.54930210000000
3.54476590000000
3.55592300000000
3.53312610000000
3.53967600000000
3.50084810000000
3.48655200000000
3.49547200000000
3.49547600000000
3.50651100000000
3.47147610000000
3.47407200000000
3.46205710000000
3.46904990000000
3.46140100000000
3.44115500000000
3.41848210000000
3.41090700000000
3.40496610000000
3.39839910000000
3.39144710000000
3.39209790000000
3.37508800000000
3.37367390000000
3.36027410000000
3.33075090000000
3.30749010000000
3.30755900000000
3.26735090000000
3.25746700000000
3.23415990000000
3.23774190000000
3.24243210000000
3.25620700000000
3.27759700000000
3.28103490000000
3.27702400000000
3.29669090000000
3.27499510000000
3.30404900000000
3.26196410000000
3.28243800000000
3.29733490000000
3.29513690000000
3.29947090000000
3.29668900000000
3.30791210000000
3.33345390000000
3.33206700000000
3.34503290000000
3.34363600000000
3.36075710000000
3.35868410000000
3.36710190000000
3.41010690000000
3.36219500000000
3.39036800000000
3.38956690000000
3.42722110000000
3.44277690000000
3.42697000000000
3.45961090000000
3.47992610000000
3.51425790000000
3.55185700000000
3.51871800000000
3.61267400000000
3.64593510000000
3.67895510000000
3.69364400000000
3.74573800000000
3.77046110000000
3.81850790000000
3.85897900000000
3.83249590000000
3.75719500000000
3.79589510000000
3.78200200000000
3.83013510000000
3.79752210000000
3.80810590000000
3.79389500000000
3.74996300000000
3.79609890000000
3.69777800000000
3.73127200000000
3.74097490000000
3.66652800000000
3.77078510000000
3.70076390000000
3.74527410000000
3.70851990000000
3.74665000000000
3.74223210000000
3.74262310000000
3.74888990000000
3.69281100000000
3.78256510000000
3.69936610000000
3.74349900000000
3.70253490000000
3.68620300000000
3.73462610000000
3.64435700000000
3.68001390000000
3.65512300000000
3.70023300000000
3.69169090000000
3.66434000000000
3.64779090000000
3.68885800000000
3.68455290000000
3.69115810000000
3.69705010000000
3.64312700000000
3.64619400000000
3.67758010000000
3.65094300000000
3.68679690000000
3.65181300000000
3.69369700000000
3.68747000000000
3.66863200000000
3.72168110000000
3.67037010000000
3.69455000000000
3.73745200000000
3.70280500000000
3.67537590000000
3.70788000000000
3.68536310000000
3.70655390000000
3.67159510000000
3.73476100000000
3.72845200000000
3.71659900000000
3.72989700000000
3.71394490000000
3.65209700000000
3.64293290000000
3.68171690000000
3.68919800000000
3.64938310000000
3.67628690000000
3.65182090000000
3.67569400000000
3.67094400000000
3.66119600000000
3.65585590000000
3.68531800000000
3.69826790000000
3.63788600000000
3.63368200000000
3.70337200000000
3.61321090000000
3.64160800000000
3.62018990000000
3.60685900000000
3.57363610000000
3.57756900000000
3.56889700000000
3.57448510000000
3.54222800000000
3.51736590000000
3.55697490000000
3.53220390000000
3.53630090000000
3.57141900000000
3.52311990000000
3.49558900000000
3.53443000000000
3.47036100000000
3.47290110000000
3.49979400000000
3.47924900000000
3.47972610000000
3.45665310000000
3.45700910000000
3.48091890000000
3.44153690000000
3.47224310000000
3.42669700000000
3.45744610000000
3.40479110000000
3.43237500000000
3.40999510000000
3.41522790000000
3.42252300000000
3.40924410000000
3.39228390000000
3.39567090000000
3.38694000000000
3.38746500000000
3.39171500000000
3.39478900000000
3.40488910000000
3.36490990000000
3.37363790000000
3.38387300000000
3.34639310000000
3.38537000000000
3.35548090000000
3.35375690000000
3.34615210000000
3.30308700000000
3.33994290000000
3.30624010000000
3.33799910000000
3.34149100000000
3.34649990000000
3.32028010000000
3.33030200000000
3.36593010000000
3.34201690000000
3.33335900000000
3.35121700000000
3.36242200000000
3.32087400000000
3.36088200000000
3.33446000000000
3.33623910000000
3.35695910000000
3.38178900000000
3.34709190000000
3.36344290000000
3.36581210000000
3.34440800000000
3.33381800000000
3.36234000000000
3.35404400000000
3.38047100000000
3.35714100000000
3.34286690000000
3.35490890000000
3.36954690000000
3.36844300000000
3.36334400000000
3.37761400000000
3.38529490000000
3.40369390000000
3.35557700000000
3.39296290000000
3.36098500000000
3.38652710000000
3.38916900000000
3.38196400000000
3.34925390000000
3.40330510000000
3.41452690000000
3.38637400000000
3.39782090000000
3.41084910000000
3.45324900000000
3.41417290000000
3.42247700000000
3.46999500000000
3.48972700000000
3.41131900000000
3.40667800000000
3.49148110000000
3.52777100000000
3.47356200000000
3.52305890000000
3.48852800000000
3.51957010000000
3.48481110000000
3.51999900000000
3.51570010000000
3.54220510000000
3.57889800000000
3.54150010000000
3.55360790000000
3.57400390000000
3.61752010000000
3.55751200000000
3.59418010000000
3.56473090000000
3.57969810000000
3.59383300000000
3.52094700000000
3.65229510000000
3.56347990000000
3.56221890000000
3.55290700000000
3.57363300000000
3.56878300000000
3.60115690000000
3.58779000000000
3.57223800000000
3.50969510000000
3.65132400000000
3.61169600000000
3.60580610000000
3.66824200000000
3.56647800000000
3.60192200000000
3.62539910000000