spectre
GradoAlcoholico	8.97999950000000
skip
0.702702000000000
0.716579000000000
0.729258000000000
0.736214000000000
0.741270000000000
0.742020000000000
0.740587000000000
0.737819000000000
0.732221000000000
0.723229000000000
0.714010000000000
0.707611000000000
0.695865000000000
0.685778000000000
0.675651000000000
0.663804000000000
0.652055000000000
0.641085000000000
0.629968000000000
0.618340000000000
0.606948000000000
0.595120000000000
0.583896000000000
0.571970000000000
0.560412000000000
0.549346000000000
0.538446000000000
0.527325000000000
0.517045000000000
0.506409000000000
0.495291000000000
0.485661000000000
0.475608000000000
0.465097000000000
0.455691000000000
0.445430000000000
0.436360000000000
0.427122000000000
0.417542000000000
0.408776000000000
0.400883000000000
0.391271000000000
0.382585000000000
0.374005000000000
0.365078000000000
0.357636000000000
0.348507000000000
0.340142000000000
0.333138000000000
0.325025000000000
0.317430000000000
0.310368000000000
0.302785000000000
0.295543000000000
0.289225000000000
0.282176000000000
0.275571000000000
0.269345000000000
0.262105000000000
0.255821000000000
0.249837000000000
0.243232000000000
0.237378000000000
0.231646000000000
0.225532000000000
0.220448000000000
0.215358000000000
0.210627000000000
0.206527000000000
0.202203000000000
0.198228000000000
0.194740000000000
0.190527000000000
0.186912000000000
0.183221000000000
0.180008000000000
0.176778000000000
0.173453000000000
0.170081000000000
0.167083000000000
0.164273000000000
0.161216000000000
0.158377000000000
0.155665000000000
0.152516000000000
0.149875000000000
0.147310000000000
0.144448000000000
0.142009000000000
0.139123000000000
0.136736000000000
0.134562000000000
0.131970000000000
0.129693000000000
0.127572000000000
0.124921000000000
0.122784000000000
0.120529000000000
0.118541000000000
0.116464000000000
0.114433000000000
0.112054000000000
0.110441000000000
0.108369000000000
0.106281000000000
0.104551000000000
0.102633000000000
0.100907000000000
0.0992980000000000
0.0973429980000000
0.0957660000000000
0.0941319990000000
0.0925709980000000
0.0910840030000000
0.0895650010000000
0.0880279990000000
0.0865219980000000
0.0852779970000000
0.0838579980000000
0.0825970020000000
0.0812190030000000
0.0798830020000000
0.0787340030000000
0.0776029970000000
0.0764269980000000
0.0754709990000000
0.0744879990000000
0.0733890010000000
0.0724570010000000
0.0714579970000000
0.0705519990000000
0.0698240030000000
0.0689459960000000
0.0681729990000000
0.0674460010000000
0.0666700010000000
0.0659770000000000
0.0653150010000000
0.0646890030000000
0.0639680030000000
0.0633509980000000
0.0627589970000000
0.0622790010000000
0.0615920010000000
0.0610180010000000
0.0604109990000000
0.0596739990000000
0.0589220000000000
0.0583480000000000
0.0578030010000000
0.0573589990000000
0.0571780020000000
0.0571289990000000
0.0572410000000000
0.0575810000000000
0.0581370000000000
0.0587669980000000
0.0596119980000000
0.0607689990000000
0.0620249990000000
0.0635669980000000
0.0651139990000000
0.0666750000000000
0.0683140010000000
0.0697100010000000
0.0708960000000000
0.0720290020000000
0.0728449970000000
0.0734610040000000
0.0738610030000000
0.0739310010000000
0.0738840030000000
0.0738520030000000
0.0741550030000000
0.0741579980000000
0.0739049990000000
0.0736010000000000
0.0733290020000000
0.0730950010000000
0.0727770030000000
0.0724179970000000
0.0720240030000000
0.0715899990000000
0.0710920020000000
0.0705560000000000
0.0699919980000000
0.0693399980000000
0.0687820020000000
0.0680930020000000
0.0674030040000000
0.0667679980000000
0.0660609980000000
0.0653610010000000
0.0647149980000000
0.0640240010000000
0.0633699970000000
0.0627869960000000
0.0621570010000000
0.0616349990000000
0.0611330010000000
0.0607090000000000
0.0604050010000000
0.0601399990000000
0.0599769990000000
0.0599230010000000
0.0600339990000000
0.0602799990000000
0.0606870020000000
0.0613880010000000
0.0622540000000000
0.0633710030000000
0.0648470000000000
0.0664059970000000
0.0681739970000000
0.0701330010000000
0.0719349980000000
0.0737850000000000
0.0755390000000000
0.0770009980000000
0.0783839970000000
0.0794830020000000
0.0803850000000000
0.0812039970000000
0.0819159970000000
0.0825600030000000
0.0832019970000000
0.0837989970000000
0.0844400000000000
0.0851209980000000
0.0857570020000000
0.0864859970000000
0.0872490030000000
0.0880220010000000
0.0889279990000000
0.0899050010000000
0.0909029990000000
0.0921000020000000
0.0932980030000000
0.0945890020000000
0.0960410010000000
0.0974939990000000
0.0990509990000000
0.100699000000000
0.102311000000000
0.104086000000000
0.105923000000000
0.107699000000000
0.109695000000000
0.111628000000000
0.113551000000000
0.115693000000000
0.117708000000000
0.119778000000000
0.122125000000000
0.124507000000000
0.127354000000000
0.130654000000000
0.134329000000000
0.139031000000000
0.144597000000000
0.150746000000000
0.158727000000000
0.167341000000000
0.176937000000000
0.188644000000000
0.200606000000000
0.214253000000000
0.229738000000000
0.245485000000000
0.263809000000000
0.284175000000000
0.305298000000000
0.330728000000000
0.357759000000000
0.385705000000000
0.418449000000000
0.449656000000000
0.480452000000000
0.511297000000000
0.536603000000000
0.558970000000000
0.577216000000000
0.590005000000000
0.600391000000000
0.607346000000000
0.612097000000000
0.615295000000000
0.616826000000000
0.616848000000000
0.615359000000000
0.612589000000000
0.608280000000000
0.602548000000000
0.595998000000000
0.587927000000000
0.578969000000000
0.569696000000000
0.558777000000000
0.547784000000000
0.536442000000000
0.523680000000000
0.511471000000000
0.498533000000000
0.484831000000000
0.471923000000000
0.457908000000000
0.443955000000000
0.430685000000000
0.416234000000000
0.402589000000000
0.389438000000000
0.375478000000000
0.362801000000000
0.350198000000000
0.337484000000000
0.326257000000000
0.314669000000000
0.303817000000000
0.294064000000000
0.284006000000000
0.275060000000000
0.266833000000000
0.258608000000000
0.251532000000000
0.244899000000000
0.238572000000000
0.233391000000000
0.228360000000000
0.224079000000000
0.220558000000000
0.217336000000000
0.214812000000000
0.212931000000000
0.211366000000000
0.210477000000000
0.210207000000000
0.210467000000000
0.211232000000000
0.212648000000000
0.214625000000000
0.216998000000000
0.220146000000000
0.223663000000000
0.227703000000000
0.232479000000000
0.237323000000000
0.242891000000000
0.248970000000000
0.254989000000000
0.261737000000000
0.240787000000000
0.246900000000000
0.253521000000000
0.260278000000000
0.266935000000000
0.274576000000000
0.282420000000000
0.290953000000000
0.301394000000000
0.312720000000000
0.326881000000000
0.344368000000000
0.364592000000000
0.390783000000000
0.422337000000000
0.458096000000000
0.504799000000000
0.555055000000000
0.612851000000000
0.679818000000000
0.747369000000000
0.822241000000000
0.899086000000000
0.972545000000000
1.05156510000000
1.12374600000000
1.18787400000000
1.24683110000000
1.29276100000000
1.33122500000000
1.36381400000000
1.38829200000000
1.41028090000000
1.42805700000000
1.44296800000000
1.45788000000000
1.47068500000000
1.48342900000000
1.49650500000000
1.50771200000000
1.51862300000000
1.52813100000000
1.53600390000000
1.54247400000000
1.54726700000000
1.55064000000000
1.55275000000000
1.55382000000000
1.55324800000000
1.55120210000000
1.54773500000000
1.54285500000000
1.53717010000000
1.53038800000000
1.52238000000000
1.51454600000000
1.50596800000000
1.49679100000000
1.48814900000000
1.47879100000000
1.46965800000000
1.46056900000000
1.45076100000000
1.44168790000000
1.43224000000000
1.42256500000000
1.41388000000000
1.40422300000000
1.39499700000000
1.38630200000000
1.37681900000000
1.36838900000000
1.35989800000000
1.35143010000000
1.34413500000000
1.33680700000000
1.33027400000000
1.32459100000000
1.31940500000000
1.31531200000000
1.31229600000000
1.31019900000000
1.30948900000000
1.31007190000000
1.31221700000000
1.31554310000000
1.32113190000000
1.32792790000000
1.33681000000000
1.34773900000000
1.36002900000000
1.37507000000000
1.39229400000000
1.41048500000000
1.43306900000000
1.45654700000000
1.48280890000000
1.51297100000000
1.54361900000000
1.57875500000000
1.61680600000000
1.65553700000000
1.70146410000000
1.74784800000000
1.79766000000000
1.85390400000000
1.90896800000000
1.97130300000000
2.03583000000000
2.10020710000000
2.17191290000000
2.24109510000000
2.31240700000000
2.38708090000000
2.45394210000000
2.52403690000000
2.58941600000000
2.64783910000000
2.70284100000000
2.75288300000000
2.79310890000000
2.83709790000000
2.86757400000000
2.89985390000000
2.92381690000000
2.94479200000000
2.96708390000000
2.98087410000000
3.00061990000000
3.02095290000000
3.03206990000000
3.04001090000000
3.05404400000000
3.06814790000000
3.08246300000000
3.09562710000000
3.10121110000000
3.11470890000000
3.12060500000000
3.13107900000000
3.13496490000000
3.13869090000000
3.16165400000000
3.16349010000000
3.17398910000000
3.18231890000000
3.19014100000000
3.17415810000000
3.19601800000000
3.18970700000000
3.20277000000000
3.20600200000000
3.21702410000000
3.22019000000000
3.20941210000000
3.21493100000000
3.23170090000000
3.23077800000000
3.22939800000000
3.23918600000000
3.24398490000000
3.24815890000000
3.24549790000000
3.24884200000000
3.25150700000000
3.25762610000000
3.26759510000000
3.26128010000000
3.27060390000000
3.26192400000000
3.26643490000000
3.27685090000000
3.28263500000000
3.29201010000000
3.28266310000000
3.29467300000000
3.30840210000000
3.29379890000000
3.31218100000000
3.31306290000000
3.31492400000000
3.32194090000000
3.32191900000000
3.31016710000000
3.33933090000000
3.33075900000000
3.33021090000000
3.32644700000000
3.33543900000000
3.34058310000000
3.34677910000000
3.34192400000000
3.33496690000000
3.34541800000000
3.34736490000000
3.33244990000000
3.30309890000000
3.32169200000000
3.34356690000000
3.31506200000000
3.32459400000000
3.31623910000000
3.30037310000000
3.28622790000000
3.31007600000000
3.31785800000000
3.29671500000000
3.30625200000000
3.29573890000000
3.32705810000000
3.35829590000000
3.35379000000000
3.32212500000000
3.34310390000000
3.36624910000000
3.36969900000000
3.35740300000000
3.39661100000000
3.39797210000000
3.39447810000000
3.41588500000000
3.45773510000000
3.41963100000000
3.43340210000000
3.43429400000000
3.43811110000000
3.44338010000000
3.45231010000000
3.46935510000000
3.47105690000000
3.45418310000000
3.44715910000000
3.46084810000000
3.46747800000000
3.45123600000000
3.48187210000000
3.47628190000000
3.45115900000000
3.46280690000000
3.47150610000000
3.45911000000000
3.46112990000000
3.45698690000000
3.47350500000000
3.46684290000000
3.47557500000000
3.47158100000000
3.46646190000000
3.48046400000000
3.48627400000000
3.48953890000000
3.48209600000000
3.47506310000000
3.50831700000000
3.49619290000000
3.49517490000000
3.50290200000000
3.51722410000000
3.52527090000000
3.52411010000000
3.51654910000000
3.54038410000000
3.53340010000000
3.53483700000000
3.55882100000000
3.54590300000000
3.54478600000000
3.54812790000000
3.55375500000000
3.53622510000000
3.57414600000000
3.58489390000000
3.57509990000000
3.57814790000000
3.56282590000000
3.56031490000000
3.59182190000000
3.57499100000000
3.56882410000000
3.54971600000000
3.56440900000000
3.56913810000000
3.54887890000000
3.53403500000000
3.50817990000000
3.52141310000000
3.53794500000000
3.50828600000000
3.51201390000000
3.52075790000000
3.46561100000000
3.47542410000000
3.46692300000000
3.45726300000000
3.44632100000000
3.44381310000000
3.44356390000000
3.41832710000000
3.39685200000000
3.39151410000000
3.39958600000000
3.38535310000000
3.37772300000000
3.35345600000000
3.34653810000000
3.33799100000000
3.31466510000000
3.28029110000000
3.25395200000000
3.25287200000000
3.24705100000000
3.24719600000000
3.25371290000000
3.27827000000000
3.27387600000000
3.29285690000000
3.29931690000000
3.31032710000000
3.31137990000000
3.30097010000000
3.28391190000000
3.30173400000000
3.31622290000000
3.31992700000000
3.32000210000000
3.32829310000000
3.33436800000000
3.31984500000000
3.36202500000000
3.34995700000000
3.39462710000000
3.38242510000000
3.38531710000000
3.37983800000000
3.41836810000000
3.39209290000000
3.41999700000000
3.42601610000000
3.45875000000000
3.47021790000000
3.50105400000000
3.49066310000000
3.54264210000000
3.54008290000000
3.58564210000000
3.61610790000000
3.68282290000000
3.76414610000000
3.72376490000000
3.76477690000000
3.84530210000000
3.82903700000000
3.85395690000000
3.80469110000000
3.86546400000000
3.87169690000000
3.79775000000000
3.80931710000000
3.77422310000000
3.85188600000000
3.78321290000000
3.84829500000000
3.80859090000000
3.80552200000000
3.81341100000000
3.86411690000000
3.76463890000000
3.74338510000000
3.75514010000000
3.75966190000000
3.72531700000000
3.76877500000000
3.80123810000000
3.78717300000000
3.72551610000000
3.75115110000000
3.78925610000000
3.82631900000000
3.73175410000000
3.78089190000000
3.77449010000000
3.75563190000000
3.74015400000000
3.76261810000000
3.76854490000000
3.76955390000000
3.72567390000000
3.70819900000000
3.71260190000000
3.70921400000000
3.73102500000000
3.71544290000000
3.69909000000000
3.69776390000000
3.65422010000000
3.68261100000000
3.68453190000000
3.69716500000000
3.74698590000000
3.67425200000000
3.71426700000000
3.71540090000000
3.75724100000000
3.71790700000000
3.84790610000000
3.70304110000000
3.68201900000000
3.72935890000000
3.73048500000000
3.66414690000000
3.71460010000000
3.69667200000000
3.71203990000000
3.69197510000000
3.77395800000000
3.70036290000000
3.72298100000000
3.72657200000000
3.71176200000000
3.75198600000000
3.73587300000000
3.74034600000000
3.68153310000000
3.72081800000000
3.74122810000000
3.69466900000000
3.68914510000000
3.65738800000000
3.70988490000000
3.68554090000000
3.70101000000000
3.70800400000000
3.63436510000000
3.71094110000000
3.69040490000000
3.66904400000000
3.64983510000000
3.61965800000000
3.63815400000000
3.62714700000000
3.65371610000000
3.60492400000000
3.57267400000000
3.56725910000000
3.56899500000000
3.58262710000000
3.59126900000000
3.56286310000000
3.55231500000000
3.55385300000000
3.52917100000000
3.51956110000000
3.49960800000000
3.47324490000000
3.46577810000000
3.48091600000000
3.47189500000000
3.48431210000000
3.45709610000000
3.49057200000000
3.50164600000000
3.49646710000000
3.46320200000000
3.44445300000000
3.43759490000000
3.44638610000000
3.46037100000000
3.43497990000000
3.42946200000000
3.39618210000000
3.41417910000000
3.40718010000000
3.41171290000000
3.40852090000000
3.41930010000000
3.42054010000000
3.40015010000000
3.37595010000000
3.37342000000000
3.39549400000000
3.37271400000000
3.38758110000000
3.35764790000000
3.39882110000000
3.35116600000000
3.33906890000000
3.36724400000000
3.33610010000000
3.34938190000000
3.34511400000000
3.34410810000000
3.33624410000000
3.36364290000000
3.38739490000000
3.31952910000000
3.34283900000000
3.34300710000000
3.35460500000000
3.34398290000000
3.34196000000000
3.35375310000000
3.38810610000000
3.35270000000000
3.38133310000000
3.40149090000000
3.37680010000000
3.37195490000000
3.40221000000000
3.40851400000000
3.38333700000000
3.40366700000000
3.37335300000000
3.39115600000000
3.38925190000000
3.36626410000000
3.36621810000000
3.37423900000000
3.39548710000000
3.36875010000000
3.39376090000000
3.37344000000000
3.36831090000000
3.39188600000000
3.40047910000000
3.41863990000000
3.42198200000000
3.44136910000000
3.37819190000000
3.43227910000000
3.45083690000000
3.43748690000000
3.42702010000000
3.41925410000000
3.50860600000000
3.44989900000000
3.48430300000000
3.47721290000000
3.50490190000000
3.51757410000000
3.48797890000000
3.51742100000000
3.50755500000000
3.52322290000000
3.53620600000000
3.55350900000000
3.57131290000000
3.58841490000000
3.59943510000000
3.60471390000000
3.56423590000000
3.58855390000000
3.57697610000000
3.65924910000000
3.63683800000000
3.60372810000000
3.60794000000000
3.57132290000000
3.62094810000000
3.65249900000000
3.64422700000000
3.63385390000000
3.58591100000000
3.68401690000000
3.58591200000000
3.57044100000000
3.67829700000000
3.65090610000000
3.72894000000000
3.61473490000000
3.61884190000000
3.65674590000000
3.62296100000000
3.56067900000000
3.71090200000000
3.65376900000000
3.66302900000000