spectre
GradoAlcoholico	12.5699997000000
skip
0.968477000000000
1.00796900000000
1.04400100000000
1.07877700000000
1.10885800000000
1.13851000000000
1.16290100000000
1.18143590000000
1.20301000000000
1.21912710000000
1.23315410000000
1.24496100000000
1.24892800000000
1.25677300000000
1.26075300000000
1.26402700000000
1.26728590000000
1.26343200000000
1.25624900000000
1.25027700000000
1.23888190000000
1.23239990000000
1.21970000000000
1.20877190000000
1.19515710000000
1.18362200000000
1.16257600000000
1.14895200000000
1.13353300000000
1.11507900000000
1.09795000000000
1.08205100000000
1.06038110000000
1.04232800000000
1.02468500000000
1.00548100000000
0.986778000000000
0.969812000000000
0.949754000000000
0.931362000000000
0.911316000000000
0.892269000000000
0.874930000000000
0.855406000000000
0.835917000000000
0.818868000000000
0.801055000000000
0.783340000000000
0.766087000000000
0.746202000000000
0.729125000000000
0.711915000000000
0.694519000000000
0.678154000000000
0.663919000000000
0.646227000000000
0.630576000000000
0.614794000000000
0.599322000000000
0.584501000000000
0.569416000000000
0.554325000000000
0.541689000000000
0.528291000000000
0.514622000000000
0.503491000000000
0.491771000000000
0.480601000000000
0.471266000000000
0.460817000000000
0.450980000000000
0.441939000000000
0.432568000000000
0.424197000000000
0.416366000000000
0.407540000000000
0.399883000000000
0.391892000000000
0.384365000000000
0.376773000000000
0.369857000000000
0.362457000000000
0.355790000000000
0.348925000000000
0.341660000000000
0.335871000000000
0.329172000000000
0.322719000000000
0.316817000000000
0.310482000000000
0.305076000000000
0.299625000000000
0.294074000000000
0.288823000000000
0.283634000000000
0.278410000000000
0.273558000000000
0.268980000000000
0.264039000000000
0.259363000000000
0.255473000000000
0.250844000000000
0.246735000000000
0.242960000000000
0.238631000000000
0.235144000000000
0.231430000000000
0.227785000000000
0.224461000000000
0.220672000000000
0.217455000000000
0.214239000000000
0.211016000000000
0.207908000000000
0.205123000000000
0.201922000000000
0.199168000000000
0.196454000000000
0.193692000000000
0.191188000000000
0.188570000000000
0.185930000000000
0.183524000000000
0.181110000000000
0.178799000000000
0.176633000000000
0.174492000000000
0.172400000000000
0.170387000000000
0.168474000000000
0.166620000000000
0.164743000000000
0.162887000000000
0.161240000000000
0.159618000000000
0.157896000000000
0.156381000000000
0.154870000000000
0.153306000000000
0.151909000000000
0.150440000000000
0.149026000000000
0.147800000000000
0.146456000000000
0.145240000000000
0.143948000000000
0.142631000000000
0.141298000000000
0.140134000000000
0.139011000000000
0.138072000000000
0.137336000000000
0.136707000000000
0.136322000000000
0.136122000000000
0.136011000000000
0.136155000000000
0.136490000000000
0.137011000000000
0.137682000000000
0.138652000000000
0.139729000000000
0.140767000000000
0.141836000000000
0.142731000000000
0.143461000000000
0.144005000000000
0.144369000000000
0.144352000000000
0.144129000000000
0.143413000000000
0.142437000000000
0.141936000000000
0.142290000000000
0.142580000000000
0.142212000000000
0.141591000000000
0.141010000000000
0.140466000000000
0.139933000000000
0.139253000000000
0.138567000000000
0.137844000000000
0.137022000000000
0.136210000000000
0.135404000000000
0.134508000000000
0.133638000000000
0.132713000000000
0.131758000000000
0.130883000000000
0.129901000000000
0.128979000000000
0.128097000000000
0.127165000000000
0.126332000000000
0.125507000000000
0.124685000000000
0.123958000000000
0.123295000000000
0.122658000000000
0.122159000000000
0.121702000000000
0.121371000000000
0.121148000000000
0.121015000000000
0.121080000000000
0.121293000000000
0.121789000000000
0.122487000000000
0.123407000000000
0.124648000000000
0.126001000000000
0.127552000000000
0.129268000000000
0.130872000000000
0.132542000000000
0.134114000000000
0.135420000000000
0.136635000000000
0.137618000000000
0.138388000000000
0.139121000000000
0.139715000000000
0.140270000000000
0.140811000000000
0.141336000000000
0.141915000000000
0.142510000000000
0.143110000000000
0.143771000000000
0.144479000000000
0.145223000000000
0.146068000000000
0.146993000000000
0.147949000000000
0.149108000000000
0.150287000000000
0.151560000000000
0.153026000000000
0.154453000000000
0.156046000000000
0.157752000000000
0.159409000000000
0.161264000000000
0.163202000000000
0.165107000000000
0.167230000000000
0.169313000000000
0.171380000000000
0.173626000000000
0.175719000000000
0.177809000000000
0.180094000000000
0.182322000000000
0.184908000000000
0.187971000000000
0.191368000000000
0.195672000000000
0.200898000000000
0.206620000000000
0.214049000000000
0.222178000000000
0.231205000000000
0.242253000000000
0.253601000000000
0.266493000000000
0.281216000000000
0.296195000000000
0.313648000000000
0.333051000000000
0.353183000000000
0.377507000000000
0.403349000000000
0.430123000000000
0.461552000000000
0.491580000000000
0.521266000000000
0.551076000000000
0.575658000000000
0.597553000000000
0.615619000000000
0.628441000000000
0.639048000000000
0.646331000000000
0.651504000000000
0.655223000000000
0.657269000000000
0.657820000000000
0.656971000000000
0.654797000000000
0.651101000000000
0.646054000000000
0.640123000000000
0.632721000000000
0.624378000000000
0.615708000000000
0.605401000000000
0.594989000000000
0.584197000000000
0.572021000000000
0.560321000000000
0.547880000000000
0.534641000000000
0.522171000000000
0.508576000000000
0.494965000000000
0.482060000000000
0.467920000000000
0.454578000000000
0.441651000000000
0.427900000000000
0.415418000000000
0.403028000000000
0.390501000000000
0.379408000000000
0.367973000000000
0.357247000000000
0.347584000000000
0.337649000000000
0.328753000000000
0.320577000000000
0.312373000000000
0.305308000000000
0.298693000000000
0.292287000000000
0.287078000000000
0.281989000000000
0.277621000000000
0.273974000000000
0.270742000000000
0.268086000000000
0.265986000000000
0.264360000000000
0.263336000000000
0.262904000000000
0.262955000000000
0.263576000000000
0.264719000000000
0.266489000000000
0.268618000000000
0.271506000000000
0.274709000000000
0.278502000000000
0.282985000000000
0.287577000000000
0.292833000000000
0.298565000000000
0.304209000000000
0.310649000000000
0.254514000000000
0.260426000000000
0.266842000000000
0.273389000000000
0.279837000000000
0.287227000000000
0.294816000000000
0.303077000000000
0.313223000000000
0.324237000000000
0.338040000000000
0.355085000000000
0.374868000000000
0.400504000000000
0.431462000000000
0.466503000000000
0.512351000000000
0.561627000000000
0.618248000000000
0.683910000000000
0.749894000000000
0.823083000000000
0.898082000000000
0.969736000000000
1.04672900000000
1.11725100000000
1.18033900000000
1.23863600000000
1.28467910000000
1.32373200000000
1.35748700000000
1.38318000000000
1.40701100000000
1.42649810000000
1.44322200000000
1.46004800000000
1.47505000000000
1.48992200000000
1.50485800000000
1.51792200000000
1.53052000000000
1.54077900000000
1.54883400000000
1.55544300000000
1.55985800000000
1.56277500000000
1.56465100000000
1.56530590000000
1.56433800000000
1.56206600000000
1.55862300000000
1.55332900000000
1.54715100000000
1.54027400000000
1.53196600000000
1.52350000000000
1.51435600000000
1.50472500000000
1.49563100000000
1.48550700000000
1.47575700000000
1.46629200000000
1.45589010000000
1.44636090000000
1.43663500000000
1.42651200000000
1.41735990000000
1.40768000000000
1.39813700000000
1.38934600000000
1.37967000000000
1.37092900000000
1.36241810000000
1.35392590000000
1.34646200000000
1.33885600000000
1.33219900000000
1.32639400000000
1.32088010000000
1.31660900000000
1.31323190000000
1.31076000000000
1.30980210000000
1.30985300000000
1.31149490000000
1.31440310000000
1.31927390000000
1.32538000000000
1.33344700000000
1.34377100000000
1.35523500000000
1.36937700000000
1.38570300000000
1.40313800000000
1.42473100000000
1.44734390000000
1.47238500000000
1.50140400000000
1.53087290000000
1.56504400000000
1.60189900000000
1.63918900000000
1.68436690000000
1.72888900000000
1.77801500000000
1.83292790000000
1.88701400000000
1.94810610000000
2.01164100000000
2.07379600000000
2.14610600000000
2.21517400000000
2.28582190000000
2.35962510000000
2.42816310000000
2.50107500000000
2.56644800000000
2.62725090000000
2.68648290000000
2.73939900000000
2.78588200000000
2.82850790000000
2.86292000000000
2.89793710000000
2.92322110000000
2.94250610000000
2.96796700000000
2.98757100000000
3.00166610000000
3.02593490000000
3.03385900000000
3.04931090000000
3.06540390000000
3.07509210000000
3.09114410000000
3.10495090000000
3.12028790000000
3.12470100000000
3.12070200000000
3.13712000000000
3.14787510000000
3.15515210000000
3.16432910000000
3.17393900000000
3.17471910000000
3.18200300000000
3.18906000000000
3.19507790000000
3.20882200000000
3.20187310000000
3.20570210000000
3.21878290000000
3.21305300000000
3.22346710000000
3.22668290000000
3.22094490000000
3.23226690000000
3.23031090000000
3.24520990000000
3.25119400000000
3.24679490000000
3.24877310000000
3.25801610000000
3.26076700000000
3.26014900000000
3.27065490000000
3.27252200000000
3.27132200000000
3.27300810000000
3.28258990000000
3.28454710000000
3.29289010000000
3.27813200000000
3.29787590000000
3.29810400000000
3.30687500000000
3.31659790000000
3.31438090000000
3.30992890000000
3.31397290000000
3.32178710000000
3.32479410000000
3.33226800000000
3.32156710000000
3.33964990000000
3.34035210000000
3.34698390000000
3.35244110000000
3.34172610000000
3.35620400000000
3.33942700000000
3.34792800000000
3.34705000000000
3.35419390000000
3.36387110000000
3.33453990000000
3.33777400000000
3.32121900000000
3.32970000000000
3.32137390000000
3.31622100000000
3.31748800000000
3.32106590000000
3.31599210000000
3.30336810000000
3.30350090000000
3.31757690000000
3.31321100000000
3.31813000000000
3.32750200000000
3.33730790000000
3.33423090000000
3.35572500000000
3.34563490000000
3.36743500000000
3.37762690000000
3.38007500000000
3.38407110000000
3.41009900000000
3.40837600000000
3.42351010000000
3.43226100000000
3.42283700000000
3.45459100000000
3.45407200000000
3.44742890000000
3.46686700000000
3.45820190000000
3.47000000000000
3.46731710000000
3.47002910000000
3.46873310000000
3.46716090000000
3.48176600000000
3.48116110000000
3.48295400000000
3.48480300000000
3.49315910000000
3.46703200000000
3.48275400000000
3.49802490000000
3.48826500000000
3.49354410000000
3.48214600000000
3.48824000000000
3.48603200000000
3.48298810000000
3.48754500000000
3.50870110000000
3.49307800000000
3.50064110000000
3.48344710000000
3.49470810000000
3.51101990000000
3.50410510000000
3.50231000000000
3.50668690000000
3.53065900000000
3.53140310000000
3.53077510000000
3.53676610000000
3.54101400000000
3.54197790000000
3.55326290000000
3.56425910000000
3.54881100000000
3.56356000000000
3.55637690000000
3.55705900000000
3.56647490000000
3.57043290000000
3.57766890000000
3.57278390000000
3.59052710000000
3.58591790000000
3.57976100000000
3.57463500000000
3.57587190000000
3.56334710000000
3.58733390000000
3.55642010000000
3.55761190000000
3.55647490000000
3.58257790000000
3.54591490000000
3.54242210000000
3.54636790000000
3.53141690000000
3.51433710000000
3.51040290000000
3.49809600000000
3.50248100000000
3.47674110000000
3.47751900000000
3.44934010000000
3.45007710000000
3.45419910000000
3.43184210000000
3.42262790000000
3.40709210000000
3.40734510000000
3.39498810000000
3.38787700000000
3.38293100000000
3.36716290000000
3.33531590000000
3.31713100000000
3.29995110000000
3.27657790000000
3.26342300000000
3.25633690000000
3.26723910000000
3.26494000000000
3.29401400000000
3.29210710000000
3.30929900000000
3.31829810000000
3.30235290000000
3.31734110000000
3.31013610000000
3.30770610000000
3.31234290000000
3.31644390000000
3.30876990000000
3.30992890000000
3.33882900000000
3.34490490000000
3.35184000000000
3.37968110000000
3.37535190000000
3.38202190000000
3.38368610000000
3.39096500000000
3.38263200000000
3.40999390000000
3.41680000000000
3.41602210000000
3.43845700000000
3.46284200000000
3.45604300000000
3.49134400000000
3.50896000000000
3.53102210000000
3.56506900000000
3.57461810000000
3.64833090000000
3.67036800000000
3.73870900000000
3.73170500000000
3.75841190000000
3.78063800000000
3.77133390000000
3.84486700000000
3.82021900000000
3.83086400000000
3.79821300000000
3.83436390000000
3.83049510000000
3.84359290000000
3.83665490000000
3.77188300000000
3.81835010000000
3.78755500000000
3.77411200000000
3.80059410000000
3.75316500000000
3.76803490000000
3.76817110000000
3.75137590000000
3.77431700000000
3.79457690000000
3.78496790000000
3.77414800000000
3.75671700000000
3.76667310000000
3.74253390000000
3.77532410000000
3.79981990000000
3.75413610000000
3.75868010000000
3.69436600000000
3.75827290000000
3.76636600000000
3.74118710000000
3.71197800000000
3.68600610000000
3.74052600000000
3.72945310000000
3.70552110000000
3.69796110000000
3.72218300000000
3.72207500000000
3.71869900000000
3.72502590000000
3.67524910000000
3.68191790000000
3.69394710000000
3.66559000000000
3.71147890000000
3.69045900000000
3.72711800000000
3.72950510000000
3.73836300000000
3.76036000000000
3.72960810000000
3.70504310000000
3.71936800000000
3.72019600000000
3.69718690000000
3.73857190000000
3.72495790000000
3.73652010000000
3.74291900000000
3.72351600000000
3.75023390000000
3.68183210000000
3.74895910000000
3.72640610000000
3.64765190000000
3.69863100000000
3.68646410000000
3.68660500000000
3.72186490000000
3.70108600000000
3.68780800000000
3.66604900000000
3.69457200000000
3.68641500000000
3.72305800000000
3.71677900000000
3.68930410000000
3.70275500000000
3.64372110000000
3.68257000000000
3.65841200000000
3.64112900000000
3.63214300000000
3.64003400000000
3.61578300000000
3.59887290000000
3.62710090000000
3.59005500000000
3.58788610000000
3.59324000000000
3.56540990000000
3.57210400000000
3.52041700000000
3.54084710000000
3.55309700000000
3.52672700000000
3.53363610000000
3.53972200000000
3.50506090000000
3.50848790000000
3.47178600000000
3.48823900000000
3.48889490000000
3.50245090000000
3.52653790000000
3.46887300000000
3.45387100000000
3.47054290000000
3.44421100000000
3.44974210000000
3.44631700000000
3.45872690000000
3.46387790000000
3.43492790000000
3.42551800000000
3.42844800000000
3.43292690000000
3.41178890000000
3.41236590000000
3.41745710000000
3.40899110000000
3.40590310000000
3.39085510000000
3.40849400000000
3.39538190000000
3.39172100000000
3.38409210000000
3.38319710000000
3.34660410000000
3.38453010000000
3.37388490000000
3.35768700000000
3.37658500000000
3.34072710000000
3.35344290000000
3.34494300000000
3.34925390000000
3.34680800000000
3.35398600000000
3.38787700000000
3.35245490000000
3.34206300000000
3.35634490000000
3.36057210000000
3.36746310000000
3.37607290000000
3.38323310000000
3.38693590000000
3.37487200000000
3.37470390000000
3.39391400000000
3.39095500000000
3.39204790000000
3.38149310000000
3.38243510000000
3.37009310000000
3.41071700000000
3.37064290000000
3.38887500000000
3.38554810000000
3.39783000000000
3.42036200000000
3.39466690000000
3.39403800000000
3.41167090000000
3.42079900000000
3.41180800000000
3.40067510000000
3.39710000000000
3.38863610000000
3.43703100000000
3.43109110000000
3.45552710000000
3.46123100000000
3.43345310000000
3.44715090000000
3.45209100000000
3.47808290000000
3.46114610000000
3.44404200000000
3.48939200000000
3.50678210000000
3.45342400000000
3.50508810000000
3.50828410000000
3.53159000000000
3.51706000000000
3.52600100000000
3.52408000000000
3.54945490000000
3.52125690000000
3.56127810000000
3.54553290000000
3.55298590000000
3.56897000000000
3.56983300000000
3.55332090000000
3.59239410000000
3.57913490000000
3.57130100000000
3.57585190000000
3.57024600000000
3.63783310000000
3.57312990000000
3.56395010000000
3.61666890000000
3.60621400000000
3.59783410000000
3.56088590000000
3.61384200000000
3.59762410000000
3.62430100000000
3.60127090000000
3.68096800000000
3.57854200000000
3.65934490000000
3.64875010000000
3.64987800000000
3.64948510000000
3.56612490000000
3.61550400000000
3.70375800000000