spectre
GradoAlcoholico	10.6400003000000
skip
0.762349000000000
0.781409000000000
0.798642000000000
0.812697000000000
0.819695000000000
0.824480000000000
0.827446000000000
0.824250000000000
0.821548000000000
0.816751000000000
0.810351000000000
0.799703000000000
0.790773000000000
0.780549000000000
0.769191000000000
0.756775000000000
0.743975000000000
0.732512000000000
0.719423000000000
0.706856000000000
0.693652000000000
0.680126000000000
0.667206000000000
0.654256000000000
0.640541000000000
0.628485000000000
0.615551000000000
0.602477000000000
0.590648000000000
0.578167000000000
0.565063000000000
0.553698000000000
0.541596000000000
0.530368000000000
0.518264000000000
0.506809000000000
0.495413000000000
0.484602000000000
0.472411000000000
0.461701000000000
0.451209000000000
0.439192000000000
0.429615000000000
0.418373000000000
0.407692000000000
0.397586000000000
0.386640000000000
0.376953000000000
0.367556000000000
0.357884000000000
0.347327000000000
0.339258000000000
0.329634000000000
0.320370000000000
0.312925000000000
0.304064000000000
0.296096000000000
0.287528000000000
0.279854000000000
0.272312000000000
0.264836000000000
0.256848000000000
0.250150000000000
0.242800000000000
0.236187000000000
0.229804000000000
0.223668000000000
0.218500000000000
0.213265000000000
0.207903000000000
0.202890000000000
0.199407000000000
0.193940000000000
0.190121000000000
0.186102000000000
0.182435000000000
0.178563000000000
0.174758000000000
0.171384000000000
0.168181000000000
0.164811000000000
0.161188000000000
0.158024000000000
0.154675000000000
0.151729000000000
0.148675000000000
0.145600000000000
0.142908000000000
0.140236000000000
0.137558000000000
0.134346000000000
0.132024000000000
0.129572000000000
0.126914000000000
0.124667000000000
0.122222000000000
0.120019000000000
0.117510000000000
0.115487000000000
0.113430000000000
0.111270000000000
0.109060000000000
0.107162000000000
0.105136000000000
0.103154000000000
0.101232000000000
0.0995270010000000
0.0976060030000000
0.0959189980000000
0.0938529970000000
0.0923459980000000
0.0906319990000000
0.0890109990000000
0.0874679980000000
0.0860449970000000
0.0844189970000000
0.0831269990000000
0.0816640030000000
0.0802740010000000
0.0789230020000000
0.0775970000000000
0.0762170030000000
0.0750589970000000
0.0738170000000000
0.0726040010000000
0.0715420020000000
0.0704469980000000
0.0694350000000000
0.0684769970000000
0.0674820020000000
0.0665389970000000
0.0657830010000000
0.0648460020000000
0.0639310030000000
0.0632949990000000
0.0625460000000000
0.0618389990000000
0.0611810010000000
0.0605220010000000
0.0598779990000000
0.0592910010000000
0.0586070010000000
0.0580959990000000
0.0574610010000000
0.0568370000000000
0.0561940000000000
0.0554450010000000
0.0547619980000000
0.0540870020000000
0.0535079990000000
0.0530770010000000
0.0528850000000000
0.0528169980000000
0.0529050010000000
0.0532089990000000
0.0537540020000000
0.0543500000000000
0.0551900010000000
0.0562810000000000
0.0574680010000000
0.0589779990000000
0.0605579990000000
0.0620689990000000
0.0636869970000000
0.0650480020000000
0.0662529990000000
0.0673680010000000
0.0682889970000000
0.0689070000000000
0.0694120000000000
0.0695310010000000
0.0694660020000000
0.0695549990000000
0.0696870010000000
0.0696360020000000
0.0693959970000000
0.0691030030000000
0.0688349980000000
0.0686189980000000
0.0683460010000000
0.0679989980000000
0.0675780030000000
0.0671710000000000
0.0666529980000000
0.0661489960000000
0.0655910000000000
0.0649959970000000
0.0643989970000000
0.0637390020000000
0.0630839990000000
0.0623999980000000
0.0617010000000000
0.0610020010000000
0.0603160000000000
0.0596340000000000
0.0589849990000000
0.0584080000000000
0.0577999990000000
0.0572860020000000
0.0568349990000000
0.0564410020000000
0.0561139990000000
0.0558639990000000
0.0556919980000000
0.0556529980000000
0.0557149980000000
0.0559739990000000
0.0563669990000000
0.0570520010000000
0.0579340010000000
0.0590210000000000
0.0604970010000000
0.0620389990000000
0.0637800020000000
0.0656760040000000
0.0674929990000000
0.0693399980000000
0.0710740010000000
0.0725480020000000
0.0739099980000000
0.0750050020000000
0.0758949970000000
0.0767140020000000
0.0774070020000000
0.0780540030000000
0.0786959980000000
0.0793080030000000
0.0799579990000000
0.0806970000000000
0.0813610030000000
0.0820859970000000
0.0828889980000000
0.0836749970000000
0.0846199990000000
0.0855920020000000
0.0866129990000000
0.0878039970000000
0.0890370010000000
0.0903389980000000
0.0918319970000000
0.0932819990000000
0.0948629980000000
0.0965740010000000
0.0982410010000000
0.100095000000000
0.102005000000000
0.103846000000000
0.105906000000000
0.107933000000000
0.109913000000000
0.112093000000000
0.114121000000000
0.116216000000000
0.118493000000000
0.120884000000000
0.123610000000000
0.126831000000000
0.130435000000000
0.134988000000000
0.140443000000000
0.146457000000000
0.154241000000000
0.162698000000000
0.172100000000000
0.183565000000000
0.195324000000000
0.208679000000000
0.223916000000000
0.239310000000000
0.257334000000000
0.277306000000000
0.298068000000000
0.323155000000000
0.349745000000000
0.377271000000000
0.409454000000000
0.440217000000000
0.470580000000000
0.500945000000000
0.525891000000000
0.547956000000000
0.566086000000000
0.578813000000000
0.589307000000000
0.596391000000000
0.601325000000000
0.604764000000000
0.606533000000000
0.606849000000000
0.605670000000000
0.603204000000000
0.599192000000000
0.593813000000000
0.587600000000000
0.579851000000000
0.571186000000000
0.562220000000000
0.551576000000000
0.540904000000000
0.529823000000000
0.517335000000000
0.505388000000000
0.492680000000000
0.479229000000000
0.466525000000000
0.452731000000000
0.438980000000000
0.425883000000000
0.411618000000000
0.398135000000000
0.385116000000000
0.371281000000000
0.358696000000000
0.346228000000000
0.333594000000000
0.322447000000000
0.310967000000000
0.300195000000000
0.290496000000000
0.280532000000000
0.271641000000000
0.263505000000000
0.255341000000000
0.248331000000000
0.241693000000000
0.235392000000000
0.230211000000000
0.225201000000000
0.220896000000000
0.217344000000000
0.214153000000000
0.211601000000000
0.209650000000000
0.208086000000000
0.207161000000000
0.206867000000000
0.207096000000000
0.207885000000000
0.209220000000000
0.211143000000000
0.213455000000000
0.216574000000000
0.220015000000000
0.223906000000000
0.228616000000000
0.233419000000000
0.238916000000000
0.244805000000000
0.250763000000000
0.257483000000000
0.238652000000000
0.244675000000000
0.251203000000000
0.257841000000000
0.264394000000000
0.271911000000000
0.279628000000000
0.288048000000000
0.298331000000000
0.309512000000000
0.323500000000000
0.340744000000000
0.360762000000000
0.386635000000000
0.417932000000000
0.453261000000000
0.499505000000000
0.549231000000000
0.606500000000000
0.672804000000000
0.739341000000000
0.813486000000000
0.889381000000000
0.962004000000000
1.03992100000000
1.11120500000000
1.17495000000000
1.23338200000000
1.27928700000000
1.31795800000000
1.35109500000000
1.37615300000000
1.39919810000000
1.41745200000000
1.43339300000000
1.44884800000000
1.46293600000000
1.47640200000000
1.49041400000000
1.50244300000000
1.51409700000000
1.52388800000000
1.53178800000000
1.53866600000000
1.54306500000000
1.54645300000000
1.54867200000000
1.54951000000000
1.54908100000000
1.54713500000000
1.54385900000000
1.53887800000000
1.53285210000000
1.52612700000000
1.51814790000000
1.51014200000000
1.50129700000000
1.49217610000000
1.48344800000000
1.47381200000000
1.46448100000000
1.45528810000000
1.44518900000000
1.43606100000000
1.42651000000000
1.41681690000000
1.40772200000000
1.39805500000000
1.38877700000000
1.38002600000000
1.37053800000000
1.36192100000000
1.35357800000000
1.34502400000000
1.33765400000000
1.33020900000000
1.32359400000000
1.31780510000000
1.31253500000000
1.30848800000000
1.30531900000000
1.30302410000000
1.30213800000000
1.30252700000000
1.30435800000000
1.30747500000000
1.31269200000000
1.31906500000000
1.32764490000000
1.33832000000000
1.35028100000000
1.36494300000000
1.38155310000000
1.39964000000000
1.42150600000000
1.44486400000000
1.47039500000000
1.50010300000000
1.53031600000000
1.56503110000000
1.60247100000000
1.64052000000000
1.68639000000000
1.73117900000000
1.78152100000000
1.83668700000000
1.89142200000000
1.95247200000000
2.01707790000000
2.07974100000000
2.15219810000000
2.22197700000000
2.29247810000000
2.36578110000000
2.43330690000000
2.50296310000000
2.57083390000000
2.62859800000000
2.68909410000000
2.73756600000000
2.78301100000000
2.82758090000000
2.85630990000000
2.88953400000000
2.91672110000000
2.93884110000000
2.95264510000000
2.97620390000000
2.99070410000000
3.01002310000000
3.02683590000000
3.03007790000000
3.05836610000000
3.05707690000000
3.07477900000000
3.08870600000000
3.10368110000000
3.10843800000000
3.11645510000000
3.12127900000000
3.13631700000000
3.14512300000000
3.15413190000000
3.16141390000000
3.15741490000000
3.17386890000000
3.16479490000000
3.18011810000000
3.18531610000000
3.18218300000000
3.19333100000000
3.19922900000000
3.20790410000000
3.21196700000000
3.21012090000000
3.21342300000000
3.22911600000000
3.21816900000000
3.23544500000000
3.25227810000000
3.22837500000000
3.24765400000000
3.24290390000000
3.25337790000000
3.24372010000000
3.24380300000000
3.25248690000000
3.25842810000000
3.25904200000000
3.27610990000000
3.26671200000000
3.27041510000000
3.27316090000000
3.28537300000000
3.28726700000000
3.28931400000000
3.28504610000000
3.31291100000000
3.30294390000000
3.31314710000000
3.29876800000000
3.32187010000000
3.31361100000000
3.32363100000000
3.32521100000000
3.32242390000000
3.33848810000000
3.34160800000000
3.32730890000000
3.32491800000000
3.34520510000000
3.32090000000000
3.33396910000000
3.34313010000000
3.34967400000000
3.34178400000000
3.33601000000000
3.32280300000000
3.32627700000000
3.29942610000000
3.30298400000000
3.29407910000000
3.28674700000000
3.27858090000000
3.28432700000000
3.29607300000000
3.30452300000000
3.31812810000000
3.31376000000000
3.31450800000000
3.32375000000000
3.32328390000000
3.33638410000000
3.34095310000000
3.34219500000000
3.36127710000000
3.37403700000000
3.37888100000000
3.40096310000000
3.39523790000000
3.41754010000000
3.40320110000000
3.44339900000000
3.42112710000000
3.43723800000000
3.42852710000000
3.47051810000000
3.46349410000000
3.44694210000000
3.46312190000000
3.42427900000000
3.47238590000000
3.44441700000000
3.47105100000000
3.46996000000000
3.45598290000000
3.44873000000000
3.45904800000000
3.48378210000000
3.46541190000000
3.48711490000000
3.47630600000000
3.45932510000000
3.46884890000000
3.46344900000000
3.46598510000000
3.47578410000000
3.45676900000000
3.46392010000000
3.47881790000000
3.49529910000000
3.50698900000000
3.47923800000000
3.48387000000000
3.49506090000000
3.49379490000000
3.51558090000000
3.49204990000000
3.52739600000000
3.54515790000000
3.53175710000000
3.51430700000000
3.54548000000000
3.53453800000000
3.53029200000000
3.55186510000000
3.53384900000000
3.55727790000000
3.53855990000000
3.56109600000000
3.55393100000000
3.54402400000000
3.55022000000000
3.58469700000000
3.56817790000000
3.53454900000000
3.57182600000000
3.55157900000000
3.55951600000000
3.55765200000000
3.52075700000000
3.54723810000000
3.54490900000000
3.53255110000000
3.53047610000000
3.49548700000000
3.51846290000000
3.50436310000000
3.50063300000000
3.49031310000000
3.49311090000000
3.47574900000000
3.44341400000000
3.41905400000000
3.46280190000000
3.42300110000000
3.42819690000000
3.40494890000000
3.39424990000000
3.38790390000000
3.40252710000000
3.37145210000000
3.35753200000000
3.37328200000000
3.34681610000000
3.33868600000000
3.28741100000000
3.27691790000000
3.25825000000000
3.24176600000000
3.24371190000000
3.25265190000000
3.24983810000000
3.26890990000000
3.28067300000000
3.28432800000000
3.30576210000000
3.30903410000000
3.29246400000000
3.29638790000000
3.29298210000000
3.30133890000000
3.29238390000000
3.31205890000000
3.30106400000000
3.34350990000000
3.33331700000000
3.32853600000000
3.35158490000000
3.36982890000000
3.37209010000000
3.37016010000000
3.37449910000000
3.40109710000000
3.38218310000000
3.41703100000000
3.40395400000000
3.40753600000000
3.45148610000000
3.48297190000000
3.47185710000000
3.49128100000000
3.51910500000000
3.56527710000000
3.55926390000000
3.61464310000000
3.65022490000000
3.70844290000000
3.71114300000000
3.76671100000000
3.79087810000000
3.81937500000000
3.79022000000000
3.85515190000000
3.79156210000000
3.86947800000000
3.79866910000000
3.83486700000000
3.86114410000000
3.83728410000000
3.76551010000000
3.73804210000000
3.84173490000000
3.77759910000000
3.73448110000000
3.78295990000000
3.75661610000000
3.69310090000000
3.75631690000000
3.78331710000000
3.66725300000000
3.74686290000000
3.77008510000000
3.72473790000000
3.77528690000000
3.71537300000000
3.76069900000000
3.72665600000000
3.73187590000000
3.75727200000000
3.69890900000000
3.74530290000000
3.73684100000000
3.71323700000000
3.72537490000000
3.64727810000000
3.68779900000000
3.69803810000000
3.73048590000000
3.74905710000000
3.69222590000000
3.68986390000000
3.67007400000000
3.74412300000000
3.67458700000000
3.63357810000000
3.68304800000000
3.69469590000000
3.69575000000000
3.68348600000000
3.73356510000000
3.64423200000000
3.68557190000000
3.73792290000000
3.71085100000000
3.73298910000000
3.69198890000000
3.76272200000000
3.71374010000000
3.68572690000000
3.69869210000000
3.73096300000000
3.73173190000000
3.69007300000000
3.80035590000000
3.69476010000000
3.70036410000000
3.66596790000000
3.67583890000000
3.71205810000000
3.70129610000000
3.67819310000000
3.67842700000000
3.69089700000000
3.68296100000000
3.68467500000000
3.70465590000000
3.69567110000000
3.74420810000000
3.59418110000000
3.69934390000000
3.66694690000000
3.70323400000000
3.64871190000000
3.65922810000000
3.62386610000000
3.63001200000000
3.65979910000000
3.58719490000000
3.59716010000000
3.62600800000000
3.60270000000000
3.58100200000000
3.59686400000000
3.58508800000000
3.55081200000000
3.59428600000000
3.52712490000000
3.48776700000000
3.53969910000000
3.50023100000000
3.52768300000000
3.52097390000000
3.50787810000000
3.46398000000000
3.48166110000000
3.48479200000000
3.44792700000000
3.47758200000000
3.50319500000000
3.46324800000000
3.46468400000000
3.45694090000000
3.43170190000000
3.45132210000000
3.43726800000000
3.44463490000000
3.43530200000000
3.41411300000000
3.42539500000000
3.40502500000000
3.39073110000000
3.39946100000000
3.38854690000000
3.39004300000000
3.42082500000000
3.38020300000000
3.38312100000000
3.35808400000000
3.36597610000000
3.37236600000000
3.37673210000000
3.35485010000000
3.33388210000000
3.34668990000000
3.35860300000000
3.31734200000000
3.32356410000000
3.35113500000000
3.34715100000000
3.35775300000000
3.35851600000000
3.36305900000000
3.34947710000000
3.34105900000000
3.33269410000000
3.35661410000000
3.35753800000000
3.34563710000000
3.37061100000000
3.37356000000000
3.37163400000000
3.33958600000000
3.37204410000000
3.38166190000000
3.37654300000000
3.36281900000000
3.34956600000000
3.36117200000000
3.37709810000000
3.38673710000000
3.40689990000000
3.36331890000000
3.37848900000000
3.35783100000000
3.38416600000000
3.41865710000000
3.38131090000000
3.39007210000000
3.39440800000000
3.37110400000000
3.38421110000000
3.39109610000000
3.35888410000000
3.37558790000000
3.37487410000000
3.42921710000000
3.45392800000000
3.42428210000000
3.41560100000000
3.44013090000000
3.44640400000000
3.45855000000000
3.40795590000000
3.42887310000000
3.50479100000000
3.47394110000000
3.45444390000000
3.49032500000000
3.47454190000000
3.47399500000000
3.48703290000000
3.49761200000000
3.53674100000000
3.53295110000000
3.53078010000000
3.59160800000000
3.57356910000000
3.53589510000000
3.55956100000000
3.59201000000000
3.51213600000000
3.55758400000000
3.53779200000000
3.57647110000000
3.61691400000000
3.58575510000000
3.56098290000000
3.59237000000000
3.58411690000000
3.55941100000000
3.65720110000000
3.57111310000000
3.61234310000000
3.60051990000000
3.60387800000000
3.59953090000000
3.57806900000000
3.58206110000000
3.69281200000000
3.60579300000000
3.62363200000000
3.59577700000000
3.69314500000000
3.62546210000000
3.57782790000000