spectre
GradoAlcoholico	10.4399996000000
skip
0.803798000000000
0.832298000000000
0.852325000000000
0.869354000000000
0.885551000000000
0.897056000000000
0.901974000000000
0.903629000000000
0.901425000000000
0.900493000000000
0.896030000000000
0.889229000000000
0.882675000000000
0.874707000000000
0.865494000000000
0.854164000000000
0.842136000000000
0.830661000000000
0.817279000000000
0.803609000000000
0.790436000000000
0.775809000000000
0.764247000000000
0.750798000000000
0.736500000000000
0.722441000000000
0.708361000000000
0.694953000000000
0.681795000000000
0.666864000000000
0.654274000000000
0.642075000000000
0.628228000000000
0.614840000000000
0.603463000000000
0.589547000000000
0.577667000000000
0.566214000000000
0.552662000000000
0.541071000000000
0.529375000000000
0.517177000000000
0.506025000000000
0.494746000000000
0.483807000000000
0.472014000000000
0.460650000000000
0.449465000000000
0.438390000000000
0.427166000000000
0.417262000000000
0.407412000000000
0.396611000000000
0.386841000000000
0.377972000000000
0.368323000000000
0.359077000000000
0.349303000000000
0.340373000000000
0.332189000000000
0.323668000000000
0.314924000000000
0.306395000000000
0.298294000000000
0.290369000000000
0.283387000000000
0.276541000000000
0.270225000000000
0.264314000000000
0.258237000000000
0.252755000000000
0.247381000000000
0.241983000000000
0.237016000000000
0.233188000000000
0.227835000000000
0.223461000000000
0.219168000000000
0.214529000000000
0.210531000000000
0.206567000000000
0.202116000000000
0.198224000000000
0.194424000000000
0.190338000000000
0.186837000000000
0.183030000000000
0.179567000000000
0.176010000000000
0.172328000000000
0.169135000000000
0.166078000000000
0.162371000000000
0.159076000000000
0.156620000000000
0.153438000000000
0.150587000000000
0.147749000000000
0.144699000000000
0.141907000000000
0.139111000000000
0.136296000000000
0.134031000000000
0.131585000000000
0.128978000000000
0.126722000000000
0.124274000000000
0.121770000000000
0.119787000000000
0.117519000000000
0.115243000000000
0.113437000000000
0.111232000000000
0.109217000000000
0.107434000000000
0.105399000000000
0.103603000000000
0.101887000000000
0.100023000000000
0.0984210000000000
0.0966909970000000
0.0949769990000000
0.0934420000000000
0.0919369980000000
0.0904219970000000
0.0890330000000000
0.0876550000000000
0.0862919990000000
0.0851180030000000
0.0837799980000000
0.0825989990000000
0.0815379990000000
0.0802590030000000
0.0792770010000000
0.0782089980000000
0.0770990030000000
0.0761139990000000
0.0751769990000000
0.0742599960000000
0.0734390020000000
0.0725499990000000
0.0715790020000000
0.0707940010000000
0.0699139980000000
0.0690689980000000
0.0681909990000000
0.0671940000000000
0.0661719960000000
0.0652910020000000
0.0644460020000000
0.0638139990000000
0.0633929970000000
0.0630429980000000
0.0628919970000000
0.0629889970000000
0.0633099970000000
0.0637129990000000
0.0644309970000000
0.0652810040000000
0.0662890000000000
0.0676440000000000
0.0689549970000000
0.0703499990000000
0.0718069970000000
0.0730180000000000
0.0740500020000000
0.0749889980000000
0.0757030030000000
0.0761590000000000
0.0764120000000000
0.0763100010000000
0.0760670010000000
0.0760079990000000
0.0760409980000000
0.0759890000000000
0.0755970030000000
0.0752030010000000
0.0748519970000000
0.0745100010000000
0.0741539970000000
0.0736880000000000
0.0731789990000000
0.0726540010000000
0.0720549970000000
0.0714500020000000
0.0708080010000000
0.0701000020000000
0.0694419970000000
0.0686829980000000
0.0679320020000000
0.0671930020000000
0.0664120020000000
0.0656370000000000
0.0649090040000000
0.0641240030000000
0.0633940030000000
0.0627190020000000
0.0620119980000000
0.0614399980000000
0.0608780010000000
0.0603690000000000
0.0599839990000000
0.0596400020000000
0.0594090000000000
0.0592940000000000
0.0592910010000000
0.0594430010000000
0.0597449990000000
0.0603530000000000
0.0611360000000000
0.0621679980000000
0.0635109990000000
0.0649669990000000
0.0666100010000000
0.0684069990000000
0.0701259970000000
0.0718749990000000
0.0735429970000000
0.0749170040000000
0.0762260030000000
0.0772669990000000
0.0781529990000000
0.0789259970000000
0.0796179990000000
0.0802289990000000
0.0808369960000000
0.0814070030000000
0.0820579980000000
0.0827400010000000
0.0833740010000000
0.0840839970000000
0.0848560040000000
0.0856160000000000
0.0865169990000000
0.0874880030000000
0.0884869990000000
0.0896840020000000
0.0908759980000000
0.0921629970000000
0.0936380030000000
0.0950660040000000
0.0966050030000000
0.0983029980000000
0.0999019970000000
0.101691000000000
0.103547000000000
0.105358000000000
0.107362000000000
0.109322000000000
0.111227000000000
0.113370000000000
0.115368000000000
0.117379000000000
0.119634000000000
0.121944000000000
0.124618000000000
0.127751000000000
0.131275000000000
0.135740000000000
0.141072000000000
0.146963000000000
0.154589000000000
0.162856000000000
0.172093000000000
0.183359000000000
0.194900000000000
0.208041000000000
0.223035000000000
0.238250000000000
0.256012000000000
0.275748000000000
0.296257000000000
0.320988000000000
0.347251000000000
0.374496000000000
0.406268000000000
0.436617000000000
0.466576000000000
0.496571000000000
0.521207000000000
0.543143000000000
0.561144000000000
0.573911000000000
0.584453000000000
0.591711000000000
0.596867000000000
0.600577000000000
0.602620000000000
0.603233000000000
0.602383000000000
0.600296000000000
0.596671000000000
0.591652000000000
0.585768000000000
0.578412000000000
0.570108000000000
0.561482000000000
0.551206000000000
0.540829000000000
0.530039000000000
0.517865000000000
0.506129000000000
0.493654000000000
0.480396000000000
0.467876000000000
0.454223000000000
0.440601000000000
0.427606000000000
0.413435000000000
0.400039000000000
0.387051000000000
0.373273000000000
0.360742000000000
0.348257000000000
0.335634000000000
0.324466000000000
0.313011000000000
0.302202000000000
0.292458000000000
0.282439000000000
0.273492000000000
0.265269000000000
0.257041000000000
0.249933000000000
0.243264000000000
0.236881000000000
0.231665000000000
0.226586000000000
0.222265000000000
0.218658000000000
0.215404000000000
0.212823000000000
0.210816000000000
0.209215000000000
0.208258000000000
0.207912000000000
0.208056000000000
0.208771000000000
0.210107000000000
0.211990000000000
0.214212000000000
0.217303000000000
0.220678000000000
0.224666000000000
0.229293000000000
0.234039000000000
0.239454000000000
0.245382000000000
0.251222000000000
0.257820000000000
0.238822000000000
0.244762000000000
0.251197000000000
0.257757000000000
0.264215000000000
0.271623000000000
0.279203000000000
0.287477000000000
0.297609000000000
0.308591000000000
0.322378000000000
0.339340000000000
0.359059000000000
0.384593000000000
0.415396000000000
0.450317000000000
0.495909000000000
0.545001000000000
0.601504000000000
0.666965000000000
0.732808000000000
0.806001000000000
0.880981000000000
0.952732000000000
1.02983200000000
1.10019300000000
1.16317000000000
1.22152810000000
1.26747500000000
1.30632100000000
1.33980500000000
1.36540900000000
1.38901810000000
1.40822990000000
1.42448100000000
1.44094200000000
1.45570300000000
1.46980000000000
1.48432800000000
1.49689500000000
1.50927700000000
1.51978800000000
1.52811600000000
1.53571000000000
1.54097290000000
1.54489100000000
1.54773600000000
1.54898800000000
1.54904700000000
1.54780900000000
1.54507200000000
1.54061700000000
1.53548710000000
1.52916600000000
1.52149300000000
1.51389690000000
1.50549900000000
1.49665400000000
1.48814500000000
1.47859800000000
1.46982000000000
1.46059000000000
1.45116600000000
1.44191800000000
1.43268500000000
1.42300500000000
1.41415300000000
1.40467700000000
1.39536800000000
1.38669500000000
1.37718200000000
1.36863010000000
1.36013700000000
1.35169490000000
1.34414510000000
1.33658300000000
1.32995610000000
1.32401100000000
1.31855800000000
1.31422900000000
1.31081900000000
1.30857900000000
1.30740000000000
1.30748400000000
1.30916910000000
1.31211500000000
1.31701200000000
1.32329400000000
1.33140300000000
1.34193600000000
1.35362700000000
1.36794200000000
1.38447110000000
1.40213200000000
1.42395100000000
1.44683690000000
1.47218000000000
1.50160400000000
1.53140700000000
1.56605900000000
1.60297100000000
1.64079110000000
1.68620500000000
1.73109900000000
1.78057690000000
1.83589600000000
1.88977900000000
1.95133300000000
2.01411010000000
2.07706690000000
2.14964200000000
2.21799110000000
2.28869100000000
2.36261890000000
2.42989900000000
2.50063610000000
2.56634500000000
2.62501310000000
2.68681500000000
2.73702190000000
2.78135610000000
2.82242800000000
2.85561490000000
2.88893290000000
2.91372610000000
2.93718600000000
2.95838500000000
2.97011710000000
2.99039600000000
3.00406790000000
3.01947400000000
3.03684090000000
3.05474590000000
3.07028790000000
3.08258610000000
3.08983210000000
3.09908200000000
3.11327700000000
3.11627010000000
3.12831210000000
3.13746600000000
3.13816690000000
3.15314890000000
3.15279790000000
3.16139510000000
3.17328000000000
3.18011000000000
3.16866300000000
3.18952110000000
3.18397590000000
3.19946410000000
3.19741300000000
3.21107010000000
3.20591500000000
3.20315190000000
3.21033600000000
3.21353200000000
3.20485310000000
3.22649910000000
3.23395110000000
3.23823190000000
3.25096390000000
3.23871210000000
3.24615600000000
3.25614400000000
3.25504300000000
3.25503400000000
3.25655100000000
3.25379990000000
3.26098700000000
3.25361900000000
3.28129100000000
3.28438400000000
3.28161690000000
3.28961490000000
3.29323700000000
3.28481390000000
3.29400610000000
3.30174710000000
3.30877300000000
3.31872700000000
3.32006000000000
3.31428910000000
3.32020500000000
3.31991700000000
3.32079600000000
3.33240510000000
3.35093000000000
3.32734800000000
3.35046790000000
3.34711790000000
3.34378790000000
3.35110810000000
3.34019990000000
3.35147500000000
3.32753110000000
3.30433610000000
3.30867100000000
3.32399700000000
3.31037590000000
3.30136610000000
3.28231600000000
3.29236290000000
3.30104800000000
3.29461190000000
3.29573200000000
3.30495690000000
3.30523300000000
3.30347700000000
3.31471610000000
3.32843900000000
3.32897810000000
3.33859710000000
3.34220190000000
3.33313990000000
3.35626290000000
3.36385890000000
3.36523010000000
3.39204910000000
3.39124390000000
3.41335800000000
3.43208290000000
3.43593410000000
3.44670200000000
3.43185310000000
3.42906900000000
3.43527200000000
3.44748590000000
3.45582600000000
3.45634790000000
3.44055010000000
3.46810890000000
3.45604800000000
3.45643590000000
3.46740890000000
3.49302410000000
3.45312810000000
3.46748810000000
3.47321390000000
3.47467490000000
3.45960590000000
3.47307900000000
3.47130300000000
3.46797990000000
3.48019910000000
3.48207210000000
3.47106000000000
3.46407010000000
3.48144200000000
3.48708200000000
3.48624800000000
3.47353290000000
3.46776290000000
3.48998400000000
3.47565100000000
3.48557090000000
3.48896100000000
3.50714900000000
3.49839000000000
3.50697900000000
3.51886700000000
3.52711700000000
3.50959400000000
3.53879900000000
3.52726100000000
3.52320190000000
3.52449490000000
3.53475000000000
3.55368490000000
3.55492310000000
3.53566790000000
3.54907110000000
3.53854700000000
3.56097510000000
3.56725690000000
3.55925390000000
3.56848190000000
3.55913810000000
3.56647210000000
3.53501700000000
3.53245810000000
3.52374200000000
3.53945400000000
3.56351900000000
3.54332590000000
3.52710290000000
3.49998400000000
3.49545100000000
3.49875590000000
3.48722100000000
3.47548100000000
3.46183110000000
3.46005990000000
3.45564390000000
3.42943000000000
3.45362590000000
3.40030690000000
3.40388200000000
3.40964790000000
3.39852190000000
3.40240000000000
3.36898990000000
3.37089990000000
3.36133910000000
3.34764290000000
3.31109600000000
3.31235290000000
3.28030710000000
3.26443000000000
3.24044700000000
3.24918890000000
3.24158690000000
3.24567510000000
3.28127410000000
3.28060510000000
3.29693700000000
3.29144600000000
3.29450800000000
3.30552600000000
3.30271510000000
3.29024910000000
3.28889300000000
3.29637290000000
3.29989190000000
3.30175900000000
3.30599090000000
3.31271100000000
3.31438400000000
3.35032200000000
3.35516910000000
3.35064200000000
3.36882400000000
3.37675190000000
3.38235210000000
3.39176510000000
3.41605310000000
3.41515400000000
3.43612690000000
3.44070200000000
3.46461700000000
3.45573900000000
3.49300910000000
3.53969600000000
3.57171890000000
3.58624100000000
3.65743400000000
3.65055390000000
3.66489410000000
3.69345400000000
3.75060390000000
3.79029390000000
3.77837900000000
3.84714600000000
3.87760710000000
3.83329010000000
3.80729390000000
3.78148290000000
3.81436300000000
3.81086400000000
3.76303290000000
3.80462910000000
3.80254010000000
3.80480600000000
3.83937910000000
3.73411700000000
3.73133300000000
3.74177290000000
3.78646110000000
3.72133490000000
3.76099800000000
3.75212790000000
3.79761100000000
3.79908200000000
3.74102900000000
3.81205010000000
3.74643990000000
3.72386600000000
3.73837800000000
3.75977990000000
3.76095010000000
3.74516300000000
3.72377110000000
3.68315010000000
3.68213700000000
3.71894100000000
3.64199590000000
3.69927100000000
3.69462800000000
3.70537590000000
3.68200490000000
3.67397190000000
3.72560690000000
3.71185590000000
3.69692710000000
3.66666790000000
3.65090890000000
3.66664910000000
3.63910700000000
3.68893600000000
3.69868400000000
3.68954990000000
3.75835990000000
3.68609600000000
3.70642090000000
3.68166800000000
3.67266510000000
3.72212910000000
3.69342710000000
3.70351790000000
3.65704610000000
3.68887090000000
3.76561000000000
3.72596910000000
3.69022300000000
3.68190000000000
3.66102000000000
3.75187490000000
3.69211700000000
3.69101500000000
3.66150590000000
3.67847800000000
3.71651600000000
3.62989590000000
3.65557790000000
3.68832900000000
3.67144890000000
3.73939800000000
3.69061800000000
3.66136500000000
3.64400200000000
3.70281290000000
3.66971210000000
3.62558790000000
3.72273990000000
3.71552610000000
3.65378690000000
3.61714790000000
3.68006300000000
3.61286810000000
3.54270410000000
3.54837800000000
3.58661290000000
3.55495600000000
3.56284900000000
3.57303910000000
3.52403810000000
3.52326200000000
3.55597310000000
3.52985910000000
3.55540110000000
3.52625890000000
3.49038290000000
3.51243900000000
3.49264100000000
3.50375800000000
3.46983600000000
3.46143700000000
3.46614500000000
3.46683000000000
3.48600510000000
3.47977900000000
3.46472810000000
3.46761800000000
3.47291710000000
3.44119690000000
3.44204090000000
3.45143700000000
3.42377590000000
3.42882300000000
3.38377400000000
3.37102290000000
3.39816690000000
3.38964800000000
3.38076400000000
3.39267300000000
3.39429310000000
3.39161400000000
3.37669490000000
3.36041590000000
3.39320800000000
3.36482310000000
3.36065200000000
3.34549690000000
3.35024810000000
3.34279890000000
3.33393690000000
3.34258600000000
3.33448510000000
3.34465000000000
3.29540300000000
3.35415510000000
3.33804010000000
3.31121900000000
3.33259200000000
3.33455110000000
3.34410810000000
3.34154700000000
3.35000490000000
3.35749200000000
3.35249400000000
3.35013200000000
3.34491300000000
3.36666110000000
3.33367800000000
3.38388300000000
3.37563800000000
3.40244290000000
3.37113400000000
3.39267490000000
3.39049290000000
3.37433700000000
3.38381790000000
3.39405890000000
3.35803200000000
3.35525890000000
3.39721390000000
3.41599200000000
3.39287300000000
3.38551400000000
3.38448000000000
3.39143800000000
3.40055390000000
3.35892510000000
3.40487600000000
3.38145090000000
3.40162110000000
3.36860110000000
3.39944910000000
3.41490290000000
3.43247200000000
3.42978810000000
3.41055110000000
3.44170590000000
3.40766690000000
3.42090700000000
3.42107200000000
3.48818590000000
3.46137000000000
3.46231010000000
3.48770000000000
3.47408890000000
3.52989410000000
3.49121590000000
3.48345490000000
3.48352500000000
3.49439910000000
3.58914210000000
3.59509210000000
3.59470010000000
3.54913810000000
3.54622700000000
3.52572990000000
3.59892890000000
3.50264910000000
3.57245990000000
3.61988710000000
3.60385300000000
3.55995200000000
3.58264590000000
3.61016510000000
3.67882110000000
3.59138700000000
3.60077500000000
3.65516000000000
3.57690810000000
3.54094510000000
3.65163490000000
3.63667700000000
3.58562800000000
3.62679600000000
3.63876890000000
3.60306410000000
3.59773990000000
3.68052700000000
3.60011700000000
3.66399790000000