spectre
GradoAlcoholico	12.3900003000000
skip
0.773562000000000
0.799781000000000
0.816762000000000
0.832641000000000
0.846517000000000
0.848226000000000
0.850449000000000
0.850212000000000
0.846842000000000
0.839879000000000
0.834033000000000
0.826080000000000
0.814280000000000
0.803098000000000
0.789801000000000
0.778243000000000
0.764459000000000
0.751350000000000
0.736215000000000
0.721688000000000
0.707494000000000
0.692257000000000
0.678540000000000
0.664172000000000
0.649406000000000
0.635722000000000
0.621702000000000
0.606774000000000
0.593423000000000
0.579487000000000
0.566244000000000
0.553879000000000
0.540756000000000
0.528315000000000
0.516146000000000
0.502426000000000
0.490155000000000
0.478578000000000
0.465851000000000
0.454235000000000
0.442392000000000
0.430224000000000
0.418750000000000
0.407077000000000
0.395792000000000
0.384614000000000
0.373033000000000
0.361984000000000
0.351352000000000
0.341000000000000
0.330763000000000
0.320880000000000
0.310620000000000
0.301265000000000
0.293898000000000
0.283722000000000
0.274817000000000
0.266964000000000
0.258107000000000
0.250369000000000
0.241812000000000
0.233702000000000
0.226632000000000
0.218996000000000
0.211774000000000
0.205458000000000
0.199613000000000
0.193795000000000
0.188891000000000
0.184106000000000
0.178691000000000
0.174118000000000
0.169955000000000
0.165264000000000
0.161602000000000
0.157632000000000
0.154096000000000
0.150542000000000
0.146778000000000
0.143696000000000
0.140451000000000
0.137114000000000
0.134166000000000
0.131096000000000
0.128255000000000
0.125205000000000
0.122822000000000
0.119835000000000
0.117520000000000
0.114484000000000
0.111909000000000
0.109770000000000
0.107577000000000
0.105446000000000
0.103093000000000
0.100864000000000
0.0989060030000000
0.0970629980000000
0.0948709990000000
0.0928670020000000
0.0910200030000000
0.0891579990000000
0.0874369960000000
0.0857129990000000
0.0839350000000000
0.0820680040000000
0.0805710030000000
0.0788780000000000
0.0774779990000000
0.0758519990000000
0.0743869990000000
0.0729200020000000
0.0715140030000000
0.0701500030000000
0.0689390000000000
0.0675110000000000
0.0664559980000000
0.0651229990000000
0.0638689990000000
0.0627610010000000
0.0615010000000000
0.0604220000000000
0.0594540010000000
0.0583960000000000
0.0574320000000000
0.0565509980000000
0.0556610000000000
0.0547670010000000
0.0539290010000000
0.0531420000000000
0.0525380000000000
0.0518219990000000
0.0511200020000000
0.0505210010000000
0.0499130000000000
0.0492910000000000
0.0487950000000000
0.0483140010000000
0.0477919990000000
0.0473550000000000
0.0468900020000000
0.0463720000000000
0.0459540000000000
0.0455669980000000
0.0450840000000000
0.0446840000000000
0.0440840010000000
0.0435369980000000
0.0430819990000000
0.0426869990000000
0.0423570010000000
0.0423230010000000
0.0423679990000000
0.0426280010000000
0.0430889990000000
0.0437089990000000
0.0444730000000000
0.0454839990000000
0.0467070010000000
0.0480099990000000
0.0496330000000000
0.0513360020000000
0.0530010010000000
0.0547490010000000
0.0562350000000000
0.0575580000000000
0.0587960000000000
0.0597769990000000
0.0605500010000000
0.0610660020000000
0.0613350010000000
0.0613659990000000
0.0615269990000000
0.0618470010000000
0.0620240010000000
0.0618660000000000
0.0616809990000000
0.0615479980000000
0.0614220020000000
0.0613100010000000
0.0610480010000000
0.0607299990000000
0.0604089980000000
0.0600319990000000
0.0596040000000000
0.0591479990000000
0.0586699990000000
0.0581290010000000
0.0575900000000000
0.0570239980000000
0.0564589980000000
0.0558490010000000
0.0552849990000000
0.0547409990000000
0.0541610010000000
0.0536319990000000
0.0531199980000000
0.0526070000000000
0.0521820000000000
0.0517910010000000
0.0514440010000000
0.0512240010000000
0.0510520000000000
0.0509729980000000
0.0509909990000000
0.0511570010000000
0.0515049990000000
0.0519649980000000
0.0527080000000000
0.0536319990000000
0.0548090000000000
0.0563020000000000
0.0578939990000000
0.0596470010000000
0.0615939980000000
0.0634130020000000
0.0653079970000000
0.0670460020000000
0.0685520020000000
0.0699869990000000
0.0711219980000000
0.0720670000000000
0.0729549970000000
0.0737060010000000
0.0744400020000000
0.0751470030000000
0.0757850040000000
0.0765009970000000
0.0772629980000000
0.0779950020000000
0.0787680000000000
0.0796239970000000
0.0804710020000000
0.0814760030000000
0.0825340000000000
0.0835909990000000
0.0848999990000000
0.0862139980000000
0.0875850020000000
0.0891430010000000
0.0906789970000000
0.0923440010000000
0.0941660030000000
0.0958950000000000
0.0978569980000000
0.0998840030000000
0.101824000000000
0.104045000000000
0.106199000000000
0.108296000000000
0.110584000000000
0.112705000000000
0.114813000000000
0.117128000000000
0.119496000000000
0.122126000000000
0.125267000000000
0.128758000000000
0.133225000000000
0.138558000000000
0.144465000000000
0.152124000000000
0.160427000000000
0.169675000000000
0.180978000000000
0.192541000000000
0.205698000000000
0.220680000000000
0.235898000000000
0.253648000000000
0.273351000000000
0.293852000000000
0.318507000000000
0.344730000000000
0.371880000000000
0.403692000000000
0.434006000000000
0.463944000000000
0.493987000000000
0.518625000000000
0.540515000000000
0.558541000000000
0.571268000000000
0.581777000000000
0.588973000000000
0.594052000000000
0.597665000000000
0.599643000000000
0.600141000000000
0.599172000000000
0.596918000000000
0.593174000000000
0.588019000000000
0.582044000000000
0.574536000000000
0.566155000000000
0.557418000000000
0.547064000000000
0.536609000000000
0.525774000000000
0.513568000000000
0.501855000000000
0.489416000000000
0.476156000000000
0.463671000000000
0.450089000000000
0.436535000000000
0.423608000000000
0.409474000000000
0.396149000000000
0.383251000000000
0.369548000000000
0.357098000000000
0.344723000000000
0.332229000000000
0.321193000000000
0.309841000000000
0.299187000000000
0.289609000000000
0.279713000000000
0.270928000000000
0.262865000000000
0.254792000000000
0.247833000000000
0.241235000000000
0.234976000000000
0.229850000000000
0.224872000000000
0.220600000000000
0.217091000000000
0.213903000000000
0.211370000000000
0.209418000000000
0.207875000000000
0.206976000000000
0.206631000000000
0.206750000000000
0.207523000000000
0.208879000000000
0.210709000000000
0.212935000000000
0.215991000000000
0.219384000000000
0.223257000000000
0.227904000000000
0.232626000000000
0.238076000000000
0.243997000000000
0.249804000000000
0.256377000000000
0.236355000000000
0.242285000000000
0.248742000000000
0.255295000000000
0.261756000000000
0.269194000000000
0.276822000000000
0.285121000000000
0.295310000000000
0.306360000000000
0.320208000000000
0.337314000000000
0.357145000000000
0.382820000000000
0.413881000000000
0.449053000000000
0.495030000000000
0.544420000000000
0.601271000000000
0.667100000000000
0.733291000000000
0.806631000000000
0.881833000000000
0.953662000000000
1.03099600000000
1.10155900000000
1.16469600000000
1.22290500000000
1.26881100000000
1.30763200000000
1.34112500000000
1.36664200000000
1.39018200000000
1.40942800000000
1.42565600000000
1.44232000000000
1.45726800000000
1.47167400000000
1.48662600000000
1.49941900000000
1.51160600000000
1.52185000000000
1.52971400000000
1.53644900000000
1.54051300000000
1.54342200000000
1.54502700000000
1.54560100000000
1.54474700000000
1.54240500000000
1.53900400000000
1.53343800000000
1.52728610000000
1.52050200000000
1.51192300000000
1.50369890000000
1.49457200000000
1.48501600000000
1.47588690000000
1.46598010000000
1.45623100000000
1.44675200000000
1.43663500000000
1.42699100000000
1.41746500000000
1.40753000000000
1.39825110000000
1.38840000000000
1.37921700000000
1.37026800000000
1.36071100000000
1.35208900000000
1.34364300000000
1.33507900000000
1.32773700000000
1.32021000000000
1.31351300000000
1.30775300000000
1.30234690000000
1.29791700000000
1.29467800000000
1.29232600000000
1.29136500000000
1.29153000000000
1.29324900000000
1.29626410000000
1.30122800000000
1.30737200000000
1.31555700000000
1.32598400000000
1.33754600000000
1.35178200000000
1.36837200000000
1.38579600000000
1.40755400000000
1.43016700000000
1.45551900000000
1.48470290000000
1.51431300000000
1.54847200000000
1.58544000000000
1.62309100000000
1.66840300000000
1.71334300000000
1.76234400000000
1.81745000000000
1.87169600000000
1.93291200000000
1.99634600000000
2.05898190000000
2.13152790000000
2.20097400000000
2.27166510000000
2.34602090000000
2.41400410000000
2.48514200000000
2.55101800000000
2.61141800000000
2.67053390000000
2.72200390000000
2.77038000000000
2.81305100000000
2.84806900000000
2.87386700000000
2.90313290000000
2.93147610000000
2.95211200000000
2.96692490000000
2.98377700000000
3.00518490000000
3.02157400000000
3.03408410000000
3.05330490000000
3.05826590000000
3.08014390000000
3.08723090000000
3.09560890000000
3.11133290000000
3.11546900000000
3.12797190000000
3.13106490000000
3.13339810000000
3.14704990000000
3.15534000000000
3.15948890000000
3.16849210000000
3.16577290000000
3.18136600000000
3.18396210000000
3.18072100000000
3.18850900000000
3.19851590000000
3.20040390000000
3.20409390000000
3.20686510000000
3.21074390000000
3.22157690000000
3.21389100000000
3.22492000000000
3.22409610000000
3.22746710000000
3.22995210000000
3.23124290000000
3.23234300000000
3.24714090000000
3.24260000000000
3.25939610000000
3.25861000000000
3.25404600000000
3.26338410000000
3.26324700000000
3.28184200000000
3.27852110000000
3.28802800000000
3.28357510000000
3.28744200000000
3.29308610000000
3.29678510000000
3.29389100000000
3.31215190000000
3.30673290000000
3.30705690000000
3.31301810000000
3.31685500000000
3.31750010000000
3.33330390000000
3.32496600000000
3.33322910000000
3.34310890000000
3.34110900000000
3.35240790000000
3.33773400000000
3.34939500000000
3.34062790000000
3.35012510000000
3.33473900000000
3.31131290000000
3.31198810000000
3.30416300000000
3.31184010000000
3.31168390000000
3.28469300000000
3.28967310000000
3.29675700000000
3.29630590000000
3.28335690000000
3.29623890000000
3.29600690000000
3.30557700000000
3.30012700000000
3.32485010000000
3.31927990000000
3.32771110000000
3.34012700000000
3.35170510000000
3.35857200000000
3.36697890000000
3.40471410000000
3.37609510000000
3.41564110000000
3.39900800000000
3.41954590000000
3.42931290000000
3.43944000000000
3.41696690000000
3.43443300000000
3.46246410000000
3.45868710000000
3.46111800000000
3.43499900000000
3.46331000000000
3.46019290000000
3.46830010000000
3.47119400000000
3.45681000000000
3.46306400000000
3.46914100000000
3.45972300000000
3.48026800000000
3.45948510000000
3.47988510000000
3.48252300000000
3.44734500000000
3.45478700000000
3.47543410000000
3.47192190000000
3.46694590000000
3.46604700000000
3.48633600000000
3.45554300000000
3.47813700000000
3.47997190000000
3.47123690000000
3.47918200000000
3.47202490000000
3.48461200000000
3.50847600000000
3.50058100000000
3.52453710000000
3.51652100000000
3.50823210000000
3.52047490000000
3.49758100000000
3.53665090000000
3.54183600000000
3.53322200000000
3.54282190000000
3.54746200000000
3.53726910000000
3.55618190000000
3.55091910000000
3.55119990000000
3.56551500000000
3.57564210000000
3.56110600000000
3.56862000000000
3.56453990000000
3.54316000000000
3.54695700000000
3.54294610000000
3.55046200000000
3.55139300000000
3.56294490000000
3.51635000000000
3.53544590000000
3.53560400000000
3.52725700000000
3.50037790000000
3.51155500000000
3.49803710000000
3.48273490000000
3.47029300000000
3.45837810000000
3.45145610000000
3.44608210000000
3.43957090000000
3.43193790000000
3.42053290000000
3.41188790000000
3.38848210000000
3.37229300000000
3.36851410000000
3.36168100000000
3.36488600000000
3.35865090000000
3.32118010000000
3.31093690000000
3.26487710000000
3.24885610000000
3.24449900000000
3.24117590000000
3.24863600000000
3.25039600000000
3.27804400000000
3.28333710000000
3.29270200000000
3.29811690000000
3.28973390000000
3.29961800000000
3.30370000000000
3.29260400000000
3.29645200000000
3.28996800000000
3.29166010000000
3.30583000000000
3.32398200000000
3.33682300000000
3.32231690000000
3.34995890000000
3.35712410000000
3.36540790000000
3.37645010000000
3.36683390000000
3.38527300000000
3.38344500000000
3.39148590000000
3.40799500000000
3.41693900000000
3.42288900000000
3.44033000000000
3.48181890000000
3.47842100000000
3.52155400000000
3.53838710000000
3.54708190000000
3.64025310000000
3.64196900000000
3.72146390000000
3.72579000000000
3.74313900000000
3.81249810000000
3.78195190000000
3.82248090000000
3.84248810000000
3.78246310000000
3.87938900000000
3.82133790000000
3.78175310000000
3.84705500000000
3.82579900000000
3.80389810000000
3.83848810000000
3.75584890000000
3.82543610000000
3.74022010000000
3.75717400000000
3.79220100000000
3.73253010000000
3.71936990000000
3.75366900000000
3.74362900000000
3.72301890000000
3.81286600000000
3.75120310000000
3.77502110000000
3.74545690000000
3.77746610000000
3.76572490000000
3.73043490000000
3.76831700000000
3.74374200000000
3.73702310000000
3.72735000000000
3.75358010000000
3.71206500000000
3.69839000000000
3.69873400000000
3.74236200000000
3.71415210000000
3.70097900000000
3.71275400000000
3.69315700000000
3.69156290000000
3.70964190000000
3.67997910000000
3.70753910000000
3.66255000000000
3.67053510000000
3.69398000000000
3.68844200000000
3.69779800000000
3.68685510000000
3.70039800000000
3.72978310000000
3.72070790000000
3.69447090000000
3.68186090000000
3.69922090000000
3.68991800000000
3.70329000000000
3.72557310000000
3.69520900000000
3.74585700000000
3.70960090000000
3.76030110000000
3.79289600000000
3.69721510000000
3.71419600000000
3.71166990000000
3.68747500000000
3.66594200000000
3.70207810000000
3.71065090000000
3.68579700000000
3.68833490000000
3.64785100000000
3.65201000000000
3.68277190000000
3.69556690000000
3.74881600000000
3.68854400000000
3.71685500000000
3.67297010000000
3.65559410000000
3.64307190000000
3.65833900000000
3.63122890000000
3.63045000000000
3.63949700000000
3.60787800000000
3.62940600000000
3.55189700000000
3.60072300000000
3.57051300000000
3.56659390000000
3.53559400000000
3.53776910000000
3.52315590000000
3.52270390000000
3.52942900000000
3.52902890000000
3.52474500000000
3.49105190000000
3.48265910000000
3.46530290000000
3.46819900000000
3.50033090000000
3.51585290000000
3.48388600000000
3.51717500000000
3.43442390000000
3.46489410000000
3.42867900000000
3.45516200000000
3.41033600000000
3.44721200000000
3.42828990000000
3.40694310000000
3.42444990000000
3.39506700000000
3.42771790000000
3.40346100000000
3.40659810000000
3.38113190000000
3.37759590000000
3.39434000000000
3.38402890000000
3.38619210000000
3.37695500000000
3.38419890000000
3.36004810000000
3.36940690000000
3.39524600000000
3.35372500000000
3.36760310000000
3.32838610000000
3.33167700000000
3.35225700000000
3.35802100000000
3.33060600000000
3.33058190000000
3.36498000000000
3.36423210000000
3.35110090000000
3.35523200000000
3.35111310000000
3.36409810000000
3.35400610000000
3.35072900000000
3.36906700000000
3.37057900000000
3.36060500000000
3.35952710000000
3.36926390000000
3.37528300000000
3.32911800000000
3.38230400000000
3.35196090000000
3.34711000000000
3.37164590000000
3.37192700000000
3.41452600000000
3.41492010000000
3.37832500000000
3.40062190000000
3.35928610000000
3.41510010000000
3.37240290000000
3.36631390000000
3.41639710000000
3.36598300000000
3.40636400000000
3.38590600000000
3.39860390000000
3.39820690000000
3.40910510000000
3.40667100000000
3.41429000000000
3.41554400000000
3.44449210000000
3.45276690000000
3.42211510000000
3.44374800000000
3.42779110000000
3.44966890000000
3.47789100000000
3.46905490000000
3.45642590000000
3.47067090000000
3.53174810000000
3.51327900000000
3.54428510000000
3.52549910000000
3.53271290000000
3.47987890000000
3.59564900000000
3.50265600000000
3.53397390000000
3.56418490000000
3.58168700000000
3.55017300000000
3.53522300000000
3.59649300000000
3.53145690000000
3.64289310000000
3.58654000000000
3.59716800000000
3.56513600000000
3.54324700000000
3.58430000000000
3.61831190000000
3.56639700000000
3.58776210000000
3.62538910000000
3.60732790000000
3.67202590000000
3.71825790000000
3.62007310000000
3.54054400000000
3.61484410000000
3.61101790000000
3.62159400000000
3.67061810000000
3.63825800000000
3.63184910000000
3.62639400000000