spectre
GradoAlcoholico	10.6999998000000
skip
0.691581000000000
0.703852000000000
0.717535000000000
0.724571000000000
0.723624000000000
0.726435000000000
0.722685000000000
0.717581000000000
0.710657000000000
0.700182000000000
0.691602000000000
0.681103000000000
0.669410000000000
0.657261000000000
0.646211000000000
0.632111000000000
0.621129000000000
0.609242000000000
0.596068000000000
0.584446000000000
0.571657000000000
0.559476000000000
0.547432000000000
0.536663000000000
0.524123000000000
0.512673000000000
0.501332000000000
0.490091000000000
0.479873000000000
0.469344000000000
0.458464000000000
0.448961000000000
0.438504000000000
0.429087000000000
0.419286000000000
0.409590000000000
0.400453000000000
0.391500000000000
0.381814000000000
0.373172000000000
0.363980000000000
0.355600000000000
0.347260000000000
0.338487000000000
0.329034000000000
0.322064000000000
0.313410000000000
0.305340000000000
0.297448000000000
0.290055000000000
0.282103000000000
0.274652000000000
0.267596000000000
0.261008000000000
0.253714000000000
0.246861000000000
0.240267000000000
0.234409000000000
0.227276000000000
0.221274000000000
0.215688000000000
0.209500000000000
0.202893000000000
0.197269000000000
0.192182000000000
0.187217000000000
0.182580000000000
0.178236000000000
0.174280000000000
0.169840000000000
0.166122000000000
0.162581000000000
0.158852000000000
0.155551000000000
0.152613000000000
0.149279000000000
0.146562000000000
0.143941000000000
0.140972000000000
0.137599000000000
0.135304000000000
0.132849000000000
0.130186000000000
0.127843000000000
0.125573000000000
0.123155000000000
0.120556000000000
0.118432000000000
0.116445000000000
0.114272000000000
0.111647000000000
0.109921000000000
0.107791000000000
0.105797000000000
0.103758000000000
0.101903000000000
0.100343000000000
0.0983939990000000
0.0965840000000000
0.0948899980000000
0.0931700020000000
0.0916190000000000
0.0899140020000000
0.0881609990000000
0.0864640030000000
0.0850389970000000
0.0834439990000000
0.0819569980000000
0.0805960000000000
0.0790909980000000
0.0778829980000000
0.0763890000000000
0.0750940000000000
0.0738580000000000
0.0726640000000000
0.0714029970000000
0.0704080020000000
0.0689949990000000
0.0677750040000000
0.0667710010000000
0.0656519980000000
0.0644209980000000
0.0636300000000000
0.0624840000000000
0.0616220010000000
0.0606059990000000
0.0597370010000000
0.0588979980000000
0.0581780000000000
0.0573560000000000
0.0566190000000000
0.0560150000000000
0.0552540010000000
0.0545900020000000
0.0539949980000000
0.0534400010000000
0.0529749990000000
0.0525220000000000
0.0518790000000000
0.0514269990000000
0.0509920010000000
0.0504180010000000
0.0500430020000000
0.0495879990000000
0.0491050000000000
0.0487079990000000
0.0481060000000000
0.0475430000000000
0.0470540000000000
0.0465990010000000
0.0462630020000000
0.0461659990000000
0.0462010020000000
0.0464250000000000
0.0468790010000000
0.0474390020000000
0.0481779990000000
0.0491550010000000
0.0503310000000000
0.0516460020000000
0.0532279980000000
0.0548750010000000
0.0564929990000000
0.0582400000000000
0.0597160010000000
0.0609770010000000
0.0621870010000000
0.0631690030000000
0.0638760030000000
0.0643669960000000
0.0645930020000000
0.0645430010000000
0.0646980030000000
0.0650390010000000
0.0652040020000000
0.0650459980000000
0.0648500030000000
0.0646689980000000
0.0645250010000000
0.0643680020000000
0.0641049970000000
0.0637869980000000
0.0634320010000000
0.0629910010000000
0.0625559990000000
0.0620779990000000
0.0615440010000000
0.0610289980000000
0.0604460020000000
0.0598420020000000
0.0592719990000000
0.0586600010000000
0.0580429990000000
0.0574550000000000
0.0568189990000000
0.0562609990000000
0.0557189990000000
0.0551569980000000
0.0547310000000000
0.0542950000000000
0.0539180000000000
0.0536459980000000
0.0534599980000000
0.0533489990000000
0.0533280000000000
0.0534820000000000
0.0537509990000000
0.0541969980000000
0.0549300010000000
0.0558310000000000
0.0569849980000000
0.0584379990000000
0.0600150000000000
0.0617650000000000
0.0636869970000000
0.0654840020000000
0.0673549990000000
0.0691120030000000
0.0705839990000000
0.0719809980000000
0.0731199980000000
0.0740450020000000
0.0749339980000000
0.0756959990000000
0.0764060020000000
0.0770919990000000
0.0777390000000000
0.0784420000000000
0.0791760010000000
0.0798759980000000
0.0806609990000000
0.0814599990000000
0.0823009980000000
0.0832609980000000
0.0842899980000000
0.0853200030000000
0.0865890010000000
0.0878639970000000
0.0892049970000000
0.0907389970000000
0.0922390000000000
0.0938519980000000
0.0956180020000000
0.0972710030000000
0.0991239990000000
0.101051000000000
0.102893000000000
0.104978000000000
0.106992000000000
0.108976000000000
0.111149000000000
0.113210000000000
0.115287000000000
0.117604000000000
0.120002000000000
0.122711000000000
0.125902000000000
0.129447000000000
0.134012000000000
0.139405000000000
0.145360000000000
0.153078000000000
0.161434000000000
0.170760000000000
0.182133000000000
0.193777000000000
0.207032000000000
0.222137000000000
0.237428000000000
0.255310000000000
0.275139000000000
0.295746000000000
0.320624000000000
0.346968000000000
0.374293000000000
0.406255000000000
0.436682000000000
0.466834000000000
0.497000000000000
0.521787000000000
0.543776000000000
0.561910000000000
0.574730000000000
0.585328000000000
0.592613000000000
0.597736000000000
0.601391000000000
0.603417000000000
0.603958000000000
0.603054000000000
0.600814000000000
0.597097000000000
0.592016000000000
0.586013000000000
0.578553000000000
0.570131000000000
0.561407000000000
0.551000000000000
0.540509000000000
0.529653000000000
0.517374000000000
0.505583000000000
0.493070000000000
0.479744000000000
0.467187000000000
0.453512000000000
0.439871000000000
0.426870000000000
0.412668000000000
0.399274000000000
0.386286000000000
0.372520000000000
0.359990000000000
0.347502000000000
0.334909000000000
0.323766000000000
0.312293000000000
0.301516000000000
0.291810000000000
0.281841000000000
0.272937000000000
0.264733000000000
0.256565000000000
0.249486000000000
0.242853000000000
0.236487000000000
0.231277000000000
0.226293000000000
0.221948000000000
0.218409000000000
0.215155000000000
0.212558000000000
0.210587000000000
0.209002000000000
0.208062000000000
0.207752000000000
0.207865000000000
0.208625000000000
0.210012000000000
0.211894000000000
0.214147000000000
0.217254000000000
0.220636000000000
0.224558000000000
0.229246000000000
0.234059000000000
0.239474000000000
0.245382000000000
0.251271000000000
0.257874000000000
0.238295000000000
0.244237000000000
0.250711000000000
0.257290000000000
0.263783000000000
0.271227000000000
0.278867000000000
0.287174000000000
0.297342000000000
0.308392000000000
0.322250000000000
0.339311000000000
0.359097000000000
0.384765000000000
0.415688000000000
0.450668000000000
0.496508000000000
0.545727000000000
0.602384000000000
0.668103000000000
0.734184000000000
0.807581000000000
0.882855000000000
0.954846000000000
1.03226200000000
1.10304500000000
1.16636000000000
1.22480400000000
1.27070800000000
1.30963000000000
1.34319900000000
1.36852000000000
1.39186300000000
1.41093300000000
1.42710600000000
1.44326400000000
1.45774200000000
1.47180100000000
1.48595000000000
1.49859000000000
1.51041200000000
1.52097200000000
1.52902310000000
1.53649600000000
1.54153300000000
1.54527200000000
1.54775700000000
1.54918690000000
1.54903500000000
1.54741300000000
1.54448800000000
1.53977600000000
1.53448800000000
1.52799800000000
1.52024900000000
1.51231800000000
1.50404700000000
1.49484100000000
1.48628800000000
1.47668600000000
1.46765300000000
1.45837200000000
1.44884600000000
1.43958600000000
1.43009900000000
1.42032900000000
1.41168400000000
1.40196390000000
1.39279400000000
1.38397710000000
1.37447700000000
1.36585500000000
1.35742400000000
1.34903800000000
1.34169100000000
1.33389000000000
1.32745600000000
1.32166000000000
1.31619700000000
1.31177900000000
1.30871200000000
1.30625300000000
1.30538300000000
1.30543300000000
1.30720700000000
1.31002400000000
1.31522600000000
1.32157100000000
1.32976700000000
1.34041090000000
1.35204300000000
1.36651500000000
1.38312200000000
1.40077400000000
1.42287600000000
1.44550500000000
1.47112800000000
1.50056510000000
1.53048800000000
1.56500200000000
1.60216800000000
1.64015500000000
1.68536900000000
1.73051000000000
1.78018500000000
1.83574600000000
1.88934800000000
1.95073290000000
2.01451610000000
2.07775500000000
2.14969400000000
2.21790000000000
2.28933100000000
2.36368800000000
2.43097500000000
2.49988010000000
2.56503610000000
2.62639590000000
2.68561790000000
2.73587700000000
2.78005410000000
2.82260890000000
2.85461310000000
2.88244800000000
2.91278000000000
2.93408490000000
2.95579290000000
2.97392990000000
2.98293900000000
3.00868700000000
3.02498790000000
3.03373100000000
3.04407000000000
3.06520010000000
3.07281300000000
3.09765790000000
3.10853910000000
3.11348800000000
3.11812210000000
3.12230400000000
3.13613200000000
3.13344910000000
3.14957190000000
3.15264200000000
3.16764090000000
3.17807890000000
3.17658000000000
3.18060400000000
3.18376210000000
3.18806000000000
3.19621610000000
3.19788910000000
3.20054200000000
3.21287610000000
3.20994590000000
3.20798610000000
3.22116900000000
3.21701000000000
3.23231910000000
3.23577400000000
3.22698810000000
3.23094610000000
3.23969600000000
3.24249600000000
3.24446800000000
3.26264000000000
3.25547600000000
3.26302790000000
3.26585790000000
3.26568100000000
3.27619100000000
3.28219700000000
3.27944210000000
3.28243490000000
3.28181600000000
3.29218410000000
3.30239610000000
3.30361290000000
3.30069710000000
3.30667400000000
3.31615900000000
3.31133200000000
3.31144500000000
3.32444810000000
3.32355310000000
3.31953190000000
3.33397290000000
3.35597300000000
3.34292410000000
3.33389810000000
3.33784890000000
3.32237100000000
3.35058810000000
3.34289600000000
3.34042410000000
3.34036110000000
3.31443500000000
3.32026600000000
3.31280210000000
3.30316400000000
3.32543300000000
3.29287790000000
3.29533100000000
3.28257800000000
3.28266690000000
3.31514410000000
3.30713800000000
3.30419300000000
3.30667810000000
3.29208210000000
3.31540490000000
3.32249400000000
3.33157400000000
3.34393600000000
3.35111400000000
3.37573600000000
3.37750910000000
3.38411900000000
3.39034100000000
3.39500000000000
3.40947290000000
3.40734100000000
3.41625500000000
3.44303610000000
3.43989900000000
3.43112490000000
3.44823500000000
3.44925500000000
3.44772600000000
3.45392200000000
3.45101690000000
3.46263600000000
3.45050310000000
3.47287300000000
3.46656200000000
3.45591690000000
3.45592090000000
3.46281790000000
3.47388790000000
3.47421690000000
3.45441790000000
3.47468300000000
3.45603990000000
3.44757100000000
3.48685600000000
3.47027400000000
3.48975210000000
3.45863200000000
3.48331590000000
3.49107500000000
3.48906110000000
3.48257490000000
3.49991490000000
3.49555710000000
3.49295210000000
3.49284910000000
3.49148510000000
3.50722290000000
3.54404400000000
3.53133610000000
3.53562310000000
3.50800800000000
3.52012900000000
3.53133110000000
3.54571200000000
3.54907390000000
3.51673890000000
3.52490090000000
3.53405590000000
3.55921890000000
3.55482010000000
3.56617810000000
3.56241800000000
3.56914000000000
3.57265810000000
3.55852600000000
3.54450390000000
3.56423900000000
3.56245090000000
3.56387310000000
3.54509900000000
3.53197910000000
3.53190900000000
3.51500510000000
3.54628990000000
3.53512500000000
3.50843600000000
3.48795510000000
3.48983600000000
3.48380800000000
3.49166390000000
3.49034600000000
3.44334600000000
3.47435500000000
3.43421410000000
3.42451310000000
3.43991710000000
3.41144300000000
3.41530700000000
3.39288710000000
3.39182000000000
3.38448690000000
3.39845490000000
3.35685610000000
3.34192490000000
3.32842210000000
3.30518200000000
3.27903700000000
3.26238990000000
3.25602700000000
3.24539490000000
3.24341800000000
3.25935200000000
3.27449890000000
3.29949400000000
3.28162290000000
3.30368090000000
3.29038500000000
3.29988410000000
3.28672290000000
3.29851890000000
3.30262800000000
3.29141590000000
3.31130600000000
3.30974200000000
3.33538390000000
3.33059000000000
3.34506800000000
3.34015200000000
3.35796190000000
3.36656900000000
3.37606000000000
3.38014290000000
3.36377190000000
3.39809800000000
3.39476110000000
3.39214900000000
3.42147710000000
3.44238900000000
3.43794490000000
3.49319600000000
3.48194190000000
3.52513910000000
3.54007600000000
3.57068200000000
3.60790400000000
3.63593010000000
3.68706700000000
3.68154310000000
3.72710390000000
3.75490310000000
3.75322010000000
3.78589510000000
3.84101890000000
3.81015300000000
3.80709510000000
3.75015810000000
3.85800190000000
3.87291600000000
3.80518600000000
3.83774590000000
3.80197000000000
3.88740210000000
3.78075100000000
3.75821300000000
3.77592900000000
3.78405900000000
3.78245310000000
3.72584100000000
3.79171110000000
3.78791400000000
3.77230500000000
3.76102810000000
3.72646810000000
3.75231100000000
3.76770000000000
3.74299000000000
3.73700690000000
3.76362990000000
3.76724410000000
3.71988300000000
3.72172090000000
3.71573810000000
3.72278810000000
3.74766110000000
3.72480700000000
3.74999500000000
3.67499300000000
3.70292400000000
3.69777200000000
3.71777890000000
3.71352290000000
3.65257000000000
3.66165400000000
3.71565100000000
3.68679310000000
3.69594000000000
3.70073290000000
3.74833700000000
3.68631290000000
3.67920490000000
3.76800990000000
3.72569800000000
3.71641400000000
3.67588710000000
3.72317100000000
3.70247200000000
3.68248200000000
3.73998810000000
3.72356800000000
3.69754200000000
3.73911810000000
3.75351190000000
3.70511700000000
3.73319890000000
3.70337700000000
3.68502590000000
3.75816800000000
3.70048900000000
3.66749600000000
3.66459890000000
3.64378400000000
3.68437100000000
3.64822700000000
3.70868800000000
3.67587800000000
3.70728210000000
3.68465500000000
3.71647100000000
3.69645090000000
3.63730100000000
3.65457700000000
3.69259190000000
3.68852900000000
3.65304300000000
3.69097500000000
3.62643790000000
3.61854600000000
3.59542800000000
3.60173300000000
3.58951500000000
3.59650490000000
3.56882690000000
3.55936500000000
3.54359600000000
3.55405000000000
3.55579210000000
3.53950000000000
3.50884390000000
3.48579600000000
3.49653600000000
3.47850890000000
3.51542900000000
3.51576810000000
3.52922700000000
3.46498490000000
3.45995690000000
3.46812510000000
3.44763300000000
3.48477200000000
3.47040800000000
3.44567300000000
3.44759200000000
3.47492190000000
3.44124100000000
3.42088390000000
3.43526410000000
3.44337510000000
3.40833090000000
3.43346910000000
3.43262910000000
3.38369890000000
3.40295700000000
3.41497590000000
3.39993810000000
3.38678910000000
3.38262510000000
3.40491390000000
3.39177200000000
3.37228800000000
3.37446000000000
3.34199400000000
3.35892110000000
3.37230400000000
3.33766100000000
3.32535600000000
3.36123800000000
3.32270000000000
3.31883790000000
3.34152200000000
3.35473110000000
3.32469890000000
3.33826900000000
3.33206010000000
3.33633590000000
3.35698700000000
3.34800910000000
3.36804800000000
3.34477710000000
3.37671090000000
3.35973100000000
3.40144490000000
3.37616800000000
3.37486200000000
3.36583710000000
3.37311600000000
3.36611390000000
3.34487010000000
3.38503910000000
3.40684390000000
3.37000610000000
3.36748910000000
3.36511300000000
3.38326100000000
3.37714100000000
3.38540910000000
3.36264300000000
3.37385110000000
3.36725000000000
3.37174110000000
3.33708600000000
3.36601710000000
3.39587500000000
3.42292310000000
3.42907310000000
3.43791100000000
3.42849900000000
3.42509790000000
3.44171690000000
3.41027400000000
3.44194700000000
3.40995910000000
3.41637990000000
3.47661590000000
3.40887400000000
3.43720890000000
3.48297600000000
3.49893190000000
3.47713990000000
3.46942900000000
3.50044610000000
3.49446390000000
3.50261500000000
3.51050710000000
3.54313900000000
3.52535390000000
3.61795590000000
3.56655100000000
3.56310300000000
3.54599000000000
3.56140710000000
3.57679510000000
3.56310010000000
3.54542590000000
3.59786390000000
3.58214090000000
3.54833790000000
3.53324010000000
3.60442710000000
3.58418300000000
3.66509100000000
3.65912010000000
3.57533190000000
3.69331290000000
3.63675400000000
3.61879800000000
3.59068700000000
3.57072900000000
3.62729310000000
3.58388900000000
3.62185500000000
3.61710000000000
3.58679700000000
3.59709190000000
3.63093590000000
3.67097090000000