spectre
GradoAlcoholico	11.6300001000000
skip
1.00196000000000
1.05240200000000
1.08615900000000
1.12032700000000
1.15553700000000
1.18108700000000
1.22067590000000
1.24252700000000
1.26927500000000
1.29787100000000
1.31225400000000
1.33731400000000
1.35607190000000
1.36823110000000
1.38763000000000
1.40375490000000
1.41408100000000
1.42368810000000
1.43034900000000
1.44123010000000
1.44883200000000
1.44855110000000
1.45507000000000
1.45734300000000
1.45536900000000
1.45756700000000
1.45680300000000
1.45175100000000
1.45012900000000
1.44341000000000
1.43753800000000
1.43138690000000
1.42158700000000
1.41354410000000
1.40443300000000
1.39148000000000
1.37923200000000
1.36533300000000
1.35344000000000
1.33544300000000
1.32482190000000
1.31255600000000
1.29787500000000
1.28285100000000
1.26525000000000
1.25360300000000
1.23533400000000
1.21662800000000
1.19956100000000
1.18321200000000
1.16449000000000
1.14437500000000
1.12591900000000
1.10745200000000
1.09309100000000
1.06987600000000
1.05107400000000
1.02829900000000
1.00792400000000
0.989370000000000
0.967716000000000
0.947751000000000
0.931018000000000
0.913188000000000
0.895604000000000
0.879712000000000
0.863843000000000
0.848094000000000
0.833003000000000
0.817025000000000
0.803945000000000
0.789050000000000
0.773366000000000
0.759188000000000
0.746695000000000
0.731022000000000
0.716629000000000
0.703135000000000
0.688977000000000
0.675987000000000
0.660952000000000
0.647386000000000
0.633627000000000
0.620730000000000
0.607735000000000
0.595673000000000
0.583173000000000
0.569760000000000
0.557683000000000
0.545878000000000
0.533622000000000
0.522635000000000
0.511338000000000
0.500073000000000
0.490051000000000
0.479145000000000
0.469932000000000
0.459721000000000
0.449564000000000
0.440737000000000
0.431744000000000
0.422204000000000
0.414733000000000
0.406448000000000
0.398211000000000
0.390788000000000
0.382835000000000
0.375229000000000
0.368698000000000
0.360763000000000
0.354435000000000
0.347644000000000
0.340880000000000
0.334355000000000
0.328691000000000
0.322279000000000
0.316636000000000
0.310838000000000
0.305175000000000
0.299766000000000
0.294669000000000
0.289242000000000
0.284381000000000
0.279412000000000
0.274497000000000
0.270178000000000
0.265577000000000
0.261070000000000
0.256924000000000
0.252613000000000
0.248646000000000
0.244691000000000
0.240533000000000
0.236792000000000
0.233008000000000
0.229087000000000
0.225666000000000
0.222037000000000
0.218492000000000
0.215264000000000
0.211782000000000
0.208435000000000
0.205335000000000
0.202032000000000
0.198903000000000
0.195834000000000
0.192484000000000
0.189291000000000
0.186288000000000
0.183148000000000
0.180357000000000
0.177739000000000
0.175272000000000
0.173281000000000
0.171417000000000
0.169704000000000
0.168457000000000
0.167367000000000
0.166582000000000
0.165997000000000
0.165732000000000
0.165575000000000
0.165557000000000
0.165406000000000
0.165266000000000
0.164913000000000
0.164540000000000
0.164101000000000
0.163446000000000
0.162708000000000
0.161618000000000
0.159892000000000
0.157908000000000
0.156502000000000
0.155172000000000
0.153772000000000
0.152392000000000
0.150898000000000
0.149499000000000
0.148127000000000
0.146568000000000
0.145071000000000
0.143547000000000
0.141905000000000
0.140381000000000
0.138807000000000
0.137170000000000
0.135632000000000
0.133982000000000
0.132354000000000
0.130823000000000
0.129151000000000
0.127587000000000
0.126148000000000
0.124544000000000
0.123099000000000
0.121703000000000
0.120265000000000
0.118983000000000
0.117752000000000
0.116554000000000
0.115535000000000
0.114560000000000
0.113663000000000
0.112969000000000
0.112336000000000
0.111941000000000
0.111709000000000
0.111731000000000
0.112008000000000
0.112476000000000
0.113317000000000
0.114268000000000
0.115397000000000
0.116717000000000
0.117921000000000
0.119212000000000
0.120352000000000
0.121286000000000
0.122112000000000
0.122684000000000
0.123105000000000
0.123426000000000
0.123672000000000
0.123894000000000
0.124068000000000
0.124271000000000
0.124466000000000
0.124748000000000
0.125014000000000
0.125330000000000
0.125710000000000
0.126137000000000
0.126658000000000
0.127259000000000
0.127926000000000
0.128759000000000
0.129635000000000
0.130615000000000
0.131747000000000
0.132895000000000
0.134176000000000
0.135569000000000
0.136937000000000
0.138480000000000
0.140061000000000
0.141637000000000
0.143417000000000
0.145167000000000
0.146880000000000
0.148771000000000
0.150542000000000
0.152355000000000
0.154368000000000
0.156367000000000
0.158806000000000
0.161691000000000
0.165005000000000
0.169248000000000
0.174423000000000
0.180125000000000
0.187582000000000
0.195694000000000
0.204740000000000
0.215820000000000
0.227217000000000
0.240212000000000
0.255055000000000
0.270172000000000
0.287798000000000
0.307422000000000
0.327813000000000
0.352471000000000
0.378567000000000
0.405674000000000
0.437441000000000
0.467708000000000
0.497593000000000
0.527509000000000
0.552061000000000
0.573878000000000
0.591775000000000
0.604367000000000
0.614742000000000
0.621807000000000
0.626735000000000
0.630155000000000
0.631955000000000
0.632279000000000
0.631124000000000
0.628694000000000
0.624747000000000
0.619381000000000
0.613211000000000
0.605520000000000
0.596914000000000
0.588007000000000
0.577398000000000
0.566746000000000
0.555693000000000
0.543284000000000
0.531370000000000
0.518720000000000
0.505244000000000
0.492593000000000
0.478815000000000
0.465075000000000
0.451982000000000
0.437703000000000
0.424229000000000
0.411184000000000
0.397307000000000
0.384744000000000
0.372235000000000
0.359590000000000
0.348392000000000
0.336905000000000
0.326076000000000
0.316349000000000
0.306335000000000
0.297400000000000
0.289190000000000
0.280947000000000
0.273838000000000
0.267158000000000
0.260791000000000
0.255502000000000
0.250423000000000
0.246013000000000
0.242399000000000
0.239096000000000
0.236448000000000
0.234360000000000
0.232718000000000
0.231674000000000
0.231270000000000
0.231379000000000
0.232006000000000
0.233258000000000
0.235022000000000
0.237195000000000
0.240129000000000
0.243422000000000
0.247261000000000
0.251818000000000
0.256466000000000
0.261904000000000
0.267709000000000
0.273456000000000
0.279986000000000
0.240580000000000
0.246510000000000
0.252947000000000
0.259494000000000
0.265961000000000
0.273375000000000
0.280983000000000
0.289300000000000
0.299477000000000
0.310555000000000
0.324433000000000
0.341558000000000
0.361485000000000
0.387171000000000
0.418312000000000
0.453502000000000
0.499615000000000
0.549071000000000
0.605925000000000
0.671896000000000
0.738229000000000
0.811866000000000
0.887334000000000
0.959423000000000
1.03688900000000
1.10760000000000
1.17091500000000
1.22895800000000
1.27471490000000
1.31320500000000
1.34648300000000
1.37158410000000
1.39469190000000
1.41342790000000
1.42961600000000
1.44544300000000
1.45995200000000
1.47381900000000
1.48814590000000
1.50062100000000
1.51245900000000
1.52265700000000
1.53073700000000
1.53743100000000
1.54195700000000
1.54524900000000
1.54730700000000
1.54824810000000
1.54781900000000
1.54553200000000
1.54229400000000
1.53749000000000
1.53136400000000
1.52444990000000
1.51638900000000
1.50860100000000
1.49944310000000
1.49020800000000
1.48118700000000
1.47142990000000
1.46197400000000
1.45262500000000
1.44261100000000
1.43335100000000
1.42363000000000
1.41381600000000
1.40477900000000
1.39518400000000
1.38582400000000
1.37696100000000
1.36743700000000
1.35892500000000
1.35039500000000
1.34175600000000
1.33439600000000
1.32686810000000
1.32030300000000
1.31445400000000
1.30913200000000
1.30486800000000
1.30165100000000
1.29928800000000
1.29835800000000
1.29856800000000
1.30040300000000
1.30343200000000
1.30848710000000
1.31479800000000
1.32312300000000
1.33357000000000
1.34538810000000
1.35960100000000
1.37646700000000
1.39416000000000
1.41593100000000
1.43888200000000
1.46419000000000
1.49348600000000
1.52350200000000
1.55791290000000
1.59533800000000
1.63316910000000
1.67863800000000
1.72349700000000
1.77289300000000
1.82838900000000
1.88259100000000
1.94461800000000
2.00811200000000
2.07079510000000
2.14272400000000
2.21159290000000
2.28334900000000
2.35684800000000
2.42509700000000
2.49644400000000
2.56342290000000
2.62314110000000
2.68257590000000
2.73392390000000
2.77581310000000
2.82352090000000
2.85467510000000
2.88305500000000
2.91511010000000
2.93091010000000
2.95649190000000
2.96928000000000
2.98977710000000
3.00256400000000
3.02531100000000
3.03466390000000
3.05345700000000
3.06678300000000
3.07692290000000
3.09438400000000
3.09622690000000
3.11170600000000
3.11983200000000
3.12564990000000
3.13149910000000
3.14020400000000
3.15754510000000
3.15649510000000
3.16575790000000
3.17122890000000
3.18618110000000
3.17608000000000
3.18447590000000
3.18364600000000
3.20111490000000
3.20527510000000
3.20340300000000
3.21104500000000
3.20253210000000
3.21235800000000
3.21565200000000
3.22001910000000
3.23088790000000
3.22385600000000
3.23217010000000
3.24673800000000
3.23848890000000
3.25014090000000
3.24601410000000
3.25312090000000
3.25753900000000
3.26140400000000
3.26835800000000
3.27023510000000
3.26789400000000
3.28392000000000
3.28691600000000
3.28739690000000
3.28475000000000
3.29612210000000
3.29668900000000
3.29541400000000
3.31051610000000
3.30940100000000
3.30730010000000
3.31160310000000
3.32996890000000
3.32691000000000
3.31498910000000
3.34068700000000
3.33678390000000
3.33035490000000
3.33524200000000
3.34740000000000
3.34125900000000
3.35749510000000
3.33710690000000
3.33493400000000
3.33948800000000
3.33456900000000
3.31981110000000
3.33025910000000
3.33066610000000
3.29642890000000
3.31217190000000
3.29448200000000
3.30280400000000
3.29340290000000
3.29014400000000
3.30421090000000
3.29152390000000
3.29885100000000
3.30307510000000
3.31062510000000
3.31578110000000
3.34993510000000
3.34101100000000
3.32892890000000
3.33235790000000
3.36713600000000
3.37700100000000
3.38325000000000
3.41650010000000
3.40582990000000
3.40475200000000
3.41362090000000
3.42807100000000
3.43485190000000
3.44691900000000
3.42819000000000
3.45141200000000
3.42873690000000
3.47352500000000
3.43336610000000
3.44951800000000
3.43987610000000
3.43724390000000
3.45325990000000
3.46182890000000
3.46683000000000
3.46908500000000
3.46437310000000
3.46386100000000
3.45276810000000
3.47892590000000
3.46377610000000
3.47030090000000
3.46629910000000
3.46726700000000
3.46959810000000
3.47991200000000
3.45997100000000
3.49010110000000
3.46908690000000
3.47901510000000
3.48892690000000
3.48336410000000
3.46940400000000
3.50209400000000
3.48976710000000
3.49059610000000
3.49865600000000
3.51440690000000
3.51350190000000
3.51235510000000
3.51002690000000
3.50702100000000
3.54875490000000
3.52098990000000
3.53557710000000
3.51846600000000
3.54019190000000
3.54271510000000
3.55197690000000
3.54044290000000
3.55630590000000
3.55080200000000
3.54002310000000
3.54189800000000
3.55786200000000
3.55675700000000
3.55198410000000
3.57225490000000
3.55830410000000
3.52734990000000
3.56475310000000
3.53802700000000
3.52646590000000
3.52533100000000
3.52525500000000
3.52191400000000
3.51396490000000
3.50766800000000
3.50447610000000
3.47558090000000
3.47032810000000
3.48312310000000
3.44229010000000
3.44913510000000
3.42530390000000
3.43991490000000
3.40487790000000
3.38914200000000
3.38841610000000
3.38341000000000
3.37759900000000
3.37682510000000
3.35818000000000
3.35995290000000
3.32851290000000
3.31354590000000
3.28268690000000
3.25753000000000
3.23805310000000
3.23229600000000
3.25650190000000
3.25999590000000
3.26632090000000
3.29174210000000
3.27622200000000
3.30022910000000
3.28924700000000
3.29086800000000
3.30404310000000
3.29416990000000
3.28878900000000
3.30592490000000
3.29936910000000
3.32510500000000
3.33239200000000
3.32886700000000
3.31858110000000
3.35378000000000
3.34541200000000
3.36499810000000
3.35510300000000
3.37458990000000
3.36026410000000
3.39756700000000
3.39967390000000
3.41588590000000
3.42684890000000
3.45217800000000
3.44339200000000
3.48111700000000
3.49306700000000
3.51009990000000
3.54122710000000
3.54909490000000
3.61373900000000
3.65820290000000
3.70192000000000
3.75380110000000
3.73951510000000
3.77499600000000
3.79860500000000
3.85606190000000
3.79170390000000
3.80840990000000
3.81420300000000
3.79690190000000
3.79361200000000
3.73076800000000
3.86764790000000
3.80473490000000
3.78484890000000
3.80084400000000
3.76205300000000
3.77325610000000
3.70181490000000
3.74023100000000
3.78591700000000
3.75195290000000
3.75238300000000
3.71040200000000
3.73334190000000
3.76478600000000
3.73802900000000
3.71257590000000
3.70730300000000
3.71369500000000
3.81129000000000
3.72476600000000
3.73846410000000
3.73757000000000
3.69279910000000
3.74356700000000
3.72754500000000
3.68807100000000
3.69685410000000
3.69109890000000
3.70409490000000
3.72135500000000
3.71954010000000
3.70396090000000
3.71386790000000
3.68748310000000
3.71279690000000
3.69286300000000
3.70633200000000
3.65784910000000
3.67358590000000
3.71418310000000
3.66960100000000
3.66206910000000
3.67743710000000
3.72439100000000
3.72743700000000
3.70993900000000
3.67535210000000
3.67787500000000
3.69155600000000
3.68242100000000
3.70858100000000
3.72963810000000
3.68202710000000
3.74472690000000
3.67194700000000
3.70201990000000
3.65694090000000
3.71725200000000
3.68682910000000
3.72223590000000
3.69467500000000
3.66035600000000
3.74221900000000
3.73076890000000
3.67403100000000
3.64396100000000
3.65260510000000
3.64688800000000
3.69630000000000
3.70935110000000
3.65585710000000
3.70183110000000
3.67108610000000
3.69264890000000
3.65977190000000
3.67785000000000
3.61480400000000
3.60999890000000
3.62404110000000
3.58634210000000
3.60226700000000
3.58822610000000
3.56006190000000
3.57295700000000
3.56079200000000
3.57027510000000
3.53810690000000
3.50335500000000
3.53945710000000
3.50757190000000
3.50057010000000
3.53417110000000
3.51543690000000
3.51184700000000
3.45604110000000
3.49047490000000
3.49510910000000
3.47777610000000
3.47501400000000
3.43150500000000
3.46055010000000
3.44886590000000
3.46568990000000
3.46399000000000
3.41675900000000
3.44121910000000
3.42980690000000
3.41041300000000
3.43082590000000
3.39953490000000
3.40154100000000
3.42138100000000
3.39986300000000
3.39511300000000
3.40061810000000
3.38951710000000
3.36053610000000
3.38571810000000
3.38612010000000
3.37953590000000
3.37885900000000
3.37271600000000
3.35912300000000
3.33830600000000
3.34808300000000
3.34795310000000
3.33761190000000
3.32933900000000
3.34320090000000
3.32572200000000
3.33609890000000
3.35485010000000
3.33436110000000
3.32380890000000
3.37807890000000
3.33007410000000
3.34688090000000
3.33580490000000
3.33712510000000
3.33746910000000
3.33898310000000
3.36151410000000
3.33792590000000
3.33293600000000
3.36224700000000
3.34075500000000
3.38287090000000
3.39223690000000
3.35374090000000
3.34052800000000
3.37579200000000
3.34772900000000
3.37703610000000
3.38646510000000
3.36564590000000
3.39590690000000
3.36983390000000
3.37093810000000
3.38729100000000
3.35019300000000
3.38047790000000
3.39028410000000
3.37399790000000
3.37978290000000
3.39865900000000
3.38477800000000
3.39662690000000
3.36325100000000
3.39642100000000
3.42190100000000
3.40406110000000
3.41794610000000
3.38797400000000
3.43473410000000
3.40243600000000
3.41615700000000
3.46376110000000
3.46473690000000
3.48424510000000
3.47012710000000
3.46137000000000
3.47248600000000
3.51291110000000
3.50336600000000
3.50899600000000
3.49940710000000
3.50959610000000
3.54110000000000
3.50742100000000
3.57409500000000
3.52672790000000
3.54695010000000
3.50910310000000
3.52389500000000
3.57772900000000
3.50889300000000
3.60946890000000
3.64130900000000
3.61845400000000
3.54734210000000
3.55392600000000
3.54404210000000
3.64172410000000
3.64233800000000
3.54440310000000
3.56076000000000
3.59332990000000
3.51594710000000
3.53683090000000
3.59073090000000
3.57445600000000
3.58736300000000
3.62602500000000
3.55146410000000
3.61587100000000
3.68755390000000
3.61141710000000