spectre
GradoAlcoholico	11.6599998000000
skip
0.763956000000000
0.787011000000000
0.803799000000000
0.821167000000000
0.829394000000000
0.830861000000000
0.837195000000000
0.835784000000000
0.831677000000000
0.824967000000000
0.818418000000000
0.810570000000000
0.799053000000000
0.789129000000000
0.778576000000000
0.766574000000000
0.754863000000000
0.742189000000000
0.727867000000000
0.717176000000000
0.702003000000000
0.688755000000000
0.675942000000000
0.663588000000000
0.650024000000000
0.637423000000000
0.623709000000000
0.611092000000000
0.598993000000000
0.585698000000000
0.573647000000000
0.561265000000000
0.548971000000000
0.538325000000000
0.526479000000000
0.514305000000000
0.502554000000000
0.491489000000000
0.479652000000000
0.468314000000000
0.457278000000000
0.446176000000000
0.435670000000000
0.424259000000000
0.413279000000000
0.403644000000000
0.392651000000000
0.382194000000000
0.372283000000000
0.362380000000000
0.352435000000000
0.343268000000000
0.334165000000000
0.325231000000000
0.316677000000000
0.308180000000000
0.300399000000000
0.292031000000000
0.283430000000000
0.276010000000000
0.267706000000000
0.260000000000000
0.253124000000000
0.245703000000000
0.238848000000000
0.232861000000000
0.226397000000000
0.220706000000000
0.215599000000000
0.209972000000000
0.205494000000000
0.201578000000000
0.196309000000000
0.192318000000000
0.188502000000000
0.184389000000000
0.180583000000000
0.177063000000000
0.172993000000000
0.169691000000000
0.166144000000000
0.162772000000000
0.159773000000000
0.156442000000000
0.152912000000000
0.150401000000000
0.147250000000000
0.144130000000000
0.141429000000000
0.138530000000000
0.135795000000000
0.133140000000000
0.130481000000000
0.127913000000000
0.125421000000000
0.123134000000000
0.120759000000000
0.118348000000000
0.115924000000000
0.113794000000000
0.111834000000000
0.109495000000000
0.107782000000000
0.105513000000000
0.103383000000000
0.101692000000000
0.0996859970000000
0.0976680000000000
0.0960410010000000
0.0941250030000000
0.0925820020000000
0.0909589980000000
0.0892260000000000
0.0877560000000000
0.0862860010000000
0.0846050010000000
0.0833470000000000
0.0817539990000000
0.0803510030000000
0.0791010040000000
0.0777779970000000
0.0764070000000000
0.0751850010000000
0.0740209970000000
0.0727529970000000
0.0717090000000000
0.0706460030000000
0.0696119960000000
0.0686749960000000
0.0676129980000000
0.0667589980000000
0.0658679980000000
0.0650499980000000
0.0642739980000000
0.0634780000000000
0.0626920010000000
0.0619730020000000
0.0613569990000000
0.0607260020000000
0.0600350010000000
0.0594620000000000
0.0587490010000000
0.0582370010000000
0.0576580020000000
0.0570340010000000
0.0564180020000000
0.0556420010000000
0.0549339990000000
0.0542420000000000
0.0536840000000000
0.0532529990000000
0.0529749990000000
0.0529109980000000
0.0530529990000000
0.0533510000000000
0.0538659990000000
0.0545030010000000
0.0553870010000000
0.0564950000000000
0.0577289980000000
0.0592079980000000
0.0607809980000000
0.0623040010000000
0.0639349970000000
0.0653019990000000
0.0664810020000000
0.0676139970000000
0.0684259980000000
0.0690089990000000
0.0694179980000000
0.0695739980000000
0.0694530010000000
0.0695549990000000
0.0698029990000000
0.0697769970000000
0.0695250030000000
0.0692540030000000
0.0690089990000000
0.0687839980000000
0.0685589980000000
0.0681670010000000
0.0677869990000000
0.0673730000000000
0.0668689980000000
0.0663639980000000
0.0658230040000000
0.0652180020000000
0.0646440010000000
0.0639950040000000
0.0633480030000000
0.0627129970000000
0.0620089990000000
0.0613300020000000
0.0606720000000000
0.0600089990000000
0.0593850020000000
0.0587680000000000
0.0581929980000000
0.0576700010000000
0.0572160000000000
0.0567950010000000
0.0564889980000000
0.0562609990000000
0.0561000000000000
0.0560700000000000
0.0561630020000000
0.0564079990000000
0.0568149980000000
0.0575070010000000
0.0583829990000000
0.0594669990000000
0.0609049980000000
0.0624400000000000
0.0641560030000000
0.0660689990000000
0.0678140000000000
0.0696490030000000
0.0713730010000000
0.0728269960000000
0.0742169990000000
0.0752879980000000
0.0761850030000000
0.0770160030000000
0.0777140040000000
0.0783910010000000
0.0790150020000000
0.0796189980000000
0.0802749990000000
0.0809779990000000
0.0816430000000000
0.0823850040000000
0.0831680000000000
0.0839639980000000
0.0849239980000000
0.0859100000000000
0.0869320030000000
0.0881500020000000
0.0893900020000000
0.0907090010000000
0.0922169980000000
0.0936900000000000
0.0952899980000000
0.0970309970000000
0.0986889970000000
0.100556000000000
0.102470000000000
0.104342000000000
0.106440000000000
0.108493000000000
0.110500000000000
0.112723000000000
0.114785000000000
0.116865000000000
0.119169000000000
0.121523000000000
0.124199000000000
0.127403000000000
0.130941000000000
0.135418000000000
0.140835000000000
0.146775000000000
0.154477000000000
0.162848000000000
0.172157000000000
0.183535000000000
0.195181000000000
0.208410000000000
0.223482000000000
0.238751000000000
0.256636000000000
0.276436000000000
0.297033000000000
0.321840000000000
0.348221000000000
0.375514000000000
0.407460000000000
0.437956000000000
0.468087000000000
0.498262000000000
0.523050000000000
0.545066000000000
0.563187000000000
0.575975000000000
0.586515000000000
0.593709000000000
0.598767000000000
0.602312000000000
0.604235000000000
0.604644000000000
0.603591000000000
0.601266000000000
0.597371000000000
0.592127000000000
0.585989000000000
0.578384000000000
0.569838000000000
0.561025000000000
0.550515000000000
0.539926000000000
0.528952000000000
0.516619000000000
0.504773000000000
0.492195000000000
0.478794000000000
0.466203000000000
0.452493000000000
0.438835000000000
0.425813000000000
0.411610000000000
0.398215000000000
0.385232000000000
0.371490000000000
0.358965000000000
0.346556000000000
0.333971000000000
0.322887000000000
0.311484000000000
0.300756000000000
0.291099000000000
0.281190000000000
0.272347000000000
0.264211000000000
0.256073000000000
0.249065000000000
0.242469000000000
0.236178000000000
0.231035000000000
0.226042000000000
0.221763000000000
0.218225000000000
0.215032000000000
0.212474000000000
0.210473000000000
0.208954000000000
0.208055000000000
0.207658000000000
0.207908000000000
0.208622000000000
0.209985000000000
0.211819000000000
0.214095000000000
0.217180000000000
0.220536000000000
0.224504000000000
0.229144000000000
0.233917000000000
0.239294000000000
0.245295000000000
0.251098000000000
0.257677000000000
0.252664000000000
0.258630000000000
0.265126000000000
0.271743000000000
0.278263000000000
0.285733000000000
0.293409000000000
0.301751000000000
0.312001000000000
0.323087000000000
0.336995000000000
0.354135000000000
0.374046000000000
0.399817000000000
0.430884000000000
0.466086000000000
0.512140000000000
0.561695000000000
0.618517000000000
0.684519000000000
0.750886000000000
0.824504000000000
0.900138000000000
0.972405000000000
1.04998700000000
1.12108100000000
1.18470500000000
1.24298000000000
1.28894500000000
1.32777500000000
1.36123100000000
1.38661690000000
1.40984700000000
1.42861200000000
1.44476400000000
1.46098400000000
1.47507000000000
1.48927400000000
1.50352900000000
1.51593490000000
1.52789800000000
1.53807200000000
1.54607800000000
1.55272400000000
1.55744600000000
1.56057410000000
1.56271990000000
1.56354200000000
1.56300000000000
1.56083200000000
1.55768500000000
1.55258100000000
1.54673100000000
1.53981100000000
1.53167200000000
1.52362900000000
1.51473000000000
1.50541310000000
1.49649300000000
1.48655800000000
1.47707000000000
1.46791010000000
1.45776300000000
1.44837300000000
1.43891000000000
1.42900800000000
1.41984300000000
1.41014300000000
1.40087400000000
1.39208900000000
1.38252100000000
1.37385200000000
1.36550700000000
1.35693900000000
1.34948900000000
1.34198900000000
1.33536400000000
1.32970090000000
1.32430300000000
1.31992810000000
1.31677900000000
1.31451700000000
1.31349300000000
1.31380400000000
1.31549700000000
1.31859600000000
1.32369490000000
1.33002810000000
1.33826990000000
1.34885800000000
1.36064000000000
1.37517200000000
1.39178300000000
1.40917690000000
1.43134110000000
1.45422800000000
1.47963200000000
1.50903800000000
1.53877790000000
1.57337300000000
1.61053710000000
1.64825800000000
1.69383200000000
1.73897800000000
1.78823800000000
1.84326900000000
1.89771500000000
1.95929900000000
2.02263500000000
2.08601690000000
2.15791010000000
2.22685910000000
2.29855800000000
2.37161300000000
2.44042610000000
2.51092600000000
2.57680200000000
2.63791110000000
2.69534800000000
2.74707890000000
2.79299900000000
2.83238290000000
2.86812310000000
2.89879890000000
2.92753200000000
2.94942900000000
2.96792100000000
2.98638800000000
3.00651190000000
3.02528100000000
3.03707410000000
3.04843590000000
3.06576300000000
3.07000800000000
3.08728190000000
3.10293600000000
3.11792990000000
3.12299300000000
3.13405110000000
3.14215400000000
3.14630200000000
3.15735790000000
3.16488290000000
3.16720510000000
3.18055300000000
3.18650890000000
3.18360090000000
3.19248510000000
3.20395210000000
3.20765810000000
3.20475200000000
3.21333190000000
3.21204590000000
3.22706390000000
3.21909900000000
3.22140500000000
3.23079200000000
3.22297100000000
3.23953200000000
3.23794700000000
3.24809190000000
3.25039100000000
3.25856590000000
3.25881000000000
3.26464610000000
3.27100900000000
3.27383400000000
3.27227900000000
3.28266810000000
3.28868700000000
3.27093790000000
3.28904800000000
3.29153300000000
3.29484390000000
3.29983090000000
3.30197310000000
3.31057410000000
3.31844210000000
3.31214310000000
3.31192090000000
3.32250600000000
3.33870200000000
3.32983400000000
3.33224390000000
3.33065700000000
3.35317110000000
3.33612990000000
3.34014390000000
3.35926510000000
3.35372210000000
3.35337000000000
3.36653090000000
3.36437010000000
3.34519600000000
3.35312510000000
3.33748010000000
3.33415200000000
3.33058190000000
3.33088400000000
3.31711100000000
3.32108400000000
3.31801700000000
3.31767510000000
3.31103610000000
3.31324600000000
3.31125000000000
3.30682490000000
3.31364110000000
3.32593890000000
3.31919000000000
3.32745790000000
3.34822610000000
3.35255000000000
3.36227990000000
3.35846900000000
3.37767910000000
3.38499900000000
3.37345100000000
3.40780210000000
3.41536000000000
3.43030910000000
3.43634800000000
3.45465400000000
3.43046000000000
3.44221500000000
3.45297100000000
3.45368410000000
3.46234700000000
3.44160290000000
3.46668510000000
3.47693800000000
3.45367600000000
3.46022010000000
3.48947910000000
3.47551800000000
3.46666910000000
3.48513290000000
3.48908310000000
3.48644800000000
3.47648810000000
3.49227810000000
3.48555590000000
3.47349810000000
3.48002600000000
3.48976300000000
3.48647400000000
3.50486490000000
3.50317690000000
3.49113800000000
3.49502610000000
3.50430010000000
3.48937700000000
3.50662300000000
3.50541500000000
3.50328900000000
3.51376510000000
3.51237510000000
3.52739500000000
3.53241210000000
3.55431510000000
3.54195590000000
3.53393010000000
3.54286410000000
3.54689290000000
3.55962610000000
3.54357600000000
3.56621790000000
3.56857610000000
3.58105990000000
3.55824400000000
3.56182100000000
3.57405810000000
3.57678890000000
3.58462810000000
3.58117510000000
3.56502010000000
3.58220410000000
3.57279110000000
3.56371090000000
3.57169390000000
3.57083390000000
3.55190300000000
3.56021810000000
3.53322910000000
3.53858300000000
3.52565690000000
3.52778510000000
3.51724100000000
3.50376610000000
3.51811910000000
3.50572800000000
3.47604890000000
3.47553490000000
3.47684190000000
3.46385000000000
3.43144700000000
3.44353290000000
3.41950110000000
3.41427110000000
3.41291500000000
3.40244100000000
3.40350600000000
3.38645100000000
3.37717010000000
3.36734010000000
3.33108210000000
3.32618500000000
3.28927300000000
3.27639200000000
3.27147200000000
3.25476600000000
3.25953790000000
3.26959900000000
3.27171210000000
3.30051590000000
3.30661700000000
3.31118490000000
3.30767700000000
3.31446290000000
3.32357600000000
3.31419210000000
3.30744000000000
3.32013390000000
3.31831500000000
3.31900690000000
3.34013010000000
3.34648300000000
3.34457710000000
3.36143800000000
3.37517500000000
3.38487010000000
3.38647790000000
3.39171500000000
3.39881400000000
3.41741490000000
3.41355300000000
3.40827110000000
3.43264700000000
3.46627210000000
3.46627810000000
3.48198700000000
3.50605890000000
3.54736210000000
3.56221390000000
3.60306500000000
3.61128590000000
3.67849990000000
3.69323900000000
3.75330210000000
3.72774410000000
3.82849600000000
3.80783510000000
3.78378890000000
3.81873010000000
3.80272200000000
3.84579400000000
3.78247810000000
3.86464100000000
3.82293200000000
3.86268090000000
3.81547310000000
3.77990290000000
3.79165100000000
3.81142210000000
3.77189800000000
3.78313490000000
3.76186490000000
3.74308300000000
3.77323700000000
3.75699400000000
3.77939800000000
3.78058600000000
3.74578090000000
3.74807500000000
3.75915790000000
3.76276300000000
3.78328900000000
3.80036710000000
3.72744200000000
3.75771090000000
3.76289200000000
3.75291710000000
3.71563410000000
3.73620890000000
3.73314090000000
3.71252610000000
3.75861310000000
3.70573400000000
3.68324090000000
3.72152090000000
3.69862010000000
3.72334100000000
3.70554400000000
3.67168000000000
3.72061200000000
3.71578910000000
3.69549800000000
3.71796200000000
3.72261310000000
3.68396310000000
3.73002700000000
3.72393890000000
3.71260500000000
3.69615600000000
3.70653890000000
3.72779610000000
3.70445110000000
3.75529290000000
3.76900790000000
3.72523090000000
3.69928190000000
3.74302790000000
3.72845790000000
3.71798710000000
3.69773510000000
3.70916890000000
3.69107010000000
3.72668290000000
3.72693610000000
3.72252800000000
3.68172600000000
3.73117900000000
3.70789410000000
3.71086410000000
3.66897510000000
3.63784600000000
3.71032500000000
3.68707390000000
3.70041490000000
3.72773600000000
3.65513610000000
3.68420000000000
3.66698000000000
3.67923500000000
3.65492110000000
3.62794400000000
3.61767600000000
3.59688590000000
3.60389800000000
3.59096410000000
3.63621090000000
3.61140800000000
3.57877300000000
3.56736490000000
3.57014700000000
3.58730100000000
3.56803800000000
3.53301190000000
3.54535100000000
3.53989010000000
3.53000690000000
3.49698710000000
3.53035210000000
3.49304700000000
3.47908900000000
3.49030490000000
3.47274900000000
3.48701600000000
3.48723510000000
3.47847890000000
3.45092010000000
3.48509500000000
3.44732190000000
3.48789910000000
3.43502900000000
3.44829700000000
3.44102310000000
3.44436410000000
3.41804910000000
3.42303200000000
3.43178200000000
3.42354800000000
3.43443490000000
3.40230800000000
3.42465090000000
3.41346500000000
3.40118790000000
3.39788700000000
3.41958810000000
3.37205700000000
3.39507290000000
3.37508890000000
3.39410400000000
3.34264300000000
3.37968990000000
3.36365700000000
3.34794810000000
3.32345800000000
3.35464190000000
3.34858390000000
3.36487600000000
3.33605410000000
3.36963390000000
3.37074900000000
3.36585210000000
3.36819010000000
3.35927510000000
3.34712290000000
3.36512400000000
3.35970310000000
3.37187910000000
3.36999510000000
3.37099410000000
3.36819410000000
3.39198800000000
3.34824110000000
3.39846110000000
3.38009310000000
3.39517090000000
3.38697500000000
3.39722200000000
3.40376310000000
3.40343500000000
3.40594790000000
3.38174390000000
3.40165310000000
3.36665390000000
3.37499590000000
3.38614390000000
3.36657690000000
3.39167810000000
3.39539410000000
3.40467190000000
3.41586090000000
3.39410400000000
3.41366910000000
3.43095400000000
3.43710490000000
3.39494490000000
3.41015600000000
3.44158700000000
3.43494890000000
3.44309900000000
3.49940400000000
3.45530200000000
3.46424790000000
3.46860100000000
3.49121810000000
3.51305700000000
3.46069000000000
3.52293610000000
3.52758100000000
3.51505590000000
3.57371400000000
3.57266310000000
3.53525090000000
3.58440710000000
3.54249500000000
3.54176000000000
3.55225710000000
3.63087390000000
3.53840400000000
3.57929900000000
3.57919000000000
3.60396600000000
3.64024090000000
3.57908800000000
3.58123300000000
3.58472990000000
3.60306690000000
3.57025410000000
3.64592290000000
3.64231800000000
3.61111400000000
3.63286500000000
3.66147490000000
3.61832310000000
3.64325590000000
3.64878800000000
3.65283110000000
3.60238100000000
3.61980010000000
3.65256190000000
3.62166190000000
3.63071490000000
3.63997600000000