spectre
GradoAlcoholico	11.4200001000000
skip
0.735422000000000
0.756954000000000
0.772065000000000
0.779151000000000
0.786256000000000
0.791484000000000
0.791791000000000
0.786121000000000
0.783167000000000
0.775676000000000
0.766611000000000
0.757940000000000
0.745947000000000
0.736367000000000
0.725793000000000
0.711212000000000
0.699845000000000
0.687050000000000
0.673680000000000
0.660593000000000
0.648644000000000
0.635561000000000
0.623074000000000
0.609464000000000
0.597488000000000
0.586200000000000
0.573061000000000
0.560170000000000
0.550121000000000
0.538120000000000
0.526632000000000
0.515983000000000
0.504434000000000
0.492948000000000
0.483420000000000
0.472087000000000
0.461105000000000
0.451627000000000
0.440581000000000
0.430706000000000
0.420807000000000
0.409921000000000
0.401103000000000
0.391290000000000
0.381109000000000
0.372649000000000
0.362765000000000
0.353039000000000
0.344156000000000
0.335066000000000
0.326420000000000
0.318635000000000
0.309859000000000
0.301517000000000
0.294241000000000
0.286543000000000
0.279585000000000
0.272047000000000
0.264646000000000
0.256906000000000
0.250336000000000
0.243353000000000
0.236566000000000
0.230637000000000
0.223931000000000
0.218433000000000
0.213002000000000
0.207247000000000
0.202758000000000
0.197645000000000
0.193624000000000
0.189508000000000
0.185152000000000
0.181604000000000
0.178238000000000
0.174539000000000
0.170923000000000
0.167240000000000
0.163799000000000
0.161035000000000
0.157713000000000
0.154495000000000
0.151569000000000
0.148725000000000
0.145265000000000
0.143105000000000
0.140192000000000
0.137379000000000
0.134713000000000
0.132212000000000
0.129445000000000
0.126942000000000
0.124507000000000
0.122376000000000
0.120084000000000
0.117746000000000
0.115704000000000
0.113472000000000
0.111087000000000
0.109028000000000
0.106984000000000
0.104675000000000
0.103227000000000
0.101031000000000
0.0991709980000000
0.0973510000000000
0.0955180000000000
0.0937229990000000
0.0920199980000000
0.0902720020000000
0.0887060020000000
0.0871480030000000
0.0855370010000000
0.0842079970000000
0.0826800020000000
0.0811050010000000
0.0798759980000000
0.0784009990000000
0.0770249960000000
0.0756840040000000
0.0743950010000000
0.0731090010000000
0.0719489980000000
0.0708730000000000
0.0695910010000000
0.0685539990000000
0.0675769970000000
0.0664839970000000
0.0656590010000000
0.0646610040000000
0.0638479960000000
0.0630030040000000
0.0621949990000000
0.0613610000000000
0.0606449990000000
0.0598660000000000
0.0592840020000000
0.0585720020000000
0.0579699990000000
0.0573300010000000
0.0566880000000000
0.0560869980000000
0.0555510000000000
0.0549470000000000
0.0543459990000000
0.0537859980000000
0.0530360010000000
0.0523299980000000
0.0517049990000000
0.0510980000000000
0.0506949980000000
0.0504399990000000
0.0503170010000000
0.0504500010000000
0.0507260000000000
0.0511999990000000
0.0518039990000000
0.0527330000000000
0.0537960010000000
0.0549860000000000
0.0565209980000000
0.0580779980000000
0.0596570000000000
0.0611980000000000
0.0625979970000000
0.0638000000000000
0.0649399980000000
0.0658029990000000
0.0664559980000000
0.0668739970000000
0.0670180020000000
0.0669180010000000
0.0669699980000000
0.0671750010000000
0.0672390010000000
0.0670059990000000
0.0667510030000000
0.0664649980000000
0.0662520010000000
0.0659770000000000
0.0656789990000000
0.0652929990000000
0.0648700000000000
0.0644000020000000
0.0638630020000000
0.0633210020000000
0.0627119990000000
0.0621660020000000
0.0615300010000000
0.0608790000000000
0.0602429990000000
0.0595470000000000
0.0588699990000000
0.0582319980000000
0.0575460010000000
0.0569170010000000
0.0563680010000000
0.0557789990000000
0.0552649980000000
0.0548189990000000
0.0544329990000000
0.0541330020000000
0.0539080020000000
0.0537370000000000
0.0536939990000000
0.0537940000000000
0.0540510010000000
0.0544359980000000
0.0551359990000000
0.0560070020000000
0.0571280010000000
0.0585599990000000
0.0601020010000000
0.0618340000000000
0.0637390020000000
0.0654850010000000
0.0673360010000000
0.0690890030000000
0.0705220030000000
0.0718720030000000
0.0729850010000000
0.0738800020000000
0.0747110020000000
0.0754349980000000
0.0760909990000000
0.0767450030000000
0.0773509960000000
0.0780249980000000
0.0787239970000000
0.0794250000000000
0.0801749970000000
0.0809729990000000
0.0817769990000000
0.0827300030000000
0.0837220030000000
0.0847489980000000
0.0859950040000000
0.0872270020000000
0.0885709970000000
0.0900650020000000
0.0915670020000000
0.0931760000000000
0.0948980000000000
0.0965979990000000
0.0984679980000000
0.100418000000000
0.102282000000000
0.104419000000000
0.106486000000000
0.108502000000000
0.110716000000000
0.112774000000000
0.114866000000000
0.117147000000000
0.119494000000000
0.122162000000000
0.125346000000000
0.128874000000000
0.133380000000000
0.138723000000000
0.144656000000000
0.152331000000000
0.160668000000000
0.169950000000000
0.181286000000000
0.192899000000000
0.206111000000000
0.221151000000000
0.236423000000000
0.254252000000000
0.274017000000000
0.294588000000000
0.319396000000000
0.345709000000000
0.373008000000000
0.404897000000000
0.435344000000000
0.465367000000000
0.495465000000000
0.520196000000000
0.542133000000000
0.560154000000000
0.572869000000000
0.583361000000000
0.590579000000000
0.595616000000000
0.599189000000000
0.601113000000000
0.601575000000000
0.600538000000000
0.598235000000000
0.594427000000000
0.589215000000000
0.583148000000000
0.575598000000000
0.567127000000000
0.558344000000000
0.547902000000000
0.537373000000000
0.526472000000000
0.514184000000000
0.502391000000000
0.489864000000000
0.476523000000000
0.463955000000000
0.450275000000000
0.436622000000000
0.423643000000000
0.409469000000000
0.396071000000000
0.383134000000000
0.369371000000000
0.356896000000000
0.344467000000000
0.331908000000000
0.320840000000000
0.309430000000000
0.298696000000000
0.289063000000000
0.279157000000000
0.270272000000000
0.262158000000000
0.254013000000000
0.247004000000000
0.240429000000000
0.234168000000000
0.228988000000000
0.223962000000000
0.219714000000000
0.216215000000000
0.212965000000000
0.210423000000000
0.208425000000000
0.206900000000000
0.205973000000000
0.205630000000000
0.205840000000000
0.206568000000000
0.207883000000000
0.209784000000000
0.212051000000000
0.215105000000000
0.218538000000000
0.222377000000000
0.227062000000000
0.231822000000000
0.237224000000000
0.243145000000000
0.248993000000000
0.255644000000000
0.239954000000000
0.245892000000000
0.252341000000000
0.258943000000000
0.265435000000000
0.272881000000000
0.280505000000000
0.288862000000000
0.299063000000000
0.310123000000000
0.324015000000000
0.341134000000000
0.360986000000000
0.386759000000000
0.417787000000000
0.452963000000000
0.498952000000000
0.548331000000000
0.605218000000000
0.671021000000000
0.737302000000000
0.810809000000000
0.886191000000000
0.958168000000000
1.03560500000000
1.10630910000000
1.16971000000000
1.22786000000000
1.27377100000000
1.31274100000000
1.34609000000000
1.37153490000000
1.39485600000000
1.41379000000000
1.43005000000000
1.44635500000000
1.46083500000000
1.47508000000000
1.48946400000000
1.50204690000000
1.51404200000000
1.52435000000000
1.53231800000000
1.53927300000000
1.54354890000000
1.54685800000000
1.54887900000000
1.54967500000000
1.54914800000000
1.54712800000000
1.54384990000000
1.53889410000000
1.53304000000000
1.52610100000000
1.51799400000000
1.50986800000000
1.50111100000000
1.49165110000000
1.48268800000000
1.47305100000000
1.46351600000000
1.45416500000000
1.44390200000000
1.43479000000000
1.42518790000000
1.41522400000000
1.40612700000000
1.39653100000000
1.38709900000000
1.37844000000000
1.36883600000000
1.36025090000000
1.35177000000000
1.34317510000000
1.33579500000000
1.32833700000000
1.32163300000000
1.31588100000000
1.31042800000000
1.30620000000000
1.30299100000000
1.30051100000000
1.29971600000000
1.30006190000000
1.30169200000000
1.30466700000000
1.30970800000000
1.31589900000000
1.32426300000000
1.33468290000000
1.34645700000000
1.36078300000000
1.37740500000000
1.39499290000000
1.41690300000000
1.43955800000000
1.46506090000000
1.49421600000000
1.52423200000000
1.55857900000000
1.59574790000000
1.63362800000000
1.67872000000000
1.72371300000000
1.77342000000000
1.82844400000000
1.88254800000000
1.94468100000000
2.00735310000000
2.07000800000000
2.14241290000000
2.21215700000000
2.28256010000000
2.35677410000000
2.42579390000000
2.49456910000000
2.56235690000000
2.62435290000000
2.68136910000000
2.73408100000000
2.77574710000000
2.82399300000000
2.85111000000000
2.88511900000000
2.91627310000000
2.93852590000000
2.95093700000000
2.97513890000000
2.98690800000000
3.00782300000000
3.01976700000000
3.03907700000000
3.05273890000000
3.06495310000000
3.07003190000000
3.08999200000000
3.09635310000000
3.10997200000000
3.11422800000000
3.12246890000000
3.12968900000000
3.14814090000000
3.14896110000000
3.16491890000000
3.16857290000000
3.17292090000000
3.16877700000000
3.18666290000000
3.17634610000000
3.18517990000000
3.19324900000000
3.19454190000000
3.20520400000000
3.20716690000000
3.20491100000000
3.20845790000000
3.22208000000000
3.21367190000000
3.22722510000000
3.21516110000000
3.23525600000000
3.22998310000000
3.24172000000000
3.24847700000000
3.25803590000000
3.24494100000000
3.24840000000000
3.26073410000000
3.25599500000000
3.27082710000000
3.26794600000000
3.28527900000000
3.26239300000000
3.28888800000000
3.28798600000000
3.28813510000000
3.29768110000000
3.30092410000000
3.31005310000000
3.30469200000000
3.30736490000000
3.30856800000000
3.31482290000000
3.32019500000000
3.31121900000000
3.32824710000000
3.32800890000000
3.33302900000000
3.34274600000000
3.33403110000000
3.35072300000000
3.32840990000000
3.33321000000000
3.35158490000000
3.32300000000000
3.34275790000000
3.33251810000000
3.31095290000000
3.32555200000000
3.31173610000000
3.30169010000000
3.29809590000000
3.29477410000000
3.31236000000000
3.29397010000000
3.30756000000000
3.29406600000000
3.30977110000000
3.31177590000000
3.30352310000000
3.31092190000000
3.31912900000000
3.34852500000000
3.34852290000000
3.35700610000000
3.37444590000000
3.35531900000000
3.39142300000000
3.40125110000000
3.40529800000000
3.41794400000000
3.42335610000000
3.40812900000000
3.43024300000000
3.43926600000000
3.42440010000000
3.45879290000000
3.44961910000000
3.43820690000000
3.44656990000000
3.45170810000000
3.46576000000000
3.45201210000000
3.47840690000000
3.46539810000000
3.44854590000000
3.47447300000000
3.43975090000000
3.47521500000000
3.45313000000000
3.47587990000000
3.45415310000000
3.46338700000000
3.47275710000000
3.46120600000000
3.46391700000000
3.47635700000000
3.48161200000000
3.47628090000000
3.49072600000000
3.46555300000000
3.49864700000000
3.48875810000000
3.46737500000000
3.49692510000000
3.48582100000000
3.51127200000000
3.49559900000000
3.50543690000000
3.52723500000000
3.52087310000000
3.50587510000000
3.54015210000000
3.54045390000000
3.55108500000000
3.54776000000000
3.52123000000000
3.55666210000000
3.52166800000000
3.56786300000000
3.55105590000000
3.57765290000000
3.55597400000000
3.55705900000000
3.57538510000000
3.54442910000000
3.57309700000000
3.56058190000000
3.57296110000000
3.56885410000000
3.55566810000000
3.54617000000000
3.55730300000000
3.51634310000000
3.53585790000000
3.51494410000000
3.52459500000000
3.51351500000000
3.50399990000000
3.48961900000000
3.48177190000000
3.46791700000000
3.46618100000000
3.46646000000000
3.43699790000000
3.43692710000000
3.42979500000000
3.41540410000000
3.39850810000000
3.39024810000000
3.39058710000000
3.38886090000000
3.37348290000000
3.36054210000000
3.33502790000000
3.31932000000000
3.31132600000000
3.28229400000000
3.25847010000000
3.25299910000000
3.25292210000000
3.25010900000000
3.25524590000000
3.26854300000000
3.28979800000000
3.29728600000000
3.29220800000000
3.28362010000000
3.29557800000000
3.30622600000000
3.30327510000000
3.29986810000000
3.29670690000000
3.30947590000000
3.31582690000000
3.32172700000000
3.32603100000000
3.33515810000000
3.33719210000000
3.34631610000000
3.38748500000000
3.36176110000000
3.37172600000000
3.37990000000000
3.39714910000000
3.40680410000000
3.40022300000000
3.40531400000000
3.43982910000000
3.46282290000000
3.48326710000000
3.46838090000000
3.53083400000000
3.54571800000000
3.56700110000000
3.62921910000000
3.68156100000000
3.67918490000000
3.72001700000000
3.78890400000000
3.78574710000000
3.83622290000000
3.83301500000000
3.87621310000000
3.84068200000000
3.78747300000000
3.81759600000000
3.82339690000000
3.78272100000000
3.83768390000000
3.76945400000000
3.79555610000000
3.82214500000000
3.79412600000000
3.76896500000000
3.77450300000000
3.77685500000000
3.71323700000000
3.77544500000000
3.75960490000000
3.74918510000000
3.70737100000000
3.79189990000000
3.76434210000000
3.77097800000000
3.71575690000000
3.70215510000000
3.74109200000000
3.69592910000000
3.78273010000000
3.70880600000000
3.74794700000000
3.73302600000000
3.71835590000000
3.71839900000000
3.71760390000000
3.68874500000000
3.71896700000000
3.70151590000000
3.74032400000000
3.68391200000000
3.67489600000000
3.67326090000000
3.71052500000000
3.67300610000000
3.65922590000000
3.70791200000000
3.71377990000000
3.66685890000000
3.67194200000000
3.74190000000000
3.69029400000000
3.70738600000000
3.71418690000000
3.66337800000000
3.68037890000000
3.72305800000000
3.74234290000000
3.75742100000000
3.71343900000000
3.74125100000000
3.71453910000000
3.74548010000000
3.69450210000000
3.72494100000000
3.73171400000000
3.75134710000000
3.78861400000000
3.63005900000000
3.70386910000000
3.73467300000000
3.63974500000000
3.69238710000000
3.68947790000000
3.69423200000000
3.65697290000000
3.74381400000000
3.69959090000000
3.71273710000000
3.66864490000000
3.65860300000000
3.74769000000000
3.68334700000000
3.64399500000000
3.67897610000000
3.63281010000000
3.62951110000000
3.64252310000000
3.60389300000000
3.60341500000000
3.61840700000000
3.53884290000000
3.55562090000000
3.60191300000000
3.56542110000000
3.58284810000000
3.56375410000000
3.53834010000000
3.52497790000000
3.55812100000000
3.50001790000000
3.50277810000000
3.48824100000000
3.49344490000000
3.44733910000000
3.49733500000000
3.48620510000000
3.46821000000000
3.47683310000000
3.46163390000000
3.47017290000000
3.43901300000000
3.47722600000000
3.47310810000000
3.42887500000000
3.44838000000000
3.43751910000000
3.41929790000000
3.42525910000000
3.42284890000000
3.45640300000000
3.40625000000000
3.40790010000000
3.40036510000000
3.37707090000000
3.38519810000000
3.40348510000000
3.40388800000000
3.38741490000000
3.35431500000000
3.40072800000000
3.36913700000000
3.35873790000000
3.35708690000000
3.37614390000000
3.37173600000000
3.31119990000000
3.32648210000000
3.33570600000000
3.33361510000000
3.34803100000000
3.34329700000000
3.32039000000000
3.34576890000000
3.34951400000000
3.34710690000000
3.32740400000000
3.39557000000000
3.33970400000000
3.35894800000000
3.38771800000000
3.36712000000000
3.36030290000000
3.37347010000000
3.37814090000000
3.38699290000000
3.41942910000000
3.39080810000000
3.38298800000000
3.35134910000000
3.36594200000000
3.37673810000000
3.37791990000000
3.39106390000000
3.37834000000000
3.39634490000000
3.40928510000000
3.38865710000000
3.38627510000000
3.39794990000000
3.37823610000000
3.39705200000000
3.37416600000000
3.42940690000000
3.36721300000000
3.40504000000000
3.42067000000000
3.38814210000000
3.44152090000000
3.44727990000000
3.45899200000000
3.45600700000000
3.43625400000000
3.40772010000000
3.51005510000000
3.45630000000000
3.47336010000000
3.49665690000000
3.49595090000000
3.45331810000000
3.49421100000000
3.54007600000000
3.53673100000000
3.46208410000000
3.53456210000000
3.53851010000000
3.58691910000000
3.58869790000000
3.57145190000000
3.58644200000000
3.60621000000000
3.56383610000000
3.55120710000000
3.47718810000000
3.66793390000000
3.58535910000000
3.51676890000000
3.65400100000000
3.60663700000000
3.58401200000000
3.56712390000000
3.62720300000000
3.70796990000000
3.60705590000000
3.60066100000000
3.62720890000000
3.62898990000000
3.60199000000000
3.56804300000000
3.59817500000000
3.62167410000000
3.70540690000000
3.59251000000000
3.57523990000000
3.59906910000000
3.61849190000000